0b000401 0b001a01 10000 100 3103 2000070813 17023 16903
0b000b01 0b001101 10000 100 78615 2000062983 29766 23232
0b000601 0b001801 10000 100 4372 2000075321 23930 17008
0b000b01 0b001d01 10000 100 24103 2000103021 18785 18664
0b003001 0b003801 10000 100 27315 2000116076 14741 14772
0b002d01 0b003101 10000 100 6920 2000121982 18242 17220
0b003401 0b003101 10000 100 60457 2000174862 13349 13390
0b002401 0b003401 10000 100 28285 2000171751 19051 19014
0b003101 0b002201 10000 100 43853 2000179451 64553 20317
0b001d01 0b000601 10000 100 40359 2000218056 26332 20026
0b000401 0b001701 10000 100 519201 2000203944 67323 60172
0b001f01 0b001b01 10000 100 33532 2000223597 97525 11133
0b002601 0b002301 10000 100 46239 2000317949 12155 12199
0b002a01 0b003601 10000 100 649 2000317513 16575 16695
0b003401 0b003201 10000 100 4012 2000340355 8609 8660
0b000201 0b000401 10000 100 1048217 2000192940 188868 96205
0b002e01 0b002b01 10000 100 3042 2000433054 8527 8578
0b002701 0b002901 10000 100 120624 2000410532 32585 22594
0b002601 0b002101 10000 100 339136 2000399875 46893 36756
0b002d01 0b002f01 10000 100 4346874 2000094800 369812 368602
0b002b01 0b003601 10000 100 35757 2000417189 50104 19638
0b000a01 0b000c01 10000 100 3294891 2000167572 308055 284564
0b000e01 0b000501 10000 100 14423 2000484324 38988 13691
0b002601 0b002801 10000 100 68474 2000519784 18288 18222
0b002a01 0b003b01 10000 100 1155547 2000127605 430146 113522
0b000301 0b001801 10000 100 21610 2000434574 151114 18453
0b002801 0b002501 10000 100 64156 2000572070 17836 17862
0b003101 0b003d01 10000 100 5366 2000577530 13407 12932
0b000e01 0b000f01 10000 100 15109 2000608408 5365 5430
0b001201 0b001f01 10000 100 199320 2000502738 125626 29193
0b000001 0b000c01 10000 100 32692 2000641270 16366 15222
0b002901 0b002e01 10000 100 346750 2000648442 38088 37392
0b002a01 0b002901 10000 100 783993 2000576425 138189 69890
0b001c01 0b001401 10000 100 1321439 2000361837 445706 123271
0b000501 0b000c01 10000 100 64923 2000756192 56019 17923
0b001401 0b000a01 10000 100 25359 2000695229 117280 18768
0b002d01 0b002201 10000 100 949846 2000679153 143256 92115
0b002201 0b000a01 10000 100 34127 2000024875 821165 819524
0b003a01 0b003401 10000 100 9255 2000841131 14063 13258
0b002b01 0b002501 10000 100 12188 2000873046 13606 13504
0b001d01 0b002f01 10000 100 3805 2000063796 826597 816979
0b001001 0b001701 10000 100 640341 2000819406 99245 62008
0b001701 0b002001 10000 100 4817 2000117362 817443 817064
0b002e01 0b002d01 10000 100 24775 2000938318 6174 6238
0b001201 0b001a01 10000 100 8351 2000933863 13355 13182
0b001401 0b000c01 10000 100 1981393 2000390911 559377 182762
0b000601 0b000f01 10000 100 28424 2000794454 155842 14865
0b001e01 0b003d01 10000 100 79267 2000059210 914613 823308
0b003f01 0b003101 10000 100 7182 2000977540 15945 13085
0b003e01 0b003d01 10000 100 98827 2000989570 12394 12446
0b002a01 0b003001 10000 100 73115 2000769484 281763 22773
0b003a01 0b003601 10000 100 63110 2001032396 21059 17774
0b002301 0b000201 10000 100 27502 2000144563 931912 818967
0b000101 0b001501 10000 100 142184 2000555149 557572 28563
0b000401 0b003c01 10000 100 537640 2000136696 980260 861737
0b002801 0b000e01 10000 100 15605 2000256804 876419 817969
0b003501 0b001801 10000 100 28356 2000075428 1069147 819039
0b000601 0b002201 10000 100 15554 2000090597 1058871 817965
0b002101 0b002701 10000 100 20763 2001164329 10156 10061
0b000501 0b000601 10000 100 32580 2001167067 9877 6893
0b002001 0b001901 10000 100 77844 2000257342 932554 823187
0b002d01 0b003a01 10000 100 24825 2000739507 452875 18722
0b001501 0b003801 10000 100 115410 2000168223 1028724 826338
0b000d01 0b002c01 10000 100 65731 2000351186 874596 822171
0b002101 0b000501 10000 100 66234 2000409598 825080 822216
0b002701 0b003901 10000 100 1829 2000931510 308880 16794
0b000f01 0b002c01 10000 100 59400 2000297965 951179 821642
0b002401 0b002c01 10000 100 5582 2001253991 14086 12949
0b001e01 0b003801 10000 100 4290 2000164051 1157000 817022
0b002901 0b001d01 10000 100 170539 2000317706 1007307 830959
0b002001 0b003701 10000 100 17012 2001156761 177227 18070
0b002e01 0b000c01 10000 100 74897 2000372538 986992 822939
0b000301 0b000101 10000 100 2874628 2001102149 266650 245170
0b003f01 0b000a01 10000 100 6785 2000415408 967440 817229
0b000c01 0b000201 10000 100 4848012 2000635675 749812 418941
0b000301 0b002001 10000 100 5957 2000578779 824378 817159
0b001801 0b002f01 10000 100 1954187 2000211132 1205913 980502
0b000e01 0b000001 10000 100 35911 2001211923 209904 15491
0b003301 0b001c01 10000 100 32073 2000046042 1382074 819352
0b001c01 0b001401 10001 100 1618794 2000643044 790751 148200
0b000401 0b000901 10000 100 182492 2001367788 75379 27782
0b003701 0b002001 10000 100 21699 2000840804 606146 18460
0b000401 0b000201 10000 100 6452626 2000409139 1048333 549309
0b002901 0b002e01 10001 100 2843745 2000999365 485897 246740
0b003401 0b003601 10000 100 110921 2001487974 16266 13459
0b002601 0b000e01 10000 100 1111869 2000215321 1304443 909879
0b001001 0b001501 10000 100 20844 2001430286 105935 10068
0b003d01 0b001001 10000 100 38308 2000294679 1252097 819874
0b001401 0b001501 10000 100 20161 2001551452 7572 5853
0b001e01 0b001001 10000 100 20498 2001531792 43557 14200
0b002f01 0b000a01 10000 100 1957 2000750259 859891 816824
0b003e01 0b003801 10000 100 1131728 2001007847 609686 103205
0b002001 0b001f01 10000 100 43760 2000542867 1084851 820329
0b002601 0b003d01 10000 100 8727 2001488498 153960 17372
0b000601 0b000d01 10000 100 62432 2001196434 459280 17716
0b002501 0b001a01 10000 100 2306130 2000079534 1607568 1010009
0b000101 0b000301 10000 100 22019 2001680857 7835 6009
0b003401 0b000501 10000 100 22276 2000743788 948427 818530
0b000301 0b003e01 10000 100 2105 2000345267 1353049 816839
0b002101 0b002301 10000 100 78659 2001702948 10709 10756
0b002301 0b003301 10000 100 25733 2001545398 176972 18798
0b001701 0b003201 10000 100 49613 2000519648 1202903 820821
0b003501 0b000701 10000 100 1306926 2000536507 1194442 926232
0b002901 0b002b01 10000 100 24495 2001764404 8265 6215
0b003a01 0b003e01 10000 100 1086 2001544909 232995 8414
0b002901 0b001301 10000 100 179578 2000483619 1295173 831717
0b003901 0b000b01 10000 100 2959158 2000224320 1556665 1064759
0b000501 0b002e01 10000 100 16831 2000926796 863118 818071
0b002401 0b000a01 10000 100 401112 2000616631 1173999 850292
0b002901 0b003201 10000 100 695449 2000786061 1008772 74948
0b001801 0b003501 10000 100 28774 2000584048 1231497 819073
0b000101 0b000d01 10000 100 2549 2001822230 15799 12695
0b002a01 0b002d01 10000 100 2977 2001632623 210032 8569
0b001e01 0b002a01 10000 100 2480841 2000145498 1709235 1024654
0b002001 0b002b01 10000 100 30933 2001648337 218105 15073
0b002401 0b000401 10000 100 75029 2000680367 1198857 822954
0b000d01 0b002f01 10000 100 4215 2000397453 1482651 817016
0b000401 0b000f01 10000 100 1262774 2001716259 171341 118351
0b003101 0b002101 10000 100 22814 2001063736 824538 18553
0b002a01 0b003501 10000 100 4258590 2000421766 1519823 373681
0b000101 0b003d01 10000 100 20259 2000813267 1162361 818361
0b002d01 0b002b01 10000 100 6173 2001983049 8853 8840
0b000a01 0b001d01 10000 100 20623 2000725375 1268961 18370
0b000701 0b003601 10000 100 4964449 2000022568 1977724 1232881
0b003501 0b001401 10000 100 23660 2000642523 1409495 818644
0b001e01 0b001301 10000 100 5773592 2001246699 808144 496539
0b002201 0b000d01 10000 100 30206 2000363898 1714837 819195
0b003301 0b003701 10000 100 41536 2002081350 13527 11804
0b003b01 0b001401 10000 100 1383757 2000275752 1828646 932675
0b000701 0b003301 10000 100 5380 2000460597 1645791 817113
0b000101 0b002101 10000 100 136057 2000837435 1289579 828070
0b000f01 0b000b01 10000 100 16592 2002127181 16062 9712
0b001401 0b003301 10000 100 5401 2000621418 1563610 817115
0b000501 0b002801 10000 100 1769034 2000322231 1889574 964979
0b001201 0b001a01 10001 100 36152 2002200193 16220 15514
0b000701 0b002101 10000 100 48208 2000863304 1358955 820704
0b003601 0b003a01 10000 100 68972 2002205430 36036 18262
0b000d01 0b000901 10000 100 52894 2002273237 12711 12755
0b002401 0b002301 10000 100 6008 2002280285 9271 8827
0b001d01 0b000101 10000 100 53807 2000955988 1370817 21151
0b002f01 0b003501 10000 100 393768 2001387219 966229 49654
0b003801 0b003b01 10000 100 3805 2002376673 4544 4479
0b003801 0b003e01 10000 100 705493 2001842649 550932 67470
0b000101 0b000901 10000 100 600398 2002343521 65284 62819
0b002701 0b002801 10000 100 617787 2002246587 162469 64276
0b003101 0b002101 10001 100 71165 2001459543 963363 22609
0b003e01 0b000901 10000 100 5512 2001380723 1083031 817124
0b000c01 0b000f01 10000 100 76669 2002453887 10533 10589
0b000501 0b000e01 10000 100 49048 2002447184 31495 16595
0b001401 0b000401 10000 100 1360598 2000963370 1519716 130714
0b003301 0b001101 10000 100 812969 2000788253 1705581 884819
0b003501 0b002101 10000 100 131757 2001577928 921986 27687
0b000401 0b003201 10000 100 724204 2000600851 1903224 877380
0b003101 0b003301 10000 100 1265068 2002395610 111581 110226
0b002201 0b003601 10000 100 44989 2001604474 910694 20411
0b002b01 0b001d01 10000 100 25754 2000289029 2268539 818820
0b001901 0b000001 10000 100 3416 2000758913 1813393 16928
0b000101 0b000601 10000 100 9477672 2001394492 1191868 802929
0b000501 0b000b01 10000 100 66132 2002602930 18218 18027
0b002501 0b003001 10000 100 1344 2001598969 1047406 16755
0b003801 0b000c01 10000 100 3842 2000857551 1793266 816982
0b001001 0b001701 10001 100 74464 2002541349 154993 14565
0b002a01 0b000f01 10000 100 40403 2001284405 1415580 820049
0b002c01 0b000b01 10000 100 1977658 2001541723 1170954 982468
0b000201 0b000301 10000 100 4573 2002721971 4958 4545
0b002601 0b000301 10000 100 8545 2000775942 1982314 817378
0b000b01 0b003201 10000 100 24349 2000878929 1908470 818703
0b002e01 0b002701 10000 100 8949 2002763208 29716 13230
0b002c01 0b002201 10000 100 195150 2002753327 43865 28844
0b003901 0b001201 10000 100 3741 2001051941 1796310 816974
0b002e01 0b000d01 10000 100 24702 2000830099 2026345 818732
0b003301 0b000e01 10000 100 61786 2001328210 1553193 821840
0b003201 0b000201 10000 100 1799406 2000684845 2198051 967524
0b003701 0b000301 10000 100 413 2001566437 1325686 816696
0b001901 0b000b01 10000 100 72414 2001129968 1787034 22713
0b001301 0b003701 10000 100 68142 2001087220 1830401 822376
0b003001 0b002a01 10000 100 1531937 2001602982 1317625 145077
0b001b01 0b002d01 10000 100 1091 2001045937 1889437 816754
0b000101 0b000c01 10000 100 691697 2002697684 237997 70473
0b002701 0b002401 10000 100 46382 2002932885 8051 8051
0b000201 0b003701 10000 100 5378993 2000030015 2913226 1267634
0b001801 0b000a01 10000 100 415 2001662742 1308629 16677
0b003b01 0b000b01 10000 100 179028 2000988055 1996132 831673
0b001601 0b001101 10000 100 22232 2002813214 195390 10186
0b000f01 0b002f01 10000 100 52467 2001065597 1953367 821060
0b001d01 0b001901 10000 100 139400 2002443917 593530 20009
0b000201 0b003201 10000 100 2069 2000204682 2838476 816837
0b003b01 0b003c01 10000 100 6335 2002696240 409905 8853
0b000d01 0b000701 10000 100 95367 2003097938 34250 20478
0b000601 0b002901 10000 100 1829871 2001138328 2000337 970076
0b002e01 0b002501 10000 100 25308 2003032305 113504 14604
0b000f01 0b000401 10000 100 311565 2003042184 105367 38603
0b000201 0b000501 10000 100 59151 2002963155 184423 13282
0b002201 0b002001 10000 100 55574 2003147416 8930 8820
0b002801 0b000001 10000 100 17269 2001918308 1264946 818110
0b000501 0b002301 10000 100 12940 2000963504 2245116 817745
0b003f01 0b002201 10000 100 28282 2001546660 1667280 19013
0b001001 0b001c01 10000 100 20222 2003036217 182085 14178
0b002b01 0b002701 10000 100 175127 2002790186 460732 27166
0b000a01 0b002b01 10000 100 4871 2001450755 1808589 817068
0b000701 0b002d01 10000 100 74521 2001568187 1696557 822909
0b001501 0b003301 10000 100 10114 2001042639 2230036 817511
0b001401 0b001201 10000 100 4736031 2002291168 996681 405392
0b000d01 0b002001 10000 100 177036 2001315195 2001368 831506
0b000601 0b001601 10000 100 26255 2002263570 1053257 18844
0b000901 0b001701 10000 100 65967 2001775036 1544047 22170
0b000101 0b002d01 10000 100 307225 2001191713 2161296 842420
0b002d01 0b001b01 10000 100 540632 2001838326 1561283 861988
0b000001 0b001201 10000 100 28060 2001379121 2026333 18996
0b000e01 0b001501 10000 100 3356 2002105428 1359145 16923
0b002e01 0b002201 10000 100 12882 2003468559 23890 13560
0b002201 0b002a01 10000 100 148293 2003529887 66722 24915
0b000601 0b003c01 10000 100 25222 2000663690 2944432 818777
0b002301 0b002b01 10000 100 810667 2003430975 204046 80447
0b001b01 0b002301 10000 100 6152 2001621056 2017379 817179
0b002a01 0b003801 10000 100 55238 2001288673 2354685 21274
0b000601 0b001e01 10000 100 10465 2001445701 2199517 17519
0b003401 0b001601 10000 100 802757 2001142543 2507360 883964
0b000401 0b003901 10000 100 160936 2001648181 2014212 830153
0b002501 0b002a01 10000 100 295 2003257941 412548 12507
0b001201 0b002e01 10000 100 14545 2001330068 2342250 817881
0b002301 0b002f01 10000 100 9411350 2002476758 1196539 801530
0b002e01 0b002201 10001 100 48219 2003693242 45627 16525
0b001401 0b000b01 10000 100 63076 2001548822 2203101 21931
0b002201 0b001701 10000 100 60597 2001643216 2109767 821742
0b002401 0b002801 10000 100 28367 2003351053 408728 14860
0b002901 0b002001 10000 100 1252 2003326362 456715 12587
0b002c01 0b001701 10000 100 163608 2002164928 1636574 830378
0b001701 0b002601 10000 100 49062 2002383991 1420449 820776
0b003001 0b002101 10000 100 7309 2002261719 1563634 17255
0b002301 0b002901 10000 100 2032783 2003182177 705550 182909
0b001801 0b000501 10000 100 19804 2002707457 1210124 18301
0b001f01 0b000301 10000 100 1427 2002717565 1234332 16761
0b002301 0b000e01 10000 100 41793 2002741608 1227935 820164
0b000301 0b000b01 10000 100 74993 2003733463 268822 18767
0b002c01 0b000601 10000 100 72033 2001850868 2176541 822702
0b001701 0b002701 10000 100 975385 2001449501 2591443 898438
0b002201 0b000f01 10000 100 4546 2001132413 2924424 817042
0b003001 0b003401 10000 100 5795 2003886844 212981 8806
0b000501 0b001e01 10000 100 30157 2002488810 1615347 19171
0b000f01 0b001a01 10000 100 37761 2003049541 1069240 19806
0b000a01 0b000501 10000 100 8393043 2002513269 1607177 716156
0b001501 0b003d01 10000 100 870 2001508738 2639090 816733
0b003d01 0b003a01 10000 100 399020 2004104358 55000 41777
0b001701 0b001101 10000 100 425014 2003850288 326152 43956
0b002d01 0b003d01 10000 100 71878 2002102126 2084353 22666
0b001e01 0b001a01 10000 100 29138 2003584009 613584 10766
0b000001 0b002b01 10000 100 42846 2001257720 2944050 820252
0b003101 0b003201 10000 100 487169 2004153050 55359 45007
0b000b01 0b000301 10000 100 1841915 2003827784 380924 166906
0b003801 0b000b01 10000 100 24670 2001760573 2459747 818729
0b001601 0b001501 10000 100 4286185 2003856389 368322 363516
0b002d01 0b001f01 10000 100 4500 2001499718 2742088 817039
0b001001 0b000701 10000 100 7009205 2000414589 3845813 604294
0b003201 0b003401 10000 100 141821 2003934377 329298 20210
0b000601 0b000201 10000 100 68928 2004212980 65149 14099
0b001901 0b002901 10000 100 63639 2001821807 2509286 821996
0b003701 0b003b01 10000 100 100545 2003828627 509126 20911
0b000a01 0b000901 10000 100 9535121 2003451207 901981 803587
0b000c01 0b000101 10000 100 5995064 2003147520 1215509 515109
0b000301 0b000101 10001 100 813 2004372029 4146 4228
0b003601 0b000401 10000 100 55402 2001642673 2739597 821307
0b000a01 0b001e01 10000 100 2707211 2000953076 3444161 243615
0b001201 0b003601 10000 100 57195 2001743988 2660807 821458
0b002d01 0b000301 10001 100 27663 2002771735 1641970 818980
0b000001 0b002401 10000 100 56004 2002129290 2309263 821359
0b003f01 0b001101 10000 100 179638 2001211173 3231470 831722
0b000b01 0b000f01 10000 100 683781 2003244399 1201716 65649
0b003401 0b003001 10000 100 8476346 2002886328 1606844 718979
0b003001 0b003c01 10000 100 54520 2004475810 20489 17052
0b000101 0b000e01 10000 100 75002 2004016030 512782 18772
0b002801 0b001d01 10000 100 13283 2002021758 2517914 817776
0b000e01 0b000701 10000 100 1690618 2004273217 272318 154222
0b000001 0b000901 10000 100 9607990 2002392589 2153897 818013
0b000401 0b002a01 10000 100 19330 2002274024 2288375 818283
0b003201 0b000201 10001 100 1001033 2000911837 3659850 900590
0b000601 0b000d01 10001 100 21532 2003705610 868914 14287
0b000001 0b001f01 10000 100 1057 2002171805 2406726 16732
0b000b01 0b000201 10000 100 5872676 2002848304 1732461 504846
0b000701 0b003901 10000 100 222685 2001795090 2786167 835331
0b001601 0b003901 10000 100 4203578 2001287119 3296824 1169089
0b003d01 0b001d01 10000 100 16801 2002425504 2165418 818069
0b003401 0b001001 10000 100 106803 2002087452 2641344 825615
0b000301 0b000401 10000 100 154230 2004242704 488893 21253
0b003a01 0b001f01 10001 100 35915 2002004250 2793178 819671
0b002801 0b000e01 10001 100 3363087 2001339780 3480907 1098624
0b002e01 0b001c01 10000 100 28266 2001899105 2931397 819032
0b002601 0b002c01 10000 100 3765214 2004145583 708976 328158
0b001401 0b000301 10000 100 93522 2002631440 2238349 24482
0b002701 0b002101 10000 100 2885 2004346638 523391 8562
0b003401 0b000101 10000 100 89660 2001994543 2883419 824178
0b003301 0b002b01 10000 100 25607 2002179094 2705926 18788
0b003e01 0b003801 10001 100 948681 2004194934 695583 87858
0b000e01 0b001d01 10001 100 95557 2002891318 2076753 24653
0b001b01 0b001f01 10000 100 6611 2004330321 671890 8875
0b002e01 0b002a01 10000 100 72999 2004510380 506659 14440
0b000201 0b003701 10001 100 20304 2001943142 3114125 818364
0b000e01 0b000d01 10000 100 811628 2005004228 87523 72208
0b002901 0b003c01 10000 100 37484 2002867338 2244253 19784
0b003a01 0b002e01 10000 100 360606 2000973715 4138024 46874
0b003d01 0b003901 10000 100 121755 2004579169 549620 18528
0b003d01 0b001a01 10000 100 38758 2002026953 3120833 819910
0b002301 0b000401 10000 100 63524 2002318686 2853270 821987
0b002001 0b003f01 10000 100 25180 2001975927 3213493 18754
0b001f01 0b002b01 10000 100 1535938 2001292343 3916017 945433
0b002301 0b001f01 10000 100 3103 2002746251 2481652 816923
0b000601 0b000301 10000 100 701898 2004810508 425447 67167
0b000301 0b000501 10000 100 57283 2004990697 253397 13125
0b003901 0b000a01 10000 100 48967 2001800393 3458302 820765
0b001301 0b000701 10000 100 219675 2002344491 2926855 35058
0b001701 0b000e01 10000 100 28984 2002029309 3249066 19070
0b000401 0b000b01 10000 100 45249 2004887214 392733 16276
0b003701 0b001601 10000 100 3721549 2001571713 3717114 1128676
0b003101 0b001401 10000 100 39292 2002386448 2915607 819956
0b001401 0b000801 10000 100 72336 2003406338 1904518 22707
0b001b01 0b001301 10000 100 60388 2005135442 184514 17545
0b000a01 0b000f01 10000 100 60120 2005166164 234839 13363
0b002f01 0b003d01 10000 100 534351 2003081894 2320163 61442
0b000301 0b000c01 10000 100 988429 2004743912 660697 95352
0b001201 0b003601 10001 100 9327 2002702161 2703430 817444
0b002c01 0b000401 10000 100 26629 2001725587 3684482 818894
0b003e01 0b001e01 10000 100 4082 2002444892 2976127 817005
0b000a01 0b000801 10000 100 5503041 2004777503 650479 465538
0b002801 0b002701 10001 100 5523776 2003569773 1898745 475594
0b002d01 0b003601 10000 100 7805 2003109365 2364789 17295
0b003601 0b003501 10000 100 1518 2005479649 4375 4289
0b003d01 0b002b01 10000 100 63792 2003545786 1941533 21989
0b002101 0b000101 10000 100 4186 2002944798 2546510 817014
0b003301 0b003f01 10000 100 17835 2005254337 239962 13975
0b002a01 0b002101 10000 100 15391896 2002070257 3424221 1302936
0b001901 0b000b01 10001 100 14843 2002383213 3111485 17885
0b002a01 0b003d01 10000 100 57634 2003814388 1680584 21473
0b001001 0b000d01 10000 100 28052 2003190480 2306824 18995
0b000001 0b000301 10000 100 8727 2005506925 4842 4892
0b003201 0b000101 10000 100 373656 2002417399 3097329 847988
0b001e01 0b000601 10000 100 43324 2003905038 1617887 20274
0b002101 0b001c01 10000 100 7395 2003469850 2053402 817282
0b002301 0b001b01 10000 100 781 2002962231 2567389 816726
0b000101 0b000d01 10001 100 1528904 2004660719 869019 140663
0b000601 0b000101 10000 100 92252 2005520391 18878 16057
0b003a01 0b001f01 10002 100 8376 2002274206 3271419 817364
0b003d01 0b003b01 10000 100 4873352 2004582924 1014251 416904
0b002401 0b001001 10000 100 72532 2002923158 2687501 822742
0b002501 0b000001 10000 100 1707040 2003183689 2427341 959781
0b001401 0b001201 10001 100 20958 2005606843 13340 10077
0b002f01 0b001001 10000 100 3624354 2002355736 3322718 1120528
0b002e01 0b003501 10000 100 9851 2003545674 2136228 17466
0b003d01 0b003401 10000 100 4731 2005239792 471871 12877
0b000701 0b000301 10000 100 653721 2005399657 327635 63129
0b002c01 0b003401 10000 100 64553 2004384658 1365975 22053
0b001b01 0b001901 10000 100 3083753 2005185995 566642 262702
0b002201 0b001901 10000 100 3591 2002224167 3548899 816962
0b000101 0b000e01 10001 100 8876 2005413259 373762 13224
0b001001 0b001b01 10000 100 179880 2005261620 526561 27561
0b002d01 0b002901 10000 100 28151 2004989307 834971 10683
0b002a01 0b000601 10000 100 2043178 2001678880 4187294 987963
0b002501 0b003501 10000 100 25598 2003644002 2225164 18787
0b000401 0b002201 10000 100 52129 2002421903 3448065 821033
0b002d01 0b000301 10000 100 12890 2001605220 4286706 817741
0b000c01 0b000f01 10001 100 71573 2005907687 11114 10162
0b001001 0b003c01 10000 100 160473 2002990635 2952286 830116
0b001301 0b001201 10000 100 169 2005940829 4258 4177
0b001901 0b002b01 10000 100 4033 2003269307 2692536 817001
0b001001 0b001b01 10001 100 6373 2005939598 74311 13016
0b002801 0b000401 10001 100 9664 2002529145 3504130 817471
0b002401 0b000e01 10000 100 273669 2003852755 2249024 839605
0b000d01 0b000a01 10000 100 2531527 2005617439 509447 220565
0b002701 0b000101 10000 100 1263883 2002783696 3394384 922624
0b000801 0b002901 10000 100 13495 2002148953 4031757 817793
0b002a01 0b001e01 10000 100 78191 2003614600 2575092 823218
0b000d01 0b002001 10001 100 4215340 2002823461 3431042 1170076
0b001d01 0b002d01 10000 100 240935 2004175314 2120008 836860
0b002a01 0b001101 10000 100 26063 2003442724 2865108 818848
0b001b01 0b002c01 10001 100 2517 2002069670 4241663 816872
0b000e01 0b002901 10000 100 11940120 2001522684 4797572 1817723
0b003001 0b003501 10000 100 21223 2005615764 733550 10102
0b001a01 0b000d01 10001 100 21147 2004122189 2227964 18416
0b002601 0b000901 10000 100 1300930 2003183148 3167040 925730
0b002401 0b002f01 10000 100 33342 2006256363 94677 15277
0b000601 0b003701 10000 100 840485 2002615041 3759681 887128
0b000d01 0b000601 10000 100 32161 2006372428 20914 15179
0b000301 0b000101 10002 100 7065 2006389146 5452 4755
0b003b01 0b003e01 10000 100 52369 2006399460 35008 12713
0b002e01 0b002901 10000 100 3377409 2005732817 726501 291484
0b000701 0b002f01 10000 100 655738 2002299813 4168873 871638
0b001401 0b003201 10000 100 34596 2004087358 2391327 819562
0b000901 0b001601 10000 100 1421744 2003285018 3220282 135840
0b000f01 0b000b01 10001 100 8047 2006500873 9699 8998
0b000801 0b002101 10000 100 24011 2002593143 3925206 818676
0b001b01 0b001a01 10000 100 7391177 2005343233 1230393 623839
0b003301 0b003901 10000 100 22613 2005440226 1154635 14377
0b001f01 0b001901 10000 100 56871 2006566695 82600 13088
0b003501 0b001601 10000 100 28392 2003762132 2894595 819042
0b002801 0b003301 10000 100 97061 2004554109 2110546 24781
0b002901 0b002601 10000 100 20904 2006661069 78990 14232
0b001301 0b000f01 10000 100 75052 2003290293 3458300 22936
0b002f01 0b002c01 10000 100 1275844 2006659469 119766 111127
0b001f01 0b002301 10000 100 1269 2003557904 3257234 816769
0b000901 0b002d01 10000 100 1464318 2002974723 3843512 939431
0b001201 0b003601 10002 100 617016 2004052972 2766705 868394
0b001f01 0b001e01 10001 100 24346 2006861219 8412 6203
0b003901 0b001901 10000 100 3787 2004215788 2658762 816978
0b003601 0b003301 10000 100 3096832 2004629952 2278602 267959
0b000f01 0b001401 10000 100 17087 2003736716 3267221 18076
0b000701 0b002601 10000 100 29115 2002880508 4140021 819104
0b000a01 0b001101 10000 100 154248 2004095855 2940361 29575
0b000201 0b000301 10001 100 10638 2007046820 5070 5053
0b001801 0b003d01 10000 100 26984 2004420967 2677145 818922
0b001601 0b002501 10000 100 22287 2004811115 2302028 818531
0b002a01 0b001301 10000 100 793598 2003643632 3502776 883196
0b000301 0b003801 10000 100 4739003 2002684807 4477677 1213981
0b002f01 0b002001 10000 100 514317 2005636190 1539818 55602
0b000f01 0b001501 10000 100 5487 2004561644 2635456 17102
0b003c01 0b003d01 10000 100 1857041 2007000230 199071 159858
0b001901 0b001f01 10000 100 52404 2006347864 851955 12715
0b000301 0b000d01 10000 100 32083 2007094026 120162 15173
0b003501 0b002e01 10001 100 3772 2005161900 2056159 16957
0b003401 0b002501 10000 100 43930 2003013686 4204825 20323
0b001001 0b001101 10000 100 69390 2007208345 23453 9980
0b003c01 0b002501 10000 100 37012 2005683005 1550685 19746
0b003001 0b001b01 10000 100 49874 2003697589 3545718 820841
0b000101 0b001c01 10000 100 1538501 2004219141 3051239 145629
0b003401 0b002f01 10000 100 20 2004362883 2958130 16645
0b002201 0b000e01 10000 100 4816762 2003652489 3722765 1220498
0b000201 0b000301 10002 100 1568339 2007255799 140047 135652
0b003601 0b000101 10000 100 51571 2003885196 3546720 820985
0b002201 0b000701 10000 100 26431 2002843472 4590456 818878
0b002c01 0b000101 10000 100 80818 2003675759 3774933 823436
0b001801 0b001a01 10000 100 27643 2007470831 7203 6478
0b000e01 0b001801 10000 100 58136 2003731857 3761993 21517
0b001901 0b001c01 10000 100 48463 2006542570 951292 12385
0b000601 0b000101 10001 100 420464 2007202275 356974 43573
0b002a01 0b001d01 10000 100 4388 2003711378 3859226 817030
0b001a01 0b001e01 10000 100 8985 2007051843 529013 9073
0b002701 0b003e01 10000 100 55393 2004340916 3240096 21286
0b000a01 0b000d01 10000 100 25561 2007575950 11354 10464
0b002701 0b001201 10000 100 173409 2003446210 4151538 831200
0b001301 0b000f01 10001 100 20173 2005347817 2252546 18334
0b002e01 0b000d01 10001 100 2405669 2002716518 4890824 1018352
0b002001 0b003701 10001 100 100680 2004312678 3298880 25082
0b001d01 0b001e01 10000 100 132 2007622957 4092 4174
0b000501 0b003b01 10000 100 65708 2003217094 4412215 822170
0b001101 0b001201 10000 100 60910 2007626399 15083 9267
0b001b01 0b001801 10000 100 1498576 2007514220 131822 129802
0b000901 0b002c01 10000 100 22775 2001587859 6063498 818570
0b000b01 0b003b01 10000 100 108556 2002843889 4807498 825763
0b001d01 0b001701 10000 100 64394 2004667493 2988656 17881
0b001a01 0b001e01 10001 100 1457 2007299177 378055 8444
0b000301 0b000501 10001 100 989815 2006785251 898301 91306
0b001501 0b001601 10000 100 10557 2007680023 5035 5046
0b000f01 0b000401 10001 100 28196 2006439541 1249815 14847
0b002b01 0b000501 10000 100 6324 2004015585 3674087 817192
0b000b01 0b000d01 10000 100 2877 2007680043 15776 8561
0b003501 0b002701 10000 100 64807 2004307009 3424953 22074
0b001a01 0b000b01 10000 100 63241 2005188078 2575039 21945
0b003d01 0b001101 10000 100 19154 2005078558 2806552 818269
0b001401 0b001e01 10000 100 46830 2007649235 246356 16406
0b000001 0b000401 10000 100 7418 2007911238 11429 8944
0b000c01 0b002a01 10000 100 21609 2003844422 4104261 818473
0b001201 0b003c01 10001 100 72327 2005094216 2860035 822726
0b002801 0b002f01 10000 100 37482 2007210492 753263 11464
0b000d01 0b003a01 10000 100 97559 2003155839 4816833 824841
0b002901 0b003401 10000 100 25046 2005349161 2645344 18743
0b001f01 0b003c01 10000 100 1560 2005309582 2701330 816792
0b001501 0b001401 10000 100 1170 2008013270 4194 4261
0b001e01 0b002501 10000 100 175259 2004952422 3074788 831356
0b001501 0b001401 10001 100 9276 2008047251 4874 4940
0b000801 0b002801 10000 100 49444 2003618379 4438489 820807
0b000901 0b002201 10000 100 969002 2003248453 4817587 897904
0b000c01 0b002701 10000 100 3764 2003131583 4939541 816976
0b001a01 0b000f01 10000 100 23681 2004859732 3221350 18626
0b000d01 0b001901 10000 100 13315 2005075904 3068778 17758
0b000301 0b003401 10000 100 7031 2003988179 4206852 817253
0b000c01 0b000d01 10000 100 229904 2008177744 24832 23435
0b002f01 0b003601 10000 100 31704 2005688339 2518684 19299
0b001a01 0b000201 10000 100 67509 2002255991 5953723 22301
0b002f01 0b002801 10000 100 1322869 2008071918 145998 119229
0b000f01 0b003601 10000 100 22040 2003688404 4537512 818511
0b002901 0b003d01 10000 100 37061 2005213340 3065288 19750
0b003601 0b003e01 10000 100 8693 2007913948 364786 13210
0b002a01 0b002201 10000 100 4118 2007597092 723768 12828
0b001b01 0b003d01 10000 100 9339 2005533438 2806690 817445
0b001e01 0b001a01 10001 100 12276 2007570539 776217 9352
0b000d01 0b002f01 10001 100 756102 2003188919 5164111 880055
0b001401 0b000801 10001 100 5423 2005374155 2994752 17096
0b000b01 0b001b01 10000 100 3836 2004991442 3396503 16962
0b000501 0b000701 10000 100 1958930 2008210704 190202 168396
0b000e01 0b000b01 10000 100 957816 2008248567 183665 88624
0b002a01 0b002c01 10000 100 46044 2007708315 728068 12184
0b000301 0b002801 10000 100 63816 2004442119 4021387 822011
0b000001 0b000601 10000 100 36255 2007904315 570255 11362
0b002501 0b000f01 10000 100 23914 2004108900 4390243 818665
0b000801 0b002f01 10000 100 1344226 2005277008 3270938 929362
0b002c01 0b002601 10000 100 1004 2008555679 28488 12568
0b002801 0b002b01 10000 100 413626 2008527690 82119 38839
0b002201 0b002601 10000 100 23883 2008161939 466418 10322
0b002201 0b002401 10000 100 304550 2007257773 1371184 33855
0b001301 0b002701 10000 100 78041 2002995062 5634128 823206
0b002001 0b002601 10000 100 1525059 2008348939 282469 136184
0b000b01 0b003701 10000 100 255 2004178098 4464082 816684
0b000e01 0b002201 10000 100 531305 2004267877 4376413 861207
0b000401 0b000801 10001 100 23343 2008236495 426891 14439
0b001b01 0b001801 10001 100 9883218 2007717427 946089 832772
0b000801 0b002901 10001 100 21996 2003757835 4906578 818504
0b001501 0b001101 10000 100 1618802 2007787938 905064 144041
0b000e01 0b001801 10001 100 29500 2006342651 2352475 19115
0b002001 0b001201 10000 100 43787 2004270711 4459050 820331
0b002401 0b001401 10001 100 40658 2001894078 6838350 820070
0b000f01 0b000501 10000 100 51822 2008310735 450253 16825
0b000f01 0b002a01 10000 100 5662 2003796476 4971472 817136
0b000e01 0b003701 10000 100 7047 2003967333 4887804 817254
0b000f01 0b000b01 10002 100 1269701 2008682977 180434 114772
0b003001 0b001001 10000 100 63392 2005318803 3555713 821977
0b001401 0b000701 10000 100 137808 2005108023 3770483 28194
0b003d01 0b001e01 10000 100 7255 2003149359 5753269 817271
0b000601 0b001701 10000 100 21358 2005610021 3312384 18433
0b000601 0b003601 10000 100 14241 2004152885 4816108 817856
0b003801 0b001e01 10000 100 62305 2006040137 2942611 821886
0b000301 0b000901 10000 100 1644647 2004980123 4004007 150368
0b000801 0b000d01 10000 100 41426 2008994742 12072 11795
0b003401 0b003101 10001 100 5839 2009008000 9067 8810
0b002c01 0b000301 10000 100 292458 2004425056 4605361 841181
0b001d01 0b001e01 10001 100 3072841 2008693317 372143 261787
0b001d01 0b000101 10001 100 54015 2004794110 4279362 21172
0b002301 0b002c01 10001 100 21941 2008970582 142082 14319
0b000301 0b003301 10000 100 50000 2005640398 3515956 820852
0b000801 0b000601 10000 100 4787895 2005492224 3684542 413897
0b003501 0b003301 10000 100 22059 2009075217 110660 10173
0b000501 0b000701 10001 100 1257652 2009047497 143945 109602
0b000c01 0b000801 10000 100 24723 2009209794 24118 10393
0b002401 0b003101 10000 100 93940 2006020556 3229525 24516
0b002501 0b002701 10000 100 69716 2009244756 17475 10006
0b000101 0b000a01 10000 100 1084502 2008816314 455910 103406
0b001801 0b001a01 10002 100 78953 2009264502 36307 10779
0b002b01 0b002d01 10000 100 20250 2008650047 667393 10020
0b000e01 0b002201 10001 100 3923 2005137506 4202828 816989
0b000501 0b000101 10001 100 578575 2009151539 209550 56829
0b002e01 0b002d01 10001 100 10205737 2007650658 1724087 859810
0b001801 0b000a01 10001 100 1373 2005287399 4103401 16757
0b002501 0b003401 10000 100 27365 2007378640 2015876 18936
0b003201 0b003501 10000 100 182088 2008613485 811218 23589
0b003501 0b001401 10001 100 65984 2005846018 3584468 822192
0b001501 0b002e01 10001 100 612 2006527772 2914524 816712
0b001701 0b001101 10001 100 78016 2009080591 387791 14864
0b001d01 0b001c01 10000 100 6654 2009549460 5013 4719
0b002601 0b000c01 10000 100 71683 2001569346 8031695 822671
0b000701 0b000101 10000 100 704919 2009299244 327475 67420
0b001201 0b000401 10000 100 11499 2005019247 4607984 17606
0b000e01 0b001501 10001 100 14720 2005334678 4295622 17875
0b000101 0b002501 10000 100 729181 2004708057 4939254 877797
0b002601 0b000201 10000 100 39738 2005649371 4029848 819992
0b003f01 0b000101 10000 100 5403382 2000574106 9173692 1269681
0b000001 0b003401 10000 100 2453 2006611726 3185252 816867
0b000f01 0b001f01 10001 100 29528 2007199135 2600331 19117
0b000201 0b002401 10000 100 32789 2005234308 4567978 819409
0b000e01 0b000a01 10000 100 2398204 2009473339 506415 209388
0b002501 0b003601 10001 100 48161 2006333358 3681596 20681
0b002401 0b001d01 10000 100 7455 2006712408 3374901 817287
0b002501 0b001a01 10001 100 407 2006018190 4100471 816696
0b002801 0b000c01 10000 100 44048 2005696089 4437644 820356
0b001101 0b001d01 10000 100 49277 2007520576 2662465 16614
0b000c01 0b003801 10000 100 340663 2004957221 5229137 845222
0b001701 0b001301 10000 100 70406 2009222692 987530 14225
0b003c01 0b003f01 10000 100 58118 2010190445 20529 9036
0b002c01 0b003b01 10000 100 1399225 2007754137 2583275 133954
0b002d01 0b000301 10002 100 62157 2005182357 5189399 821874
0b001001 0b001f01 10000 100 47462 2009833803 557868 16461
0b001001 0b001101 10001 100 46516 2010393026 8425 8061
0b001201 0b001301 10000 100 28080 2010403265 6671 6517
0b000f01 0b002f01 10001 100 5248 2005848778 4586364 817102
0b002501 0b000201 10000 100 96698 2006312986 4132654 824768
0b001401 0b000b01 10001 100 36084 2006720527 3732072 19668
0b000e01 0b002501 10000 100 26148 2007067092 3392349 818855
0b000d01 0b000e01 10000 100 136788 2010465232 17016 15629
0b002a01 0b000a01 10000 100 1686078 2005043761 5444313 958024
0b001201 0b001601 10000 100 56859 2009509249 1002609 13087
0b001201 0b000101 10000 100 34552 2006958991 3560538 19538
0b003601 0b002601 10000 100 2737 2006777653 3792260 16870
0b002601 0b002c01 10001 100 1803019 2010251087 321783 163648
0b000c01 0b000f01 10002 100 26656 2010575854 6708 6396
0b000f01 0b000901 10000 100 4009463 2009833117 773936 344475
0b001d01 0b001201 10000 100 63388 2009649367 1039611 17796
0b002a01 0b002701 10001 100 1317300 2007817764 2894720 122925
0b002901 0b001201 10000 100 616889 2006463659 4287968 868380
0b002e01 0b001e01 10000 100 126336 2007362221 3436291 827254
0b003801 0b002501 10000 100 12443 2005431374 5442806 17685
0b000201 0b003401 10000 100 3152 2005459071 5422090 816927
0b002c01 0b002101 10000 100 16561 2010500454 402685 13870
0b002d01 0b003001 10000 100 4792 2007523077 3387835 17042
0b001601 0b001701 10000 100 10645 2010914887 5973 5053
0b000c01 0b001d01 10000 100 27698 2007214226 3718644 18963
0b002301 0b002d01 10000 100 2444002 2009962470 992802 217388
0b000f01 0b003d01 10000 100 25105 2006266162 4722280 818768
0b000201 0b002401 10001 100 19900 2005643956 5398888 818328
0b003001 0b000401 10000 100 479 2004082187 6981500 816702
0b000c01 0b002301 10000 100 66907 2005568031 5625445 822269
0b000301 0b001501 10000 100 32977 2007282995 3916293 19404
0b000a01 0b002a01 10000 100 36702 2006071951 5162095 819738
0b003601 0b000501 10001 100 113594 2004968514 6272244 826185
0b000c01 0b000d01 10001 100 25136 2011243256 6207 6270
0b000901 0b003301 10000 100 12224 2006077556 5187450 817687
0b002e01 0b003701 10000 100 4086 2007824716 3446655 16986
0b000101 0b002301 10000 100 1687942 2005583384 5755271 958177
0b002201 0b003801 10000 100 4345 2008959831 2394248 17006
0b000f01 0b002101 10000 100 23225 2005972204 5408183 818610
0b000c01 0b001301 10000 100 91175 2007849874 3583384 24287
0b001601 0b002101 10000 100 4284 2007401305 4048183 817021
0b001701 0b002201 10000 100 56113 2007147616 4335148 821367
0b000601 0b002101 10000 100 2842 2006711376 4794665 816898
0b001601 0b003c01 10001 100 69222 2004345129 7218673 822466
0b000601 0b001101 10001 100 64677 2007383921 4268576 22063
0b000c01 0b003301 10000 100 3740314 2005477142 6212327 1130250
0b002501 0b002b01 10001 100 3543444 2010541232 1170118 309564
0b002e01 0b000b01 10000 100 3249048 2005984384 5753454 1089063
0b003d01 0b003401 10001 100 38946 2008718294 3070727 15745
0b003e01 0b002701 10000 100 68026 2007012111 4805551 22347
0b003e01 0b003b01 10000 100 2978383 2011435982 399734 258030
0b001501 0b002501 10000 100 1887 2006871063 4965685 816818
0b000301 0b002b01 10000 100 892 2007115870 4786695 816735
0b000b01 0b000901 10000 100 193286 2011894440 30905 20367
0b003401 0b001001 10002 100 9881 2008836615 3148375 817488
0b002401 0b000f01 10000 100 25128 2006848435 5162292 818770
0b001101 0b003201 10000 100 143733 2005789410 6311283 828711
0b000f01 0b002e01 10000 100 21675 2006086461 6021181 818478
0b002801 0b003201 10000 100 9701 2008145954 3974023 17454
0b000801 0b001101 10000 100 76233 2008551312 3583830 23034
0b000101 0b000d01 10002 100 41013 2011883425 414463 15922
0b001c01 0b001b01 10000 100 114398 2003916448 8445247 17913
0b002c01 0b002b01 10000 100 627790 2011599622 809527 60954
0b003f01 0b001901 10000 100 17657 2007383819 5067299 818141
0b000201 0b000c01 10000 100 775471 2011444687 1039185 77497
0b002301 0b002e01 10000 100 3029 2011391731 1115301 12737
0b000e01 0b001001 10000 100 58178 2007941474 4655392 21520
0b000a01 0b001301 10000 100 249311 2004965797 7725666 37544
0b002b01 0b002d01 10001 100 52572 2011985933 715758 12729
0b000001 0b003d01 10000 100 29034 2008363222 4427197 819097
0b003301 0b002f01 10000 100 2466502 2003444518 9362754 223433
0b002d01 0b001d01 10000 100 134898 2007995386 4873627 827970
0b000e01 0b002d01 10000 100 184898 2007052679 5842880 832162
0b002801 0b001701 10000 100 79666 2007413612 5531189 823340
0b002101 0b001d01 10001 100 195829 2007231716 5717051 833078
0b002a01 0b001c01 10000 100 520061 2007157776 5798523 860265
0b000601 0b001301 10000 100 44231 2004658352 8393991 20351
0b003e01 0b003901 10000 100 19787 2012149328 907632 9979
0b001501 0b001f01 10001 100 3967 2011048312 2012928 12812
0b002401 0b001d01 10001 100 1162 2008879854 4202957 816760
0b003d01 0b003901 10001 100 47225 2011826885 1293440 12282
0b003e01 0b003801 10003 100 10645 2011850498 1276171 9213
0b000201 0b002001 10001 100 295785 2008143288 4993159 841459
0b002301 0b003701 10000 100 39561 2009095868 4059943 19958
0b000901 0b000b01 10000 100 890773 2012844210 322340 78843
0b000201 0b001601 10000 100 6689 2009507527 3667372 17202
0b000f01 0b001801 10000 100 48098 2009467125 3710326 20676
0b000f01 0b002401 10001 100 384654 2007653406 5531085 848910
0b002701 0b001601 10000 100 349300 2003684921 9521060 845948
0b000c01 0b001b01 10001 100 47063 2008600143 4643544 20589
0b000b01 0b000e01 10000 100 8027 2013252608 9198 8996
0b002101 0b000c01 10000 100 27229 2007710877 5607824 818945
0b003b01 0b003d01 10000 100 136772 2013257025 67948 19787
0b003f01 0b002101 10000 100 8938 2007441926 5892988 17389
0b003f01 0b003e01 10000 100 1853763 2013173329 166838 159580
0b002301 0b001901 10000 100 65848 2004458480 8900567 822181
0b000701 0b000101 10001 100 840600 2013234393 191806 78797
0b002e01 0b000001 10000 100 173547 2007441479 5991188 831211
0b002001 0b001a01 10000 100 829393 2009054363 4508076 886198
0b001001 0b003601 10000 100 763891 2005462388 8110781 880705
0b002201 0b003f01 10000 100 18335 2006931336 6675042 18179
0b003f01 0b000701 10000 100 24783 2007669718 6050485 818738
0b002001 0b001401 10000 100 49395 2008404571 5366305 820803
0b002901 0b003801 10000 100 48024 2008641615 5308014 20670
0b000c01 0b000a01 10000 100 16361 2013943526 10440 9694
0b002d01 0b002501 10000 100 60089 2013913688 43514 17521
0b000101 0b000801 10000 100 5067 2013957518 13657 12908
0b000d01 0b000701 10001 100 76601 2013983517 20702 18903
0b002301 0b002001 10001 100 907764 2013949567 108162 80267
0b000901 0b000201 10000 100 228004 2010781623 3300409 31599
0b001501 0b001301 10000 100 20074 2013313577 768691 10006
0b001001 0b002c01 10000 100 610 2009746229 4377935 816712
0b002e01 0b000e01 10000 100 342498 2008245783 5881116 845376
0b000901 0b000501 10000 100 5634012 2010565750 3597465 484839
0b000001 0b000c01 10001 100 24022 2009266064 4912624 14497
0b002b01 0b003a01 10000 100 12857 2009277728 5080580 17718
0b003901 0b003e01 10000 100 46174 2013985932 373883 12194
0b000b01 0b003e01 10000 100 3446134 2008984504 5410991 1105587
0b002b01 0b002201 10000 100 221636 2014258780 165030 31063
0b000401 0b000701 10000 100 98145 2014415336 12692 12391
0b002701 0b001d01 10000 100 2389 2009595496 4884767 816862
0b003d01 0b003e01 10000 100 9180177 2013673990 844463 773829
0b001501 0b002401 10000 100 2726 2009229949 5301869 816889
0b003301 0b002301 10000 100 68906 2009432533 5160481 22417
0b001501 0b001301 10001 100 62718 2013751937 886866 13579
0b002301 0b000101 10001 100 1184839 2009625184 5034286 915997
0b001901 0b002101 10000 100 1164813 2001575644 13125735 914318
0b000a01 0b000001 10001 100 48304 2014655267 74835 16532
0b002e01 0b000e01 10001 100 1153 2009288875 5444708 816759
0b002c01 0b000501 10000 100 70984 2005116382 9686193 822611
0b002b01 0b002801 10000 100 20739 2014711941 109154 5899
0b001001 0b001401 10000 100 2175 2010145289 4708647 8505
0b000101 0b000501 10000 100 459597 2013926634 957838 46854
0b003901 0b003801 10000 100 64980 2014934784 16015 9608
0b001c01 0b000a01 10000 100 31959 2011084576 3917895 19319
0b000c01 0b000d01 10002 100 1136816 2014921140 101317 99471
0b002301 0b000401 10001 100 54663 2009919383 5124038 821244
0b000501 0b000001 10000 100 2555 2015013000 84493 8535
0b000b01 0b001601 10000 100 205447 2010060876 5050707 33866
0b000c01 0b000d01 10003 100 134330 2015269357 15407 15424
0b000401 0b003501 10000 100 114624 2009574621 5832639 826271
0b000d01 0b000e01 10001 100 79250 2015419383 24233 10807
0b001b01 0b001901 10001 100 74754 2015488562 12630 10428
0b002e01 0b003501 10001 100 74684 2009849200 5666130 22902
0b001e01 0b000301 10000 100 71035 2001107553 14512725 22599
0b002301 0b000901 10000 100 603852 2010353727 5319871 867287
0b000c01 0b003601 10000 100 3606 2008545386 7250820 816963
0b000001 0b002e01 10001 100 1035162 2007881669 8003034 903451
0b002f01 0b000101 10000 100 43267 2011063417 4822657 820290
0b002501 0b000801 10001 100 26201 2010923226 4994131 818859
0b000a01 0b002701 10000 100 68661 2010094506 5850641 822417
0b001101 0b001701 10000 100 2578 2015402848 655498 8537
0b000801 0b000101 10000 100 78968 2012779217 3318136 19100
0b001001 0b002601 10000 100 8881 2011881677 4245700 817405
0b001301 0b002401 10001 100 57598 2008758552 7470842 821490
0b003d01 0b002d01 10001 100 7066 2013077948 3180202 17236
0b002001 0b000101 10000 100 31267 2010443641 5848136 819284
0b002301 0b002401 10000 100 5103 2015478325 820004 8751
0b001c01 0b002d01 10000 100 7668 2006438708 9944261 817304
0b000101 0b002b01 10000 100 1793153 2008794098 7610883 967001
0b000d01 0b002001 10002 100 553801 2010058841 6413188 863091
0b002a01 0b002b01 10000 100 187114 2016367084 109000 19851
0b002701 0b000201 10000 100 73625 2011303212 5252951 822834
0b000c01 0b000901 10000 100 60223 2016094320 563487 13372
0b003b01 0b001401 10001 100 72166 2012371625 4321139 822713
0b002a01 0b002f01 10000 100 28729 2016615384 176983 10729
0b003d01 0b003e01 10001 100 33729 2016795305 8590 6988
0b000e01 0b000901 10000 100 2456 2016809768 8704 8528
0b001c01 0b001b01 10003 100 49776 2015658955 1161665 12494
0b000c01 0b001801 10000 100 1020945 2011516616 5484280 102236
0b002b01 0b002a01 10000 100 75292 2017013401 11555 10475
0b000c01 0b000301 10000 100 38192 2016929832 99904 15685
0b000e01 0b002701 10000 100 3891753 2003339700 13726227 1142945
0b000c01 0b001401 10001 100 52995 2013159488 4082480 21083
0b001c01 0b001901 10000 100 75224 2016640192 610722 14629
0b002c01 0b002b01 10001 100 72149 2016785642 558800 14372
0b001701 0b001301 10001 100 20930 2016467249 911038 10075
0b002701 0b001701 10001 100 990377 2013313194 4085957 899695
0b002801 0b002a01 10000 100 36867 2017406484 13821 7251
0b001201 0b000001 10001 100 26752 2008458887 8982829 18883
0b000701 0b000501 10000 100 2430612 2006825952 10630890 207944
0b000c01 0b000f01 10003 100 178131 2017469816 44143 19097
0b000101 0b001601 10000 100 25455 2013241870 4498017 18776
0b001901 0b001801 10000 100 64559 2017811388 29630 9574
0b002f01 0b002d01 10000 100 7203 2017868737 4784 4766
0b002701 0b002101 10001 100 9486967 2016358499 1551238 803707
0b001101 0b001601 10001 100 7437 2017331088 657624 8945
0b001401 0b001001 10000 100 66724 2017327176 756266 13915
0b002201 0b001601 10000 100 69270 2014387868 3701423 822470
0b003e01 0b000501 10000 100 389475 2012286047 5832485 849315
0b003f01 0b002701 10000 100 19970 2013272193 4896763 18314
0b000101 0b000201 10000 100 25005 2018225634 8311 6260
0b001701 0b001001 10000 100 3486 2016660773 1599519 8614
0b002501 0b002201 10000 100 1141250 2016660815 1629250 104005
0b001b01 0b002601 10000 100 63093 2014691288 3716164 821953
0b001501 0b001601 10001 100 19275 2018451347 6457 5778
0b002201 0b000d01 10004 100 911151 2012417204 6082017 893054
0b000201 0b003a01 10002 100 106549 2013091557 5585542 825594
0b000001 0b001001 10000 100 76132 2013430442 5288493 23026
0b000001 0b001f01 10001 100 1122 2012736191 5996024 16737
0b000901 0b000e01 10000 100 1503671 2018518154 436450 134389
0b000001 0b000101 10000 100 63573 2018964597 10301 9491
0b000401 0b001001 10000 100 70997 2014555290 4436998 22592
0b000401 0b003f01 10001 100 49708 2013562159 5447677 820828
0b000b01 0b002701 10000 100 6197 2013621724 5402860 817182
0b000301 0b001d01 10001 100 68853 2009369842 9695760 22413
0b001701 0b001001 10001 100 1707029 2018629683 442885 151441
0b000b01 0b000c01 10000 100 48920 2018879818 216155 12421
0b000801 0b002001 10000 100 40074 2013994829 5148607 820023
0b000c01 0b003801 10001 100 161340 2013606450 5542823 830189
0b000701 0b003b01 10001 100 884 2011377099 7854654 816734
0b000901 0b000801 10000 100 5882 2019229257 5006 4653
0b000001 0b001c01 10000 100 77338 2013576344 5716603 23126
0b002f01 0b002e01 10000 100 4058402 2018868150 464254 344418
0b003d01 0b003801 10002 100 56660 2019179369 178823 13071
0b001a01 0b001901 10000 100 4732 2019421320 5677 4557
0b000301 0b000601 10000 100 23659 2018841570 624611 10304
0b002501 0b002001 10000 100 121189 2018652766 822495 18483
0b003d01 0b003801 10001 100 912764 2007699939 11822322 84847
0b000c01 0b000f01 10004 100 6254 2019721273 10894 4687
0b000101 0b001401 10000 100 1298834 2015198482 4545122 125534
0b002601 0b002501 10000 100 67822 2019780234 15617 9846
0b000501 0b002c01 10001 100 444765 2013289523 6514045 853950
0b000401 0b000001 10000 100 70650 2019114448 703243 14244
0b000701 0b000201 10000 100 6001 2019150736 689121 8826
0b000901 0b003501 10000 100 3636 2014892375 4967463 816966
0b000501 0b003b01 10002 100 8742 2013996387 5883916 817393
0b002801 0b000a01 10000 100 23218 2013355932 6617970 818609
0b002f01 0b000c01 10000 100 141840 2012831606 7186319 828552
0b002801 0b002901 10000 100 31566 2020168983 9524 6808
0b003401 0b003801 10000 100 2609 2019538884 708313 12700
0b000801 0b002c01 10000 100 527117 2014607756 5641243 860856
0b001401 0b001601 10000 100 30548 2020249320 13888 6722
0b003d01 0b003f01 10001 100 66182 2020257591 28785 9711
0b002701 0b000001 10000 100 1775 2014551060 5757639 816809
0b002201 0b003801 10001 100 1675096 2015501162 4939448 157083
0b002101 0b002301 10002 100 26018 2020468909 7629 6345
0b001701 0b002301 10000 100 38704 2016648545 3852810 819906
0b000b01 0b000001 10000 100 73942 2018361956 2142225 18679
0b000901 0b003801 10000 100 419 2012549335 7996374 816697
0b000b01 0b002701 10001 100 78763 2014493465 6070131 823264
0b001301 0b001701 10000 100 245673 2012831159 7769084 28918
0b000d01 0b000b01 10000 100 5926 2019830225 823715 8817
0b002d01 0b000a01 10000 100 5356 2008868736 11836955 817111
0b000401 0b003501 10001 100 72020 2010011116 10764870 822701
0b000301 0b001e01 10002 100 1982973 2015803738 4999700 182892
0b000901 0b002201 10001 100 990823 2014843250 5966336 899731
0b002301 0b002601 10000 100 2813855 2012806859 8089397 244234
0b002401 0b002001 10000 100 5410 2020515000 518744 8775
0b003d01 0b003e01 10002 100 18288 2021035019 6035 5696
0b000701 0b000b01 10001 100 31041 2019817050 1275415 15086
0b002201 0b003401 10000 100 9687 2016072048 5166177 17453
0b000301 0b000701 10001 100 49466 2019138356 2151271 12469
0b003301 0b000801 10000 100 23062 2015660009 5662481 818597
0b002401 0b002501 10000 100 31046 2021349413 7654 6766
0b002801 0b002f01 10001 100 78790 2018357477 3058227 14926
0b000a01 0b000801 10001 100 104637 2021494501 13807 12934
0b003f01 0b003701 10000 100 191489 2020865484 687650 28536
0b003a01 0b002e01 10002 100 2064 2017948156 3608402 16816
0b000a01 0b002301 10000 100 4963 2015489453 6077766 817076
0b001101 0b000301 10001 100 28 2015112869 6600391 16646
0b002b01 0b000f01 10000 100 35003 2016146711 5709419 819598
0b000901 0b002d01 10001 100 49684 2014851530 7065654 820826
0b000801 0b000701 10000 100 4464377 2019261179 2659124 386775
0b003f01 0b003901 10000 100 2027205 2020957886 978314 178283
0b000801 0b003101 10000 100 3778 2016244275 5802566 816977
0b000101 0b000601 10001 100 1064766 2020846399 1236437 97590
0b000501 0b000301 10001 100 984915 2021605619 480557 90895
0b000801 0b000901 10000 100 33080 2022082784 9560 6936
0b000501 0b000101 10002 100 2192 2020011950 2123102 8506
0b000e01 0b000801 10000 100 5248856 2018337146 3830928 448384
0b001201 0b001301 10001 100 183639 2022143794 25845 19557
0b000601 0b002601 10000 100 9846 2009886900 12365246 817486
0b002201 0b001801 10000 100 4478 2012972654 9377905 817037
0b001a01 0b001f01 10000 100 3522 2021996045 364127 8617
0b000501 0b000301 10000 100 495372 2021537664 890350 49854
0b001d01 0b001c01 10002 100 2566 2022643066 4536 4376
0b002601 0b000801 10000 100 18847 2017601321 5051391 818240
0b000101 0b000301 10001 100 5730930 2022047433 666309 484641
0b000101 0b001401 10001 100 1805 2017872399 4974420 16792
0b002901 0b003101 10001 100 44305 2017768068 5084240 20357
0b002501 0b000e01 10000 100 27856 2016379490 6501640 818996
0b002b01 0b000501 10001 100 21468 2017079312 5833831 818461
0b001001 0b001401 10003 100 23114 2015235906 7751722 10261
0b001001 0b001601 10000 100 8833 2021481384 1530500 9061
0b000701 0b000a01 10000 100 54999 2022259443 795016 17091
0b000e01 0b003b01 10002 100 76029 2016991661 6083250 823038
0b000301 0b003801 10001 100 1400845 2014385127 8716728 934107
0b001401 0b002301 10001 100 1237 2019495801 3717940 816766
0b001801 0b001f01 10000 100 76100 2016787313 6867358 14703
0b002701 0b000c01 10001 100 8383 2017235265 6496735 817365
0b000601 0b000001 10001 100 24311 2021601963 2356220 10360
0b001401 0b001701 10000 100 43995 2023968718 16910 7848
0b003b01 0b003f01 10001 100 16996 2022866279 1197926 9744
0b000c01 0b002c01 10000 100 9517 2004776890 19297738 817459
0b003f01 0b003d01 10000 100 29979 2024084076 13649 6673
0b001401 0b001001 10001 100 1661354 2021928759 2326763 147610
0b002001 0b002401 10000 100 500210 2023664316 617028 50260
0b002301 0b002701 10000 100 6765 2023140117 1222048 8888
0b000f01 0b003001 10000 100 49043 2018768475 5626151 820775
0b003c01 0b003801 10000 100 35535 2023450926 1031704 11301
0b000f01 0b000101 10001 100 7965 2022823310 1694033 13147
0b000401 0b002301 10001 100 75293 2017420287 7202536 822975
0b003e01 0b003d01 10001 100 58695 2024708346 72982 9082
0b001601 0b002501 10001 100 212263 2010939825 14015327 834458
0b000f01 0b003301 10000 100 55155 2017416799 7608434 821287
0b000a01 0b003c01 10000 100 9216 2015845035 9186881 817435
0b001201 0b000901 10000 100 52792 2014699192 10436378 21066
0b001601 0b001301 10000 100 70 2025109234 332771 8329
0b001601 0b003d01 10000 100 4926 2018922159 6564666 817073
0b000501 0b000701 10002 100 934711 2025420215 90673 82527
0b000d01 0b000f01 10000 100 322472 2025516038 42492 31198
0b002001 0b002201 10000 100 14634 2025586713 9457 5388
0b002401 0b003901 10000 100 76772 2013203397 12438999 23077
0b003801 0b000501 10000 100 5040 2004073079 21650970 817086
0b001b01 0b001a01 10001 100 84511 2025768112 46281 11247
0b001201 0b001601 10001 100 48170 2025189491 695178 12361
0b000b01 0b002401 10001 100 3074 2012407823 13654449 816921
0b000501 0b000a01 10001 100 33611 2024874159 1261828 15299
0b002101 0b002001 10003 100 1710 2026434479 5192 4304
0b000801 0b001c01 10000 100 15359 2019694540 6927051 17930
0b000b01 0b000801 10000 100 183518 2026671562 20512 19548
0b000a01 0b000c01 10001 100 2062420 2025464014 1381709 181235
0b002301 0b002f01 10001 100 11695 2021673444 5413168 13461
0b002701 0b002a01 10000 100 68956 2022519136 4588464 18261
0b000801 0b000901 10001 100 56410 2027128165 15336 8891
0b000601 0b001801 10002 100 63691 2021033566 6131846 21981
0b001201 0b001001 10000 100 31440 2027202324 9915 6798
0b000a01 0b000d01 10001 100 51382 2026927156 328083 12630
0b002601 0b002701 10000 100 27104 2027271020 6904 6435
0b000f01 0b001801 10001 100 1568 2021124143 6155365 16773
0b000001 0b003d01 10001 100 205 2017728943 9555797 816680
0b000601 0b003d01 10001 100 21743 2020263232 7259194 818483
0b002201 0b002b01 10000 100 20368 2026289895 1239432 14190
0b002c01 0b002a01 10001 100 14706 2027212850 512362 9554
0b002701 0b002a01 10001 100 13507 2025621360 2388956 13614
0b001501 0b001401 10003 100 1927 2028006641 4931 4321
0b002601 0b002101 10001 100 1874615 2024308387 3725459 165489
0b002f01 0b000a01 10002 100 37918 2015381672 13011778 819839
0b000b01 0b002101 10000 100 1629 2021631979 6870208 816798
0b003c01 0b003b01 10001 100 84408 2026005665 2515137 15399
0b002801 0b002f01 10002 100 293963 2027888168 707965 32966
0b002801 0b002401 10000 100 22073 2027992230 700716 14334
0b002601 0b000801 10001 100 5548 2020429441 8308751 817126
0b000101 0b003701 10000 100 5772 2021968838 6779573 817144
0b002701 0b002a01 10002 100 1434282 2027377770 1585153 132732
0b003401 0b002401 10000 100 745 2024708927 4283863 16703
0b003601 0b003401 10001 100 4398 2029215853 4541 4531
0b003301 0b003101 10001 100 4335275 2028780357 455949 367632
0b001301 0b002d01 10002 100 2718 2023487326 6023762 816888
0b003f01 0b003e01 10001 100 3783 2029582339 4508 4478
0b000501 0b003301 10000 100 347 2020511212 9196214 816691
0b000601 0b000401 10000 100 702995 2029778749 90557 63099
0b000b01 0b000901 10001 100 22081 2029904790 6118 6014
0b000b01 0b003701 10001 100 55971 2020809842 9284551 821352
0b000a01 0b003301 10001 100 21386 2024021512 6424919 818455
0b003f01 0b003901 10001 100 362 2030473411 179312 8352
0b000601 0b002501 10001 100 5037 2022397993 8274173 817086
0b000501 0b000401 10000 100 865863 2030433428 501714 76754
0b000601 0b000101 10002 100 11089 2030728195 251755 9253
0b002801 0b002101 10001 100 9811 2028782571 2205937 13303
0b003901 0b003f01 10000 100 5863 2029451148 1557209 8812
0b000901 0b000b01 10001 100 242782 2031140838 28287 24515
0b002901 0b002e01 10002 100 7417 2026756149 4433785 8944
0b000f01 0b000801 10000 100 8994808 2028257416 3303658 762445
0b000a01 0b000801 10002 100 73802 2031573525 11575 10348
0b000e01 0b000d01 10001 100 214 2031773906 4217 4180
0b000a01 0b000401 10000 100 62897 2031012297 805650 17753
0b003601 0b003f01 10000 100 48479 2031024733 843703 16546
0b000f01 0b000901 10001 100 5337 2031440819 640104 8770
0b003301 0b000e01 10001 100 6605 2023730979 8600081 817215
0b000501 0b000101 10003 100 34297 2025893213 6469719 11198
0b000f01 0b002c01 10001 100 33996 2017389313 15047456 819510
0b000e01 0b002d01 10001 100 3961 2024562156 7948800 816992
0b000b01 0b000e01 10001 100 58216 2032454427 475819 13203
0b003d01 0b003b01 10003 100 47871 2032262041 1153278 12334
0b000501 0b002c01 10003 100 8436 2027109153 6348983 817369
0b002f01 0b002d01 10002 100 4023 2033571220 4904 4501
0b000601 0b000701 10001 100 129 2033609493 4084 4174
0b003301 0b001901 10000 100 182 2029093277 4717176 816678
0b000301 0b003a01 10001 100 1976 2028373068 5449311 816825
0b002a01 0b002701 10002 100 44258 2029840419 4213607 16193
0b002e01 0b003301 10000 100 9 2027816465 6577072 16644
0b000301 0b000201 10001 100 3395 2034496612 5174 4446
0b003301 0b003801 10001 100 12552 2033599370 1045543 13534
0b000e01 0b003201 10001 100 16582 2029006662 5799590 818051
0b003a01 0b003c01 10001 100 12204 2034069359 762426 9346
0b000801 0b001901 10001 100 8151 2024331404 10759763 17326
0b001501 0b003101 10001 100 16 2031033009 4201517 816665
0b000e01 0b000b01 10001 100 24614 2034599111 700965 10385
0b002601 0b001801 10000 100 59051 2029597776 6623884 821614
0b001201 0b002c01 10000 100 54902 2023999490 12350101 821263
0b003301 0b003101 10002 100 3661 2036453856 4957 4468
0b001901 0b001e01 10000 100 3610 2034906021 1829730 8624
0b002501 0b003501 10001 100 148683 2028742067 8170327 29106
0b001701 0b001001 10003 100 55666 2035458202 1457805 12988
0b000901 0b003a01 10002 100 4169 2028197313 8782519 817012
0b002001 0b001201 10002 100 47031 2022023374 15402585 820606
0b000601 0b003401 10001 100 172 2029214856 8213659 816677
0b003d01 0b003e01 10004 100 8529 2037519810 5086 4876
0b000b01 0b003d01 10001 100 1447 2030006494 7522941 816783
0b001501 0b003601 10000 100 1934 2032312940 5388717 816822
0b000b01 0b002001 10003 100 50 2028180553 9550651 816667
0b002a01 0b002701 10003 100 45198 2035752519 2005529 16272
0b003b01 0b003e01 10002 100 180695 2035939469 1850178 23470
0b003901 0b003c01 10000 100 287 2037336947 800814 8346
0b002a01 0b002801 10001 100 63105 2038274750 13643 9454
0b003c01 0b002301 10002 100 218 2031102794 7278286 16661
0b002101 0b000101 10001 100 63977 2018139221 20274479 822023
0b000901 0b000f01 10000 100 17914 2038312949 437873 9822
0b000b01 0b000801 10001 100 198694 2038749839 59269 20819
0b003801 0b001f01 10000 100 5874 2033611479 5221675 817152
0b002a01 0b002c01 10001 100 2142 2038240637 859639 8502
0b000b01 0b002501 10000 100 448 2030193330 9124670 816699
0b001b01 0b001c01 10000 100 65807 2038472082 888705 13838
0b000e01 0b000f01 10001 100 6272913 2019585667 20290463 530081
0b001701 0b001501 10000 100 533917 2039778250 102822 48923
0b003d01 0b003801 10004 100 6169 2039516556 932313 8840
0b002d01 0b001101 10002 100 434 2035989867 4685454 816698
0b001b01 0b001f01 10002 100 57495 2028163081 12538914 13142
0b001f01 0b001a01 10000 100 36439 2023369181 17406656 11377
0b000901 0b000c01 10000 100 76953 2040068756 779479 14771
0b000e01 0b002b01 10001 100 1244 2036191336 4777235 816767
0b000901 0b000f01 10001 100 190994 2040270309 770339 24332
0b002b01 0b002e01 10000 100 71524 2036760935 4786863 14318
0b001901 0b001601 10003 100 19778 2040261350 1698955 14139
0b003b01 0b003901 10000 100 7626 2042133463 4931 4800
0b003601 0b000b01 10001 100 32610 2028335926 13919839 819395
0b000401 0b000701 10001 100 1093847 2042131160 128641 95868
0b002801 0b000201 10001 100 62945 2017868828 24706055 821937
0b001a01 0b001d01 10001 100 2034 2041047187 1810061 8494
0b003d01 0b003b01 10004 100 69066 2042081238 823482 14114
0b003901 0b003801 10001 100 7867 2043287532 16304 4820
0b001901 0b001201 10000 100 399513 2042026781 1431392 45977
0b002a01 0b002901 10001 100 138727 2043541654 18913 15791
0b003601 0b001001 10000 100 4882 2039688776 4063966 817069
0b002a01 0b002e01 10002 100 76823 2040796775 3045507 14761
0b002b01 0b002c01 10000 100 1541199 2043028523 827892 137537
0b002901 0b002b01 10001 100 1682824 2042878513 983319 145248
0b000401 0b000201 10002 100 60245 2039217084 4759104 13373
0b000201 0b001701 10000 100 21 2039370943 5304608 16645
0b003501 0b002f01 10002 100 65271 2037810260 7245734 22115
0b001101 0b001001 10000 100 78967 2045067124 63586 10780
0b000401 0b000101 10002 100 197828 2041972170 3388732 24906
0b000e01 0b000b01 10002 100 2353 2045677062 368675 8519
0b002501 0b002401 10001 100 36232 2046164010 42230 7200
0b003d01 0b003801 10005 100 41798 2044972865 1250591 11825
0b002f01 0b002901 10001 100 423559 2046024032 323879 43832
0b000e01 0b000f01 10002 100 1920 2046440442 4398 4321
0b001201 0b002501 10001 100 40 2037038413 9655559 816667
0b000d01 0b003301 10001 100 1471 2040030827 6681596 816785
0b002f01 0b002c01 10002 100 52316 2046759789 14068 8548
0b001201 0b001701 10000 100 80041 2046749355 26258 15034
0b001201 0b001001 10002 100 9359 2046835988 5621 4947
0b003d01 0b003601 10000 100 1409 2045955129 958211 12600
0b000d01 0b000a01 10003 100 9031 2044178011 2893526 9080
0b002301 0b002101 10000 100 8857 2047795097 5722 4903
0b001f01 0b003901 10001 100 302 2043070750 5140339 816688
0b003901 0b003d01 10000 100 705 2049564388 1048901 8380
0b003d01 0b003a01 10002 100 29387 2049132091 2139976 10786
0b000801 0b000b01 10000 100 79660 2051303163 13732 10840
0b000901 0b000b01 10003 100 1012 2051454151 5553 4248
0b000801 0b000e01 10001 100 34275 2050708725 1000485 11196
0b002c01 0b002901 10000 100 3852 2051678888 61235 8643
0b003401 0b000101 10003 100 378 2047560351 4545855 816694
0b002301 0b002001 10002 100 13639 2053607776 5332 5304
0b003d01 0b003901 10003 100 4696 2054387606 12892 8714
0b002301 0b002701 10001 100 3670412 2053018878 1453852 316049
0b001801 0b001a01 10003 100 5680 2054799941 10037 4637
0b000b01 0b000d01 10004 100 1502 2054749503 1398557 8447
0b001c01 0b001a01 10001 100 16565 2033570350 24112316 9710
0b002901 0b002e01 10003 100 9560 2055938428 2224467 9123
0b002a01 0b002901 10002 100 16689 2058298902 12106 5560
0b001801 0b002001 10000 100 942 2048594537 9850475 816739
0b000301 0b000501 10004 100 5858 2053624516 5277790 8811
0b000f01 0b000d01 10001 100 51 2059605621 4112 4167
0b001801 0b001e01 10002 100 60084 2060467703 116003 13360
0b003d01 0b003a01 10003 100 38971 2059449883 1444619 11587
0b002901 0b002f01 10001 100 1996 2059912841 1241501 8487
0b003901 0b003501 10004 100 322 2059140553 2670337 12509
0b002a01 0b002901 10003 100 1853 2062218182 4510 4315
0b000501 0b003801 10003 100 199 2058230615 4655925 816679
0b002a01 0b002d01 10005 100 11655 2062742747 465177 9298
0b001001 0b001501 10002 100 55331 2053116845 11152715 12961
0b003101 0b003501 10000 100 45907 2064391438 100257 12169
0b002001 0b002501 10002 100 21378 2064911327 75166 10114
0b002101 0b001b01 10003 100 106 2061105931 4816397 816672
0b002c01 0b001901 10005 100 79 2060594930 5418103 816670
0b003601 0b003301 10003 100 698 2065809194 919279 8379
0b003601 0b003701 10002 100 43223 2066885867 19474 7786
0b003101 0b003301 10003 100 925 2069629646 4173 4237
0b002d01 0b002c01 10002 100 7271 2069624420 20403 4772
0b002501 0b003b01 10002 100 188 2060541108 9128631 16658
0b003901 0b003801 10003 100 7052 2070101117 49910 4754
0b003701 0b000d01 10003 100 41 2064165986 6376460 816667
0b002a01 0b002c01 10003 100 27976 2070921005 671810 10665
0b001e01 0b001901 10002 100 392 2071376057 768883 8355
0b001001 0b001401 10006 100 189 2072469206 19874 8338
0b000001 0b000101 10003 100 71179 2072509090 26832 10130
0b000a01 0b002001 10002 100 354 2066788053 6880558 816692
0b002701 0b000f01 10001 100 348 2069884029 3886743 816691
0b003001 0b003101 10004 100 9136 2074808771 34391 4929
0b000001 0b000401 10005 100 8384 2074989190 84270 9025
0b000601 0b000101 10004 100 25486 2065502867 9721217 10458
0b001901 0b001801 10003 100 3740154 2075168709 532375 317737
0b002001 0b002301 10000 100 654 2076167657 4709 4216
0b001901 0b001e01 10002 100 5424 2070830643 5491704 8776
0b002401 0b003b01 10003 100 365 2067197892 10156199 16673
0b001901 0b001b01 10000 100 69376 2078696958 103388 9978
0b002501 0b002701 10001 100 2055 2079191409 10162 4335
0b000b01 0b000a01 10002 100 1275 2082179485 6358 4269
0b003b01 0b001a01 10002 100 12 2076043279 6912525 816664
0b002a01 0b002001 10002 100 82 2083761550 1050863 12490
0b000e01 0b001401 10003 100 353 2081806993 4141739 16672
0b001301 0b001801 10002 100 982 2086049268 14291 12562
0b001601 0b001e01 10001 100 125 2086113452 402973 12493
0b003401 0b003101 10004 100 13918 2087746902 1372015 9487
0b003901 0b003a01 10002 100 2369 2089256298 9077 4361
0b002601 0b002201 10001 100 2107 2088199413 1534233 8500
0b003301 0b003701 10002 100 42193 2088172531 1692409 11860
0b000701 0b000601 10002 100 11346 2090589153 210727 5113
0b003301 0b003401 10001 100 185908 2051987823 38966540 23906
0b001501 0b001101 10002 100 835 2090291174 984778 8390
0b001f01 0b001d01 10003 100 9397 2093278773 91572 4950
0b003201 0b003501 10003 100 9170 2084696507 8700500 9092
0b000b01 0b001d01 10003 100 301 2090110206 4093327 16667
0b001a01 0b002701 10004 100 53 2079737628 15728769 816668
0b000b01 0b000d01 10006 100 3306 2095257571 342242 8599
0b002e01 0b001201 10004 100 32 2083914330 11748058 816666
0b002501 0b003101 10002 100 41 2091986797 3688299 16647
0b003301 0b003701 10001 100 188868 2083852250 12430941 24155
0b002201 0b002f01 10004 100 12 2096249225 1121743 12484
0b001701 0b001501 10001 100 8282 2097870770 72414 4857
0b000b01 0b002f01 10005 100 16 2094787077 4008415 816665
0b002a01 0b002801 10003 100 2443 2099094222 10704 4366
0b002001 0b002101 10002 100 1060 2099291458 5952 4252
0b002c01 0b002f01 10004 100 1487 2099645903 7025 4286
0b000b01 0b003e01 10006 100 652 2096459155 5404032 816716
0b000001 0b003f01 10002 100 1232 2097684595 4595103 816766
0b000001 0b002b01 10005 100 148 2091724289 11726320 816675
0b003f01 0b001b01 10001 100 874 2096974326 8773529 816733
0b003601 0b003301 10004 100 79903 2098074952 15161482 15019
0b003001 0b003701 10003 100 35397 2098847705 15316870 11290
0b003301 0b003601 10000 100 918965 2077888949 41733976 85366
0b003b01 0b003d01 10002 100 143456 2047349533 72940403 20349
0b001201 0b001601 10002 100 551695 2095226031 26429503 54575
0b003601 0b003101 10001 100 2639438 2037231718 89157467 229612
0b000301 0b000601 10003 100 44178 2095219859 31347229 12027
0b001f01 0b001b01 10003 100 77122 2059476168 68258150 14789
0b003301 0b003001 10002 100 1970627 2097149412 30830364 169378
0b003001 0b003401 10003 100 115296 2079996298 48266236 17989
0b000b01 0b000a01 10001 100 707288 2066276097 64135232 63461
0b001401 0b001101 10003 100 315514 2053461931 77120369 34774
0b000301 0b000501 10003 100 1617714 2044385872 86501443 143950
0b001301 0b001701 10004 100 182986 2067975151 64806222 23661
0b003701 0b003201 10000 100 1312149 2020690828 113198810 118333
0b002f01 0b002d01 10005 100 1358248 2061501669 73810237 118038
0b003601 0b003101 10004 100 1718237 2071650312 63768126 152379
0b002f01 0b002e01 10003 100 1534424 2077434472 58105825 132808
0b000001 0b000501 10002 100 249222 2070567019 66363323 29217
0b000f01 0b000e01 10001 100 1593635 2061879896 75604197 137771
0b000f01 0b000c01 10000 100 1000740 2043693504 93986955 88063
0b003201 0b003401 10002 100 248970 2059389205 79832862 29193
0b002801 0b002d01 10003 100 924451 2084391167 55440599 85828
0b002b01 0b002a01 10003 100 1767507 2076994309 62851050 152349
0b002b01 0b002a01 10005 100 1345470 2097914798 41948905 116966
0b002f01 0b002901 10000 100 1940574 2030794247 109547841 171019
0b003501 0b003701 10001 100 1930436 2078507861 61853524 166009
0b001501 0b001101 10001 100 3705854 2011405610 129120588 319019
0b002401 0b002301 10003 100 489886 2080596824 61603265 49392
0b000e01 0b000901 10002 100 1908570 2089920498 53540778 168336
0b003001 0b003501 10007 100 777968 2058583640 87011932 73544
0b000201 0b000401 10002 100 1775905 2076222956 69677807 157212
0b003d01 0b003801 10003 100 2897575 2027471965 119409748 251254
0b000401 0b000501 10000 100 2852784 2037626620 110443211 243338
