0b000001 0b000101 10000 100 20752 2002260911 20047173 20047443
0b000101 0b000001 10000 100 27118 2000684987 21671902 20049587
0b000001 0b000101 10002 100 46291 2003970371 20652462 20056015
0b000001 0b000101 10003 100 6118 2003982303 20661157 20042545
0b000101 0b000001 10002 100 1191 2011341660 20040551 20040891
0b000001 0b000101 10004 100 3244 2010777020 21601021 20041579
0b000101 0b000001 10003 100 16439 2013388609 20045700 20046001
0b000001 0b000101 10006 100 25651 2016984708 20049288 20049087
0b000101 0b000001 10006 100 6552 2020373613 20042375 20042684
0b000101 0b000001 10009 100 2898 2024480692 20282745 20041453
0b000101 0b000001 10011 100 9288 2025448131 20313011 20043605
0b000101 0b000001 10012 100 47685 2027786755 20056246 20056476
0b000001 0b000101 10010 100 114962 2032607897 21406119 20079034
0b000001 0b000101 10011 100 42068 2033162184 20887913 20054602
0b000001 0b000101 10012 100 28304 2033869587 20219133 20049982
0b000101 0b000001 10017 100 18794 2032017586 22901873 20046785
0b000001 0b000101 10015 100 33467 2039780391 20051861 20051711
0b000101 0b000001 10018 100 66699 2033329435 26917694 20062852
0b000101 0b000001 10019 100 21970 2034581177 26969209 20047848
0b000001 0b000101 10017 100 63986 2041271559 20611645 20061938
0b000101 0b000001 10023 100 51867 2039537783 22501780 20057876
0b000101 0b000001 10005 100 60977 2020047174 42014351 20060929
0b000001 0b000101 10019 100 7826 2045458436 26152549 20043107
0b000001 0b000101 10020 100 117 2047861471 23859603 20040532
0b000001 0b000101 10024 100 40114 2053064261 21883121 20053946
0b000001 0b000101 10025 100 2041 2054180146 21651831 20041179
0b000101 0b000001 10026 100 6966 2054656388 21369205 20042816
0b000101 0b000001 10027 100 53234 2055375960 22114320 20058344
0b000001 0b000101 10014 100 53240 2035132454 42407725 20058346
0b000101 0b000001 10028 100 25196 2056629657 20919138 20048942
0b000101 0b000001 10029 100 29996 2056689271 20872175 20050539
0b000001 0b000101 10027 100 78073 2055328162 22998299 20066676
0b000001 0b000101 10028 100 20739 2058181793 22076994 20047439
0b000001 0b000101 10007 100 121962 2019008240 61953305 20081381
0b000001 0b000101 10030 100 24490 2060069942 21148818 20048700
0b000001 0b000101 10031 100 53468 2060705120 20558234 20058419
0b000101 0b000001 10036 100 39849 2068710908 20054251 20053846
0b000101 0b000001 10038 100 22180 2070730268 23498111 20047930
0b000101 0b000001 10024 100 22278 2049663745 45997121 20047962
0b000101 0b000001 10040 100 1068 2072578732 26405324 20040852
0b000101 0b000001 10043 100 4780 2074069307 31946929 20042086
0b000101 0b000001 10044 100 29458 2074828711 35484363 20050367
0b000001 0b000101 10035 100 22410 2070056085 41474200 20048004
0b000001 0b000101 10036 100 885 2071404857 45507758 20040778
0b000001 0b000101 10021 100 67590 2048386156 68821341 20063153
0b000101 0b000001 10031 100 74150 2058388957 61670103 20065360
0b000001 0b000101 10023 100 66203 2051923701 68340005 20062694
0b000001 0b000101 10040 100 5731 2079255886 43400094 20042406
0b000001 0b000101 10042 100 18996 2083257278 43778159 20046850
0b000001 0b000101 10033 100 64614 2062489543 64757526 20062154
0b000001 0b000101 10045 100 16063 2088438503 43385720 20045881
0b000101 0b000001 10056 100 4550 2090258336 42835731 20042012
0b000101 0b000001 10057 100 26695 2091341842 42176164 20049437
0b000101 0b000001 10058 100 75411 2091625560 42027495 20065778
0b000101 0b000001 10059 100 3300 2092127549 41715691 20041597
0b000001 0b000101 10047 100 38512 2091996737 50443851 20053402
0b000001 0b000101 10049 100 9267 2092532827 49997073 20043599
0b000001 0b000101 10050 100 77710 2093195070 50523849 20066545
0b000001 0b000101 10043 100 45104 2084084461 82700409 20055619
0b000001 0b000101 10051 100 39700 2095939886 87218826 20053798
0b000001 0b000101 10005 100 411023 2011637596 184548137 20178335
0b000101 0b000001 10022 100 445277 2036251141 166199248 20189819
0b000101 0b000001 10004 100 879528 2014902225 189097387 20335445
0b000101 0b000001 10020 100 526310 2035054648 170757647 20216993
0b000101 0b000001 10010 100 914595 2025321378 200650093 20347204
0b000001 0b000101 10029 100 746415 2058505579 181949850 20290806
0b000101 0b000001 10008 100 1345032 2023780041 228016755 20491564
0b000101 0b000001 10013 100 1021924 2028174664 224119240 20383193
0b000101 0b000001 10015 100 1428651 2029261298 224035313 20519597
0b000001 0b000101 10008 100 769291 2028498289 225994622 20298480
0b000001 0b000101 10032 100 442795 2062196970 197031319 20188978
0b000001 0b000101 10038 100 330943 2073384435 200084167 20151465
0b000101 0b000001 10007 100 1940851 2023614908 264319703 20691366
0b000101 0b000001 10037 100 1591092 2068962609 230605272 20574082
0b000001 0b000101 10034 100 1417516 2063009527 236921800 20515865
0b000101 0b000001 10034 100 1210800 2065570437 253882512 20446536
0b000101 0b000001 10046 100 688719 2077142679 248501121 20271453
0b000101 0b000001 10014 100 1515578 2028508926 315806854 20548750
0b000101 0b000001 10050 100 1353012 2079172498 277485967 20494241
0b000001 0b000101 10039 100 1280712 2074481491 286955345 20469984
0b000101 0b000001 10055 100 1568905 2082484207 283361189 20566629
0b000101 0b000001 10035 100 1497715 2067997800 298944657 20542758
0b000101 0b000001 10045 100 1647434 2076202931 326874518 20592972
0b000101 0b000001 10049 100 2537261 2078891438 327848938 20891387
0b000101 0b000001 10021 100 2173462 2035976794 379220271 20769380
0b000101 0b000001 10033 100 1587560 2065261495 350353936 20572890
0b000101 0b000001 10060 100 2565709 2093270509 343667715 20900920
0b000101 0b000001 10032 100 2196390 2062986207 374071694 20777070
0b000101 0b000001 10030 100 2438380 2058166023 429960957 20858224
0b000101 0b000001 10001 100 3690762 2004628571 513519162 21278217
0b000101 0b000001 10016 100 3366290 2030166330 560470598 21169409
0b000001 0b000101 10018 100 3268297 2042000634 558725667 21136546
0b000101 0b000001 10054 100 4167872 2080912976 748001489 21438219
0b000001 0b000101 10046 100 6747709 2089788269 830116746 22303396
0b000001 0b000101 10009 100 6672727 2031504699 963742978 22278249
0b000001 0b000101 10037 100 6937262 2072314201 950168815 22366971
0b000101 0b000001 10053 100 6583710 2080426137 979845751 22248397
0b000001 0b000101 10052 100 6522439 2097433548 983407585 22227853
0b000001 0b000101 10022 100 5903485 2050215768 1096463597 22020280
0b000001 0b000101 10026 100 9199202 2054744474 1123723008 23125536
0b000101 0b000001 10061 100 7682941 2099191182 1079309129 22617032
0b000101 0b000001 10051 100 6762014 2079240122 1201946306 22308204
0b000101 0b000001 10025 100 8415930 2054216797 1549233944 22862847
0b000001 0b000101 10044 100 9158295 2086744626 1549542503 23111816
0b000101 0b000001 10048 100 9269460 2078529075 1745200309 23149094
0b000101 0b000001 10042 100 8909030 2073551313 1805368135 23028227
