0b000501 0b000101 10000 100 5000000 2000000000 14575035 423360
0b000601 0b000101 10000 100 5000000 2000000000 14578167 423360
0b000b01 0b000101 10000 100 5000000 2000000000 14589564 423360
0b000701 0b000101 10000 100 5000000 2000000000 14623320 423360
0b000901 0b000101 10000 100 5000000 2000000000 36980058 423360
0b000a01 0b000101 10000 100 5000000 2000000000 36980319 423360
0b000801 0b000101 10000 100 5000000 2000000000 36987540 423360
0b000201 0b000101 10000 100 200000000 2000000000 49476303 16772160
0b000301 0b000101 10000 100 200000000 2000000000 49477086 16772160
0b000401 0b000101 10000 100 150000000 2000000000 291955990 12580160
