0b000801 0b000101 10000 100 5000000 2000000000 4697373 423360
0b000a01 0b000101 10000 100 5000000 2000000000 4698618 423360
0b000901 0b000101 10000 100 5000000 2000000000 4706503 423360
0b000501 0b000101 10000 100 5000000 2000000000 4809921 423360
0b000b01 0b000101 10000 100 5000000 2000000000 4911545 423360
0b000701 0b000101 10000 100 5000000 2000000000 4928260 423360
0b000601 0b000101 10000 100 5000000 2000000000 5006049 423360
0b000401 0b000101 10000 100 150000000 2000000000 51632826 12580160
0b000201 0b000101 10000 100 200000000 2000000000 63310155 16772160
0b000301 0b000101 10000 100 200000000 2000000000 63709520 16772160
