0b00f201 0b003a01 10000 100 7985 2000006872 12851 12909
0b00c701 0b00b101 10000 100 4714 2000008239 12577 12636
0b008901 0b008301 10000 100 56622 2000013449 8850 8908
0b00e201 0b010d01 10000 100 1948 2000012598 12344 12403
0b00aa01 0b006001 10000 100 26932 2000012243 14443 14498
0b00f401 0b010f01 10000 100 27296 2000012438 14476 14531
0b001d01 0b007a01 10000 100 2171 2000017222 12366 12425
0b008801 0b00e001 10000 100 21630 2000017405 13998 14054
0b00df01 0b00d401 10000 100 44570 2000023595 7838 7898
0b005701 0b006c01 10000 100 51148 2000020673 12436 12491
0b00b701 0b00a401 10000 100 2703 2000026162 8364 8427
0b00bb01 0b005c01 10000 100 36804 2000019421 15272 15326
0b002401 0b006301 10000 100 64865 2000026698 17629 17678
0b011f01 0b002601 10000 100 37742 2000029194 15351 15405
0b000701 0b012a01 10000 100 32605 2000030753 15116 14975
0b00b401 0b00fc01 10000 100 6196 2000033889 12704 12762
0b00d301 0b012d01 10000 100 158264 2000023371 25477 25511
0b013701 0b006001 10000 100 4978 2000037346 12598 12657
0b009a01 0b002e01 10000 100 79241 2000032460 18839 18886
0b007301 0b00d001 10000 100 181202 2000047369 27404 27435
0b00f801 0b00f201 10000 100 19016 2000072301 5867 5758
0b00af01 0b001101 10000 100 25107 2000064961 14293 14348
0b007a01 0b012e01 10000 100 28349 2000067220 14584 14619
0b00bd01 0b005101 10000 100 22206 2000069238 14048 14104
0b003401 0b00c501 10000 100 36273 2000070115 15230 15283
0b009901 0b003301 10000 100 127966 2000065498 23246 22968
0b00e401 0b013201 10000 100 32655 2000073938 14924 14979
0b000701 0b013501 10000 100 28073 2000076921 14542 14597
0b008201 0b006e01 10000 100 22891 2000077737 14119 14159
0b004401 0b002b01 10000 100 50650 2000075121 16749 16487
0b013b01 0b006501 10000 100 15351 2000080985 14689 13529
0b008301 0b00ee01 10000 100 24251 2000083871 14230 14276
0b00f601 0b009901 10000 100 105380 2000076856 21294 21077
0b006601 0b010701 10000 100 24974 2000084735 14278 14333
0b013001 0b006901 10000 100 24179 2000086248 14476 14270
0b012501 0b011901 10000 100 8893 2000092104 8883 8946
0b000001 0b001201 10000 100 220 2000098159 8064 8221
0b008c01 0b005401 10000 100 81409 2000080752 25753 19067
0b00f101 0b00ab01 10000 100 1082418 2000004886 103223 102992
0b000901 0b009c01 10000 100 5393 2000106349 12635 12694
0b00ab01 0b008a01 10000 100 173885 2000096088 23027 22778
0b00a501 0b010b01 10000 100 53608 2000102957 16700 16736
0b012401 0b00b801 10000 100 952 2000108226 12297 12320
0b007a01 0b00ba01 10000 100 6592 2000109705 12859 12794
0b00f401 0b00cb01 10000 100 4967 2000116377 9505 8616
0b008b01 0b00d601 10000 100 7756 2000113947 13412 12891
0b013d01 0b005c01 10000 100 598990 2000065397 62520 62459
0b002901 0b006101 10000 100 14592 2000114631 13569 13464
0b00f201 0b002d01 10000 100 20951 2000117474 13961 13996
0b010201 0b011901 10000 100 123878 2000114915 18542 18586
0b003601 0b001201 10000 100 69867 2000121153 14069 14058
0b004901 0b009601 10000 100 137704 2000111884 23748 23786
0b004b01 0b004001 10000 100 7989 2000131928 4763 4829
0b007201 0b00b001 10000 100 8648 2000124114 13086 12966
0b008801 0b009c01 10000 100 130088 2000118207 19088 19110
0b003d01 0b004401 10000 100 608345 2000075225 63598 63246
0b010601 0b008401 10000 100 72854 2000122145 18300 18348
0b004501 0b001c01 10000 100 103329 2000120300 20891 20905
0b00f501 0b005f01 10000 100 29794 2000126578 14687 14738
0b00f201 0b00f801 10000 100 51311 2000130539 12750 8464
0b00de01 0b005701 10000 100 78538 2000124200 19461 18826
0b00b201 0b00e701 10000 100 17754 2000130246 13687 13729
0b00aa01 0b007f01 10000 100 42558 2000135655 15841 15809
0b00e801 0b00aa01 10000 100 172136 2000117379 35127 26675
0b000d01 0b002001 10000 100 464249 2000108218 47491 47125
0b012c01 0b003601 10000 100 214663 2000128702 30229 30238
0b00d101 0b00da01 10000 100 402485 2000122886 37903 37906
0b003201 0b007901 10000 100 1619700 2000022351 148255 148036
0b001f01 0b00d301 10000 100 828855 2000111019 81836 81731
0b005d01 0b006b01 10000 100 1558132 2000056208 139050 138837
0b00f901 0b000b01 10000 100 818538 2000134710 80971 80868
0b008b01 0b005401 10000 100 1541792 2000071677 154211 141504
0b00ce01 0b00f401 10000 100 1332816 2000074620 172298 119944
0b00c501 0b005801 10000 100 1922889 2000084225 173724 173455
0b00cd01 0b00a001 10000 100 1582841 2000117432 145151 144946
0b00e801 0b00b101 10000 100 1447884 2000123294 142388 133631
0b011c01 0b006801 10000 100 2288952 2000058483 211753 204145
0b010101 0b012401 10000 100 2231112 2000093713 195557 195259
0b00e001 0b009101 10000 100 2432634 2000101223 216523 216193
0b00ea01 0b00ae01 10000 100 2310539 2000124318 206267 205957
0b007c01 0b006a01 10000 100 3217242 2000057643 278421 277936
0b012e01 0b00dd01 10000 100 3025441 2000113244 266326 265895
0b003301 0b009001 10000 100 3120168 2000114517 274325 273838
0b00f401 0b001701 10000 100 3710332 2000102141 328631 323316
0b011e01 0b00f801 10000 100 4302443 2000044200 396517 372958
0b011701 0b007201 10000 100 4094100 2000098723 356141 355492
0b013b01 0b007a01 10000 100 4578857 2000078674 398170 396131
0b009401 0b002601 10000 100 4341872 2000104620 376932 376263
0b002001 0b010d01 10000 100 4845307 2000131695 420129 418473
0b00b001 0b00a301 10000 100 5401630 2000099513 461910 461074
0b003e01 0b013001 10000 100 6753800 2000020935 579621 578479
0b00fb01 0b00c901 10000 100 7001767 2000016350 596305 595229
0b012a01 0b013801 10000 100 8599122 2000020157 730598 729153
0b005701 0b002901 10000 100 8229230 2000050644 703902 702181
0b00df01 0b011c01 10000 100 8289410 2000123840 715078 707226
0b00c701 0b002c01 10000 100 9991895 2000061505 851544 849960
0b00ff01 0b00de01 10000 100 10321696 2000122839 875476 873572
0b010e01 0b007301 10000 100 9424816 2000125484 2204789 802417
0b00ce01 0b00e201 10000 100 26770288 2000134583 2308967 2252623
0b00d901 0b007301 10000 100 20882686 2000088784 4663868 1763045
