0b000401 0b001a01 10000 100 3103 2000070813 17018 16903
0b000b01 0b001101 10000 100 78615 2000062983 29537 23232
0b000601 0b001801 10000 100 4372 2000075321 23789 17008
0b000b01 0b001d01 10000 100 24103 2000103021 18736 18664
0b003001 0b003801 10000 100 27315 2000116076 14709 14772
0b002d01 0b003101 10000 100 6920 2000121982 18208 17220
0b003401 0b003101 10000 100 60457 2000174862 13285 13390
0b002401 0b003401 10000 100 28285 2000171751 19010 19014
0b001d01 0b000601 10000 100 40359 2000218056 26208 20026
0b003101 0b002201 10000 100 43853 2000179451 74395 20317
0b000401 0b001701 10000 100 519201 2000203944 66765 60172
0b001f01 0b001b01 10000 100 33532 2000223597 97425 11133
0b002601 0b002301 10000 100 46239 2000317949 12105 12199
0b002a01 0b003601 10000 100 649 2000317513 16567 16695
0b003401 0b003201 10000 100 4012 2000340355 8601 8660
0b000201 0b000401 10000 100 1048217 2000192940 186764 96205
0b002e01 0b002b01 10000 100 3042 2000433054 8521 8578
0b002701 0b002901 10000 100 120624 2000410532 32379 22594
0b002601 0b002101 10000 100 339136 2000399875 46429 36756
0b002d01 0b002f01 10000 100 4346874 2000094800 365457 368602
0b000a01 0b000c01 10000 100 3294891 2000167572 303156 284564
0b002b01 0b003601 10000 100 35757 2000417189 60585 19638
0b000e01 0b000501 10000 100 14423 2000484324 47871 13691
0b002601 0b002801 10000 100 68474 2000519784 18224 18222
0b002a01 0b003b01 10000 100 1155547 2000127605 436723 113522
0b000301 0b001801 10000 100 21610 2000434574 148613 18453
0b002801 0b002501 10000 100 64156 2000572070 17801 17862
0b003101 0b003d01 10000 100 5366 2000577530 13415 12932
0b000e01 0b000f01 10000 100 15109 2000608408 5348 5430
0b001201 0b001f01 10000 100 199320 2000502738 125267 29193
0b000001 0b000c01 10000 100 32692 2000641270 16294 15222
0b002901 0b002e01 10000 100 346750 2000648442 37978 37392
0b002a01 0b002901 10000 100 783993 2000576425 112494 69890
0b001401 0b000a01 10000 100 25359 2000695229 73273 18768
0b001c01 0b001401 10000 100 1321439 2000361837 440324 123271
0b000501 0b000c01 10000 100 64923 2000756192 51672 17923
0b002d01 0b002201 10000 100 949846 2000679153 140027 92115
0b002201 0b000a01 10000 100 34127 2000024875 821218 819524
0b003a01 0b003401 10000 100 9255 2000841131 14098 13258
0b002b01 0b002501 10000 100 12188 2000873046 13605 13504
0b001d01 0b002f01 10000 100 3805 2000063796 825858 816979
0b000601 0b000f01 10000 100 28424 2000794454 102827 14865
0b001001 0b001701 10000 100 640341 2000819406 94012 62008
0b001701 0b002001 10000 100 4817 2000117362 817482 817064
0b002e01 0b002d01 10000 100 24775 2000938318 6148 6238
0b001201 0b001a01 10000 100 8351 2000933863 13311 13182
0b001e01 0b003d01 10000 100 79267 2000059210 924836 823308
0b003f01 0b003101 10000 100 7182 2000977540 15946 13085
0b003e01 0b003d01 10000 100 98827 2000989570 12294 12446
0b000101 0b001501 10000 100 142184 2000555149 468033 28563
0b002a01 0b003001 10000 100 73115 2000769484 278628 22773
0b003a01 0b003601 10000 100 63110 2001032396 21287 17774
0b002301 0b000201 10000 100 27502 2000144563 929912 818967
0b000601 0b002201 10000 100 15554 2000090597 1011097 817965
0b002801 0b000e01 10000 100 15605 2000256804 876008 817969
0b002001 0b001901 10000 100 77844 2000257342 880406 823187
0b000401 0b003c01 10000 100 537640 2000136696 1002488 861737
0b002d01 0b003a01 10000 100 24825 2000739507 422402 18722
0b003501 0b001801 10000 100 28356 2000075428 1088972 819039
0b002101 0b002701 10000 100 20763 2001164329 10148 10061
0b000501 0b000601 10000 100 32580 2001167067 9613 6893
0b001501 0b003801 10000 100 115410 2000168223 1024316 826338
0b000d01 0b002c01 10000 100 65731 2000351186 874503 822171
0b002101 0b000501 10000 100 66234 2000409598 824864 822216
0b002701 0b003901 10000 100 1829 2000931510 313264 16794
0b000f01 0b002c01 10000 100 59400 2000297965 948574 821642
0b002401 0b002c01 10000 100 5582 2001253991 14028 12949
0b002901 0b001d01 10000 100 170539 2000317706 971875 830959
0b001e01 0b003801 10000 100 4290 2000164051 1126060 817022
0b002001 0b003701 10000 100 17012 2001156761 189130 18070
0b002e01 0b000c01 10000 100 74897 2000372538 981491 822939
0b000301 0b000101 10000 100 2874628 2001102149 273314 245170
0b003f01 0b000a01 10000 100 6785 2000415408 978091 817229
0b000301 0b002001 10000 100 5957 2000578779 817464 817159
0b000401 0b000901 10000 100 182492 2001367788 32044 27782
0b001801 0b002f01 10000 100 1954187 2000211132 1195747 980502
0b003701 0b002001 10000 100 21699 2000840804 572982 18460
0b000e01 0b000001 10000 100 35911 2001211923 207938 15491
0b001c01 0b001401 10001 100 1618794 2000643044 785738 148200
0b003301 0b001c01 10000 100 32073 2000046042 1405219 819352
0b002601 0b000e01 10000 100 1111869 2000215321 1245696 909879
0b003e01 0b003801 10000 100 1131728 2001007847 462844 103205
0b002901 0b002e01 10001 100 2843745 2000999365 480274 246740
0b003d01 0b001001 10000 100 38308 2000294679 1208123 819874
0b003401 0b003601 10000 100 110921 2001487974 16745 13459
0b000601 0b000d01 10000 100 62432 2001196434 311623 17716
0b001001 0b001501 10000 100 20844 2001430286 120030 10068
0b001e01 0b001001 10000 100 20498 2001531792 18946 14200
0b001401 0b001501 10000 100 20161 2001551452 7491 5853
0b003a01 0b003e01 10000 100 1086 2001544909 24459 8414
0b002001 0b001f01 10000 100 43760 2000542867 1044877 820329
0b002f01 0b000a01 10000 100 1957 2000750259 851446 816824
0b002601 0b003d01 10000 100 8727 2001488498 143488 17372
0b003501 0b000701 10000 100 1306926 2000536507 1113398 926232
0b002501 0b001a01 10000 100 2306130 2000079534 1603105 1010009
0b000101 0b000301 10000 100 22019 2001680857 6911 6009
0b002301 0b003301 10000 100 25733 2001545398 167034 18798
0b000301 0b003e01 10000 100 2105 2000345267 1367583 816839
0b002101 0b002301 10000 100 78659 2001702948 10773 10756
0b001701 0b003201 10000 100 49613 2000519648 1210286 820821
0b002901 0b003201 10000 100 695449 2000786061 952029 74948
0b002401 0b000a01 10000 100 401112 2000616631 1145693 850292
0b003901 0b000b01 10000 100 2959158 2000224320 1539939 1064759
0b002901 0b002b01 10000 100 24495 2001764404 8229 6215
0b002901 0b001301 10000 100 179578 2000483619 1307870 831717
0b001e01 0b002a01 10000 100 2480841 2000145498 1649281 1024654
0b003401 0b000501 10000 100 22276 2000743788 1056928 818530
0b000501 0b002e01 10000 100 16831 2000926796 883848 818071
0b001801 0b003501 10000 100 28774 2000584048 1239711 819073
0b002a01 0b002d01 10000 100 2977 2001632623 220932 8569
0b003101 0b002101 10000 100 22814 2001063736 792934 18553
0b002401 0b000401 10000 100 75029 2000680367 1181497 822954
0b002001 0b002b01 10000 100 30933 2001648337 216182 15073
0b000101 0b000d01 10000 100 2549 2001822230 48909 12695
0b002201 0b000d01 10000 100 30206 2000363898 1510807 819195
0b000a01 0b001d01 10000 100 20623 2000725375 1191095 18370
0b000d01 0b002f01 10000 100 4215 2000397453 1526485 817016
0b000401 0b000f01 10000 100 1262774 2001716259 227736 118351
0b003801 0b003e01 10000 100 705493 2001842649 101405 67470
0b001f01 0b001201 10000 100 1659713 2001075912 880858 151631
0b002a01 0b003501 10000 100 4258590 2000421766 1564944 373681
0b002d01 0b002b01 10000 100 6173 2001983049 8999 8840
0b000101 0b003d01 10000 100 20259 2000813267 1187955 818361
0b000701 0b003601 10000 100 4964449 2000022568 1981909 1232881
0b003501 0b001401 10000 100 23660 2000642523 1409878 818644
0b001d01 0b000101 10000 100 53807 2000955988 1101066 21151
0b003301 0b003701 10000 100 41536 2002081350 13776 11804
0b003b01 0b001401 10000 100 1383757 2000275752 1837832 932675
0b000101 0b002101 10000 100 136057 2000837435 1291099 828070
0b001401 0b003301 10000 100 5401 2000621418 1516498 817115
0b001e01 0b001f01 10000 100 57799 2002141840 13255 9006
0b000701 0b002101 10000 100 48208 2000863304 1305021 820704
0b001401 0b000401 10000 100 1360598 2000963370 1228566 130714
0b000f01 0b000b01 10000 100 16592 2002127181 71294 9712
0b000701 0b003301 10000 100 5380 2000460597 1737878 817113
0b000301 0b000f01 10000 100 1271622 2001595084 615306 119094
0b001201 0b001a01 10001 100 36152 2002200193 16397 15514
0b003601 0b003a01 10000 100 68972 2002205430 36639 18262
0b001801 0b001601 10000 100 26715 2002247687 17540 14720
0b001601 0b001c01 10000 100 45844 2002223882 43748 16324
0b000d01 0b000901 10000 100 52894 2002273237 12656 12755
0b002401 0b002301 10000 100 6008 2002280285 8916 8827
0b000501 0b002801 10000 100 1769034 2000322231 2029049 964979
0b002701 0b002801 10000 100 617787 2002246587 117241 64276
0b003101 0b002101 10001 100 71165 2001459543 911689 22609
0b003801 0b003b01 10000 100 3805 2002376673 4574 4479
0b003e01 0b000901 10000 100 5512 2001380723 1000638 817124
0b001901 0b000001 10000 100 3416 2000758913 1645128 16928
0b002f01 0b003501 10000 100 393768 2001387219 1035794 49654
0b000401 0b003201 10000 100 724204 2000600851 1830593 877380
0b002b01 0b001d01 10000 100 25754 2000289029 2159818 818820
0b003501 0b002101 10000 100 131757 2001577928 882358 27687
0b000c01 0b000f01 10000 100 76669 2002453887 10543 10589
0b000501 0b000e01 10000 100 49048 2002447184 19973 16595
0b003f01 0b002201 10000 100 28282 2001546660 929185 19013
0b003301 0b001101 10000 100 812969 2000788253 1693497 884819
0b001d01 0b001901 10000 100 139400 2002443917 38552 20009
0b002901 0b003b01 10000 100 20197 2001782169 719731 18336
0b000101 0b000901 10000 100 600398 2002343521 159031 62819
0b003101 0b003301 10000 100 1265068 2002395610 110235 110226
0b002201 0b003601 10000 100 44989 2001604474 905475 20411
0b002501 0b003001 10000 100 1344 2001598969 916357 16755
0b000501 0b000b01 10000 100 66132 2002602930 19239 18027
0b003801 0b000c01 10000 100 3842 2000857551 1775966 816982
0b002c01 0b000b01 10000 100 1977658 2001541723 1121787 982468
0b002a01 0b000f01 10000 100 40403 2001284405 1395307 820049
0b000d01 0b001d01 10000 100 178847 2001208550 1473126 31635
0b002601 0b000301 10000 100 8545 2000775942 1914387 817378
0b001001 0b001701 10001 100 74464 2002541349 157403 14565
0b000201 0b000301 10000 100 4573 2002721971 4866 4545
0b001e01 0b001301 10000 100 5773592 2001246699 1505848 496539
0b002e01 0b000d01 10000 100 24702 2000830099 1947364 818732
0b002e01 0b002701 10000 100 8949 2002763208 15508 13230
0b002c01 0b002201 10000 100 195150 2002753327 37499 28844
0b003901 0b001201 10000 100 3741 2001051941 1739366 816974
0b003701 0b000301 10000 100 413 2001566437 1232409 816696
0b003301 0b000e01 10000 100 61786 2001328210 1501406 821840
0b003b01 0b003c01 10000 100 6335 2002696240 145807 8853
0b003001 0b002a01 10000 100 1531937 2001602982 1243093 145077
0b001901 0b000b01 10000 100 72414 2001129968 1744663 22713
0b001b01 0b002d01 10000 100 1091 2001045937 1828706 816754
0b000501 0b002301 10000 100 12940 2000963504 1911364 817745
0b000b01 0b003201 10000 100 24349 2000878929 2016403 818703
0b000201 0b003701 10000 100 5378993 2000030015 2866369 1267634
0b003201 0b000201 10000 100 1799406 2000684845 2219759 967524
0b003b01 0b000b01 10000 100 179028 2000988055 1930798 831673
0b000f01 0b002f01 10000 100 52467 2001065597 1866667 821060
0b002701 0b002401 10000 100 46382 2002932885 9532 8051
0b000101 0b000c01 10000 100 691697 2002697684 251176 70473
0b000201 0b000501 10000 100 59151 2002963155 31104 13282
0b000201 0b003201 10000 100 2069 2000204682 2796470 816837
0b001601 0b001101 10000 100 22232 2002813214 188989 10186
0b000f01 0b001f01 10000 100 947179 2001307623 1705049 96054
0b000601 0b002901 10000 100 1829871 2001138328 1880794 970076
0b001301 0b003701 10000 100 68142 2001087220 1934962 822376
0b001801 0b000a01 10000 100 415 2001662742 1364035 16677
0b001d01 0b003e01 10000 100 46354 2001283173 1763167 820548
0b002e01 0b002501 10000 100 25308 2003032305 16388 14604
0b001e01 0b001f01 10001 100 4258534 2002439768 614880 361197
0b001f01 0b002b01 10000 100 1535938 2001292343 1772055 945433
0b000f01 0b000401 10000 100 311565 2003042184 54756 38603
0b001501 0b003301 10000 100 10114 2001042639 2066829 817511
0b002801 0b000001 10000 100 17269 2001918308 1191288 818110
0b000d01 0b000701 10000 100 95367 2003097938 54223 20478
0b002201 0b002001 10000 100 55574 2003147416 8705 8820
0b000701 0b002d01 10000 100 74521 2001568187 1616348 822909
0b002b01 0b002701 10000 100 175127 2002790186 411601 27166
0b003801 0b000b01 10000 100 24670 2001760573 1441639 818729
0b000501 0b002201 10000 100 3764612 2000880764 2330732 1132286
0b000d01 0b002001 10000 100 177036 2001315195 1898066 831506
0b000001 0b001201 10000 100 28060 2001379121 1835520 18996
0b000101 0b000601 10000 100 9477672 2001394492 1835754 802929
0b000901 0b002c01 10000 100 22775 2001587859 1660377 818570
0b001b01 0b002301 10000 100 6152 2001621056 1628091 817179
0b003301 0b003b01 10000 100 38155 2003027971 226830 15682
0b002501 0b002a01 10000 100 295 2003257941 53958 12507
0b003c01 0b003201 10000 100 43880 2003100093 237143 16159
0b002901 0b002001 10000 100 1252 2003326362 13134 12587
0b000e01 0b001501 10000 100 3356 2002105428 1242531 16923
0b003f01 0b000101 10000 100 5403382 2000574106 2789538 1269681
0b002401 0b002801 10000 100 28367 2003351053 17690 14860
0b000101 0b002d01 10000 100 307225 2001191713 2196182 842420
0b000601 0b003c01 10000 100 25222 2000663690 2740505 818777
0b002d01 0b001b01 10000 100 540632 2001838326 1580214 861988
0b000401 0b003901 10000 100 160936 2001648181 1784656 830153
0b002801 0b002701 10000 100 12809 2003415067 22876 13554
0b000901 0b001701 10000 100 65967 2001775036 1683164 22170
0b002e01 0b002201 10000 100 12882 2003468559 19928 13560
0b003a01 0b002e01 10000 100 360606 2000973715 2525557 46874
0b002a01 0b003801 10000 100 55238 2001288673 2211910 21274
0b003001 0b002101 10000 100 7309 2002261719 1261138 17255
0b000701 0b003901 10000 100 222685 2001795090 1727870 835331
0b000001 0b001f01 10000 100 1057 2002171805 1351823 16732
0b000601 0b001601 10000 100 26255 2002263570 1265239 18844
0b003401 0b001601 10000 100 802757 2001142543 2390004 883964
0b003a01 0b002101 10000 100 4068385 2001529004 2023777 357735
0b002301 0b002901 10000 100 2032783 2003182177 375533 182909
0b001201 0b002e01 10000 100 14545 2001330068 2238900 817881
0b002201 0b002a01 10000 100 148293 2003529887 52517 24915
0b000b01 0b000f01 10000 100 683781 2003244399 408680 65649
0b000001 0b002b01 10000 100 42846 2001257720 2435824 820252
0b000501 0b001e01 10000 100 30157 2002488810 1216075 19171
0b002e01 0b002201 10001 100 48219 2003693242 21944 16525
0b002301 0b002b01 10000 100 810667 2003430975 294276 80447
0b001901 0b002901 10000 100 63639 2001821807 1953766 821996
0b001401 0b000b01 10000 100 63076 2001548822 2262981 21931
0b000601 0b001e01 10000 100 10465 2001445701 2382523 17519
0b000301 0b000b01 10000 100 74993 2003733463 102628 18767
0b003901 0b000a01 10000 100 48967 2001800393 2040213 820765
0b001e01 0b001a01 10000 100 29138 2003584009 333287 10766
0b000401 0b002a01 10000 100 19330 2002274024 1688816 818283
0b002201 0b001701 10000 100 60597 2001643216 2329084 821742
0b003801 0b003401 10000 100 66049 2003317773 656788 18021
0b002c01 0b000601 10000 100 72033 2001850868 2124958 822702
0b000001 0b002401 10000 100 56004 2002129290 1876725 821359
0b002d01 0b003d01 10000 100 71878 2002102126 1905249 22666
0b001801 0b000501 10000 100 19804 2002707457 1323124 18301
0b001501 0b003d01 10000 100 870 2001508738 2523801 816733
0b002301 0b000e01 10000 100 41793 2002741608 1299051 820164
0b001701 0b002601 10000 100 49062 2002383991 1660371 820776
0b001f01 0b000301 10000 100 1427 2002717565 1334508 16761
0b002c01 0b001701 10000 100 163608 2002164928 1887879 830378
0b000f01 0b001a01 10000 100 37761 2003049541 1012170 19806
0b001701 0b002701 10000 100 975385 2001449501 2627119 898438
0b002201 0b000f01 10000 100 4546 2001132413 2949869 817042
0b003201 0b003401 10000 100 141821 2003934377 190736 20210
0b002d01 0b001f01 10000 100 4500 2001499718 2625575 817039
0b003d01 0b003a01 10000 100 399020 2004104358 59324 41777
0b000201 0b003701 10001 100 20304 2001943142 2223168 818364
0b000401 0b000201 10000 100 6452626 2000409139 3774989 549309
0b000b01 0b000201 10000 100 5872676 2002848304 1338108 504846
0b002801 0b001d01 10000 100 13283 2002021758 2173340 817776
0b003101 0b003201 10000 100 487169 2004153050 49183 45007
0b001701 0b001101 10000 100 425014 2003850288 360835 43956
0b001601 0b001501 10000 100 4286185 2003856389 363515 363516
0b003601 0b000401 10000 100 55402 2001642673 2581635 821307
0b000601 0b000201 10000 100 68928 2004212980 15743 14099
0b003a01 0b001f01 10001 100 35915 2002004250 2252450 819671
0b000a01 0b000901 10000 100 9535121 2003451207 897295 803587
0b000301 0b000101 10001 100 813 2004372029 4184 4228
0b000e01 0b003101 10000 100 80996 2001862048 2527815 823450
0b003301 0b002b01 10000 100 25607 2002179094 2216326 18788
0b003001 0b003401 10000 100 5795 2003886844 517317 8806
0b000e01 0b001d01 10001 100 95557 2002891318 1514722 24653
0b003d01 0b001d01 10000 100 16801 2002425504 1994672 818069
0b003f01 0b001101 10000 100 179638 2001211173 3245871 831722
0b001c01 0b001b01 10000 100 114398 2003916448 551538 17913
0b001101 0b003701 10000 100 39219 2002195343 2306814 819951
0b002301 0b002f01 10000 100 9411350 2002476758 2043888 801530
0b001301 0b001f01 10000 100 2593043 2003692415 843477 229884
0b002801 0b002701 10001 100 5523776 2003569773 969682 475594
0b002801 0b000e01 10001 100 3363087 2001339780 3207884 1098624
0b000301 0b000401 10000 100 154230 2004242704 322029 21253
0b002901 0b003c01 10000 100 37484 2002867338 1710663 19784
0b001401 0b001201 10000 100 4736031 2002291168 2302961 405392
0b001401 0b003501 10000 100 7529 2002160776 2446823 817293
0b003401 0b000101 10000 100 89660 2001994543 2654669 824178
0b000101 0b000e01 10000 100 75002 2004016030 668289 18772
0b003401 0b001001 10000 100 106803 2002087452 2621870 825615
0b002701 0b002101 10000 100 2885 2004346638 373321 8562
0b003801 0b002e01 10000 100 779463 2002181792 2544664 81992
0b002e01 0b002a01 10000 100 72999 2004510380 283267 14440
0b002001 0b003f01 10000 100 25180 2001975927 2859442 18754
0b002d01 0b000301 10001 100 27663 2002771735 2077468 818980
0b003201 0b000201 10001 100 1001033 2000911837 3937864 900590
0b002801 0b000201 10000 100 22509 2002005893 2875703 818549
0b002301 0b001f01 10000 100 3103 2002746251 2143098 816923
0b000601 0b000301 10000 100 701898 2004810508 117859 67167
0b001701 0b000e01 10000 100 28984 2002029309 2905497 19070
0b000401 0b000b01 10000 100 45249 2004887214 60583 16276
0b002601 0b002c01 10000 100 3765214 2004145583 838187 328158
0b000301 0b000c01 10000 100 988429 2004743912 265880 95352
0b000601 0b003901 10000 100 60046 2001853017 3163781 821697
0b001301 0b000701 10000 100 219675 2002344491 2674476 35058
0b000301 0b000501 10000 100 57283 2004990697 29801 13125
0b002101 0b000101 10000 100 4186 2002944798 2093709 817014
0b001b01 0b001f01 10000 100 6611 2004330321 725874 8875
0b002901 0b001301 10001 100 5410919 2000914358 4149339 1270311
0b003e01 0b003801 10001 100 948681 2004194934 885545 87858
0b000e01 0b000d01 10000 100 811628 2005004228 84129 72208
0b003a01 0b001f01 10002 100 8376 2002274206 2821289 817364
0b002301 0b000401 10000 100 63524 2002318686 2777945 821987
0b001001 0b002d01 10001 100 21477 2002606135 2507647 818462
0b003d01 0b000701 10000 100 8211 2001657433 3466431 817351
0b000901 0b002d01 10000 100 1464318 2002974723 2162806 939431
0b001301 0b002301 10000 100 3642 2002823809 2339659 816966
0b001f01 0b000e01 10000 100 74784 2002630073 2555194 22910
0b001b01 0b001301 10000 100 60388 2005135442 60850 17545
0b001801 0b000901 10000 100 336444 2003207510 2013073 44849
0b001c01 0b000101 10000 100 59850 2002862932 2361956 21658
0b003d01 0b003901 10000 100 121755 2004579169 673520 18528
0b002f01 0b003d01 10000 100 534351 2003081894 2173489 61442
0b002001 0b003b01 10000 100 1567848 2002012638 3247902 148088
0b000a01 0b000f01 10000 100 60120 2005166164 100190 13363
0b003d01 0b003401 10000 100 4731 2005239792 42762 12877
0b003301 0b003f01 10000 100 17835 2005254337 39691 13975
0b002c01 0b000401 10000 100 26629 2001725587 3592688 818894
0b000301 0b000901 10000 100 1644647 2004980123 342756 150368
0b002401 0b001001 10000 100 72532 2002923158 2440882 822742
0b001a01 0b000d01 10000 100 238927 2003268568 2102401 36671
0b000801 0b002901 10000 100 13495 2002148953 3235258 817793
0b001401 0b000801 10000 100 72336 2003406338 1983419 22707
0b000c01 0b000101 10000 100 5995064 2003147520 2263022 515109
0b000101 0b000e01 10001 100 8876 2005413259 13949 13224
0b002a01 0b000601 10000 100 2043178 2001678880 3754386 987963
0b003d01 0b003b01 10000 100 4873352 2004582924 863331 416904
0b000a01 0b000801 10000 100 5503041 2004777503 669704 465538
0b002501 0b000001 10000 100 1707040 2003183689 2264908 959781
0b002d01 0b003601 10000 100 7805 2003109365 2356712 17295
0b000801 0b002101 10000 100 24011 2002593143 2911976 818676
0b002501 0b003a01 10000 100 14345 2003006404 2498890 17845
0b000001 0b000301 10000 100 8727 2005506925 5296 4892
0b001301 0b000f01 10000 100 75052 2003290293 2226937 22936
0b001a01 0b003201 10000 100 2168 2002635086 2890348 816844
0b003e01 0b001e01 10000 100 4082 2002444892 3083727 817005
0b003d01 0b001a01 10000 100 38758 2002026953 3504417 819910
0b002a01 0b001401 10000 100 23631 2002579882 2958579 818642
0b000701 0b000301 10000 100 653721 2005399657 141402 63129
0b000601 0b000101 10000 100 92252 2005520391 23143 16057
0b003201 0b000101 10000 100 373656 2002417399 3131977 847988
0b000101 0b000d01 10001 100 1528904 2004660719 895241 140663
0b003f01 0b000901 10000 100 28960 2002614096 2942115 819088
0b001001 0b000d01 10000 100 28052 2003190480 2370052 18995
0b002801 0b000401 10001 100 9664 2002529145 3036690 817471
0b002501 0b003601 10000 100 813076 2002911477 2676246 84811
0b002101 0b001c01 10000 100 7395 2003469850 2135396 817282
0b000701 0b002f01 10000 100 655738 2002299813 3329949 871638
0b001401 0b001201 10001 100 20958 2005606843 24579 10077
0b002201 0b001c01 10000 100 134486 2002214593 3418735 827937
0b001c01 0b003701 10000 100 8995 2002943870 2694981 817414
0b001f01 0b003f01 10000 100 2845940 2002089960 3563916 1055263
0b000d01 0b002001 10001 100 4215340 2002823461 2849772 1170076
0b003701 0b001601 10000 100 3721549 2001571713 4115833 1128676
0b003101 0b001401 10000 100 39292 2002386448 3320989 819956
0b003d01 0b002b01 10000 100 63792 2003545786 2163498 21989
0b001e01 0b000601 10000 100 43324 2003905038 1813717 20274
0b002a01 0b001101 10000 100 26063 2003442724 2300871 818848
0b002d01 0b002901 10000 100 28151 2004989307 760240 10683
0b001001 0b001b01 10000 100 179880 2005261620 516810 27561
0b000801 0b002801 10000 100 49444 2003618379 2163053 820807
0b001b01 0b001901 10000 100 3083753 2005185995 665319 262702
0b002601 0b000901 10000 100 1300930 2003183148 2676945 925730
0b002201 0b001901 10000 100 3591 2002224167 3642302 816962
0b000a01 0b002b01 10000 100 4871 2001450755 4456721 817068
0b003001 0b003501 10000 100 21223 2005615764 299487 10102
0b000c01 0b000f01 10001 100 71573 2005907687 10614 10162
0b002c01 0b003401 10000 100 64553 2004384658 1553893 22053
0b001301 0b001201 10000 100 169 2005940829 4047 4177
0b003301 0b003901 10000 100 22613 2005440226 527652 14377
0b002501 0b003501 10000 100 25598 2003644002 2350666 18787
0b002e01 0b003501 10000 100 9851 2003545674 2451237 17466
0b002f01 0b001001 10000 100 3624354 2002355736 3660355 1120528
0b001901 0b002b01 10000 100 4033 2003269307 2767113 817001
0b002401 0b000e01 10000 100 273669 2003852755 2268416 839605
0b001a01 0b000201 10000 100 67509 2002255991 3868759 22301
0b001b01 0b002a01 10000 100 74555 2002896443 3282970 822912
0b001001 0b000701 10000 100 7009205 2000414589 5810541 604294
0b001b01 0b002c01 10001 100 2517 2002069670 4192935 816872
0b001d01 0b002201 10000 100 12253 2002440711 3829025 817690
0b001a01 0b000d01 10001 100 21147 2004122189 2154355 18416
0b002401 0b002f01 10000 100 33342 2006256363 21151 15277
0b002501 0b001901 10000 100 25850 2002846976 3433429 818827
0b003501 0b002e01 10001 100 3772 2005161900 1151446 16957
0b001b01 0b002b01 10000 100 1846 2003723690 2599401 816815
0b000401 0b002201 10000 100 52129 2002421903 3908350 821033
0b001001 0b003c01 10000 100 160473 2002990635 3339909 830116
0b001d01 0b002d01 10000 100 240935 2004175314 2181628 836860
0b000301 0b000101 10002 100 7065 2006389146 5432 4755
0b000d01 0b000601 10000 100 32161 2006372428 30457 15179
0b002b01 0b000501 10000 100 6324 2004015585 2391174 817192
0b000a01 0b000501 10000 100 8393043 2002513269 3898156 716156
0b001001 0b001b01 10001 100 6373 2005939598 493868 13016
0b003b01 0b003e01 10000 100 52369 2006399460 42746 12713
0b000d01 0b000a01 10000 100 2531527 2005617439 842598 220565
0b001b01 0b001a01 10000 100 7391177 2005343233 1124833 623839
0b000501 0b000101 10000 100 69208 2006449110 30719 14125
0b000f01 0b000b01 10001 100 8047 2006500873 9037 8998
0b002e01 0b002901 10000 100 3377409 2005732817 786871 291484
0b000501 0b003b01 10000 100 65708 2003217094 3364588 822170
0b001401 0b003201 10000 100 34596 2004087358 2520358 819562
0b002901 0b002601 10000 100 20904 2006661069 96455 14232
0b001f01 0b001901 10000 100 56871 2006566695 223015 13088
0b002f01 0b002c01 10000 100 1275844 2006659469 182695 111127
0b001f01 0b001e01 10001 100 24346 2006861219 12948 6203
0b001a01 0b000f01 10000 100 23681 2004859732 2023368 18626
0b002801 0b003301 10000 100 97061 2004554109 2365342 24781
0b003901 0b001901 10000 100 3787 2004215788 2712979 816978
0b000901 0b002201 10000 100 969002 2003248453 3702544 897904
0b000b01 0b000101 10000 100 152241 2006916904 35058 25246
0b002201 0b000701 10000 100 26431 2002843472 4113566 818878
0b003701 0b003801 10000 100 93188 2005636200 1351374 20296
0b001501 0b002f01 10000 100 1972732 2001769153 5250592 982054
0b001901 0b001f01 10000 100 52404 2006347864 698509 12715
0b000201 0b000301 10001 100 10638 2007046820 5119 5053
0b003501 0b003801 10000 100 30909 2006300775 758753 15071
0b001601 0b002501 10000 100 22287 2004811115 2276379 818531
0b003701 0b003e01 10002 100 60452 2006357926 736204 17550
0b000f01 0b001401 10000 100 17087 2003736716 3364233 18076
0b000b01 0b003b01 10000 100 108556 2002843889 4270756 825763
0b000301 0b000d01 10000 100 32083 2007094026 21445 15173
0b001f01 0b001e01 10000 100 4989803 2005964790 1192755 422505
0b003c01 0b003d01 10000 100 1857041 2007000230 167861 159858
0b000e01 0b003b01 10000 100 44503 2003313713 3887707 820393
0b000c01 0b002701 10000 100 3764 2003131583 4077075 816976
0b003801 0b000d01 10000 100 1009157 2003471371 3741646 901270
0b002801 0b002f01 10000 100 37482 2007210492 15489 11464
0b001001 0b001101 10000 100 69390 2007208345 19923 9980
0b002001 0b003701 10001 100 100680 2004312678 2916068 25082
0b002801 0b002e01 10000 100 49665 2007230084 17824 12485
0b002401 0b001c01 10000 100 34212 2003534977 3744873 819531
0b002101 0b000301 10000 100 87852 2003541713 3747434 824026
0b003601 0b003301 10000 100 3096832 2004629952 2675502 267959
0b002701 0b001201 10000 100 173409 2003446210 3860667 831200
0b000601 0b000101 10001 100 420464 2007202275 115707 43573
0b003401 0b002f01 10000 100 20 2004362883 2957697 16645
0b001401 0b003401 10000 100 34358 2004557536 2769745 819543
0b000601 0b003701 10000 100 840485 2002615041 4714283 887128
0b000c01 0b001a01 10000 100 19198 2001471609 5877641 18252
0b001201 0b000301 10000 100 1541932 2003692545 3675485 145915
0b000201 0b000301 10002 100 1568339 2007255799 155327 135652
0b000301 0b000501 10001 100 989815 2006785251 626900 91306
0b001201 0b003c01 10001 100 72327 2005094216 2323001 822726
0b000a01 0b001101 10000 100 154248 2004095855 3329698 29575
0b000c01 0b001b01 10000 100 135313 2004420570 3016895 27987
0b000f01 0b001501 10000 100 5487 2004561644 2891535 17102
0b000101 0b001c01 10000 100 1538501 2004219141 3236633 145629
0b002c01 0b000101 10000 100 80818 2003675759 3795753 823436
0b001801 0b001a01 10000 100 27643 2007470831 7502 6478
0b003501 0b002701 10000 100 64807 2004307009 3174973 22074
0b000701 0b002601 10000 100 29115 2002880508 4605796 819104
0b003601 0b000101 10000 100 51571 2003885196 3602438 820985
0b002201 0b000e01 10000 100 4816762 2003652489 3884733 1220498
0b000801 0b000601 10000 100 4787895 2005492224 2049756 413897
0b000a01 0b000d01 10000 100 25561 2007575950 11145 10464
0b000d01 0b003a01 10000 100 97559 2003155839 4451559 824841
0b001d01 0b001e01 10000 100 132 2007622957 4191 4174
0b001101 0b001201 10000 100 60910 2007626399 14210 9267
0b000b01 0b001b01 10000 100 3836 2004991442 2651425 16962
0b001b01 0b001801 10000 100 1498576 2007514220 130436 129802
0b001701 0b002101 10000 100 28937 2001451025 6199818 819086
0b000901 0b001801 10000 100 1780633 2004077675 3588108 165929
0b001501 0b001601 10000 100 10557 2007680023 5375 5046
0b001401 0b000701 10000 100 137808 2005108023 2581344 28194
0b000501 0b003f01 10000 100 146115 2003468293 4234122 828913
0b002a01 0b002d01 10001 100 837595 2007581751 128201 78545
0b001e01 0b002501 10000 100 175259 2004952422 2784902 831356
0b003301 0b002801 10001 100 22455 2004740430 3000580 18524
0b000b01 0b000d01 10000 100 2877 2007680043 77455 8561
0b000701 0b000501 10000 100 2430612 2006825952 971105 207944
0b003d01 0b001101 10000 100 19154 2005078558 2726889 818269
0b002701 0b001101 10000 100 7401 2004635679 3219786 817282
0b002901 0b003d01 10000 100 37061 2005213340 2647572 19750
0b001e01 0b001a01 10001 100 12276 2007570539 291668 9352
0b002501 0b000f01 10000 100 23914 2004108900 3756448 818665
0b002a01 0b002c01 10000 100 46044 2007708315 161994 12184
0b000001 0b002e01 10000 100 52525 2003054430 4858441 821065
0b001501 0b002f01 10002 100 380359 2004447696 3470283 848551
0b001a01 0b001e01 10001 100 1457 2007299177 635261 8444
0b000001 0b000401 10000 100 7418 2007911238 47337 8944
0b000e01 0b001d01 10000 100 4705389 2000992026 6975326 411142
0b002201 0b002401 10000 100 304550 2007257773 712111 33855
0b003501 0b000e01 10000 100 32134 2004414753 3580553 819357
0b001d01 0b000101 10001 100 54015 2004794110 3204920 21172
0b001c01 0b001b01 10001 100 1731845 2005142533 2867238 153518
0b001501 0b001401 10000 100 1170 2008013270 4191 4261
0b000f01 0b002a01 10000 100 5662 2003796476 4233653 817136
0b001501 0b001401 10001 100 9276 2008047251 4937 4940
0b000f01 0b000401 10001 100 28196 2006439541 1624892 14847
0b000c01 0b002a01 10000 100 21609 2003844422 4233546 818473
0b001a01 0b001e01 10000 100 8985 2007051843 1057122 9073
0b000301 0b003401 10000 100 7031 2003988179 4131650 817253
0b002a01 0b001d01 10000 100 4388 2003711378 4408708 817030
0b001301 0b000f01 10001 100 20173 2005347817 2811035 18334
0b002a01 0b002201 10000 100 4118 2007597092 563717 12828
0b000b01 0b003701 10000 100 255 2004178098 3987349 816684
0b000c01 0b000d01 10000 100 229904 2008177744 23214 23435
0b001c01 0b001a01 10000 100 182618 2007101303 1107418 23632
0b002f01 0b002801 10000 100 1322869 2008071918 153985 119229
0b001301 0b002701 10000 100 78041 2002995062 5242947 823206
0b002501 0b002b01 10000 100 992 2008126578 112331 12563
0b000d01 0b001901 10000 100 13315 2005075904 3186013 17758
0b000e01 0b001501 10001 100 14720 2005334678 2950361 17875
0b000e01 0b003701 10000 100 7047 2003967333 4329198 817254
0b002a01 0b002701 10001 100 1317300 2007817764 481248 122925
0b002201 0b002601 10000 100 23883 2008161939 156531 10322
0b000501 0b000901 10000 100 9981 2006602514 1729994 13316
0b000501 0b000701 10000 100 1958930 2008210704 176313 168396
0b000001 0b000601 10000 100 36255 2007904315 493734 11362
0b002f01 0b003601 10000 100 31704 2005688339 2717482 19299
0b003901 0b001b01 10000 100 69404 2005173719 3251811 822481
0b000d01 0b001c01 10000 100 67588 2003818939 4700877 22308
0b000d01 0b002f01 10001 100 756102 2003188919 5356276 880055
0b003d01 0b003801 10001 100 912764 2007699939 851021 84847
0b000d01 0b000001 10000 100 724371 2008242580 333229 73213
0b000e01 0b000b01 10000 100 957816 2008248567 327769 88624
0b002801 0b002b01 10000 100 413626 2008527690 55601 38839
0b000601 0b003601 10000 100 14241 2004152885 4447134 817856
0b001b01 0b001801 10001 100 9883218 2007717427 889455 832772
0b000401 0b000801 10001 100 23343 2008236495 421901 14439
0b002001 0b001201 10000 100 43787 2004270711 4406947 820331
0b002c01 0b002601 10000 100 1004 2008555679 147075 12568
0b002901 0b003401 10000 100 25046 2005349161 3356885 18743
0b002001 0b002601 10000 100 1525059 2008348939 363516 136184
0b000d01 0b001a01 10000 100 55408 2005875343 2839946 21287
0b000f01 0b000501 10000 100 51822 2008310735 429462 16825
0b001501 0b001101 10000 100 1618802 2007787938 1023702 144041
0b000801 0b002f01 10000 100 1344226 2005277008 3542865 929362
0b003001 0b001001 10000 100 63392 2005318803 3507478 821977
0b002401 0b003101 10000 100 93940 2006020556 2824732 24516
0b003101 0b001b01 10001 100 6343 2005295859 3588745 817194
0b002b01 0b003701 10000 100 16062 2005701484 3197546 17990
0b000e01 0b002201 10001 100 3923 2005137506 3762028 816989
0b000601 0b001701 10000 100 21358 2005610021 3322535 18433
0b003201 0b001701 10000 100 4269040 2002536173 6414321 1174580
0b002b01 0b002d01 10000 100 20250 2008650047 352363 10020
0b002301 0b002c01 10001 100 21941 2008970582 33923 14319
0b002a01 0b000a01 10000 100 1686078 2005043761 3962261 958024
0b002e01 0b002d01 10001 100 10205737 2007650658 1361759 859810
0b000501 0b003701 10000 100 1572787 2004600148 4427067 948523
0b000801 0b000d01 10000 100 41426 2008994742 46486 11795
0b000f01 0b000b01 10002 100 1269701 2008682977 367124 114772
0b003501 0b001401 10001 100 65984 2005846018 3219113 822192
0b001e01 0b000301 10000 100 71035 2001107553 7970141 22599
0b000901 0b001601 10000 100 1421744 2003285018 5799624 135840
0b001701 0b001101 10001 100 78016 2009080591 101168 14864
0b003401 0b003101 10001 100 5839 2009008000 179357 8810
0b003801 0b001e01 10000 100 62305 2006040137 3152865 821886
0b001d01 0b001e01 10001 100 3072841 2008693317 504694 261787
0b000c01 0b000801 10000 100 24723 2009209794 11639 10393
0b003301 0b000b01 10000 100 49790 2002649585 6592518 820835
0b002501 0b002701 10000 100 69716 2009244756 16596 10006
0b000501 0b000701 10001 100 1257652 2009047497 218490 109602
0b003e01 0b003801 10002 100 8068513 2005101804 4170079 684786
0b002c01 0b000301 10000 100 292458 2004425056 4863881 841181
0b001801 0b001a01 10002 100 78953 2009264502 49762 10779
0b000c01 0b003801 10000 100 340663 2004957221 4359022 845222
0b000501 0b002e01 10001 100 795772 2004636489 4682274 883378
0b001501 0b002e01 10001 100 612 2006527772 2795196 816712
0b002201 0b000d01 10001 100 44795 2001479008 7857201 820416
0b003201 0b003501 10000 100 182088 2008613485 748561 23589
0b000101 0b002501 10000 100 729181 2004708057 4681526 877797
0b000301 0b003301 10000 100 50000 2005640398 3765014 820852
0b002501 0b001a01 10001 100 407 2006018190 3401098 816696
0b000f01 0b002f01 10001 100 5248 2005848778 3592670 817102
0b000901 0b000101 10000 100 41977 2009435258 18819 15999
0b002501 0b003601 10001 100 48161 2006333358 3202559 20681
0b001801 0b001a01 10001 100 3820383 2007939535 1610267 324463
0b001201 0b000401 10000 100 11499 2005019247 4566624 17606
0b000a01 0b002a01 10000 100 36702 2006071951 3546097 819738
0b000501 0b000101 10001 100 578575 2009151539 640265 56829
0b000201 0b002401 10000 100 32789 2005234308 4567616 819409
0b001701 0b001301 10000 100 70406 2009222692 610477 14225
0b000001 0b003401 10000 100 2453 2006611726 3228039 816867
0b001401 0b000b01 10001 100 36084 2006720527 3170674 19668
0b000f01 0b001f01 10001 100 29528 2007199135 2692800 19117
0b003b01 0b001901 10000 100 27797 2005576866 4327115 818991
0b000c01 0b002301 10000 100 66907 2005568031 4394838 822269
0b000601 0b003201 10000 100 1535983 2004921728 5052455 945436
0b000401 0b003c01 10001 100 976645 2006353647 3637429 898543
0b000e01 0b002501 10000 100 26148 2007067092 2944795 818855
0b000201 0b002401 10001 100 19900 2005643956 4406027 818328
0b000d01 0b002501 10000 100 30827 2005705587 4354237 819245
0b001601 0b003c01 10001 100 69222 2004345129 5720695 822466
0b000f01 0b002101 10000 100 23225 2005972204 4109357 818610
0b002d01 0b000301 10002 100 62157 2005182357 4919589 821874
0b000e01 0b001401 10000 100 31122 2006581472 3523638 19252
0b002601 0b000201 10000 100 39738 2005649371 4496159 819992
0b001901 0b002101 10001 100 33383 2005601659 4574881 819461
0b003c01 0b003f01 10000 100 58118 2010190445 17331 9036
0b001601 0b003301 10000 100 79069 2006601504 3612981 823292
0b002701 0b003601 10000 100 27664 2006585542 3698330 18960
0b000f01 0b001d01 10000 100 27233 2007613383 2682375 18926
0b001601 0b003c01 10000 100 47188 2004326156 5985875 820619
0b002501 0b000201 10000 100 96698 2006312986 4016508 824768
0b000e01 0b000a01 10000 100 2398204 2009473339 873676 209388
0b002701 0b000e01 10000 100 23685 2005886181 4462556 818646
0b001001 0b001101 10001 100 46516 2010393026 9863 8061
0b001201 0b001301 10000 100 28080 2010403265 11140 6517
0b003001 0b002001 10000 100 83874 2008277327 2200722 23672
0b000d01 0b000e01 10000 100 136788 2010465232 21255 15629
0b000201 0b002001 10000 100 79038 2005991911 4507968 823290
0b002801 0b000c01 10000 100 44048 2005696089 4805098 820356
0b002d01 0b003001 10000 100 4792 2007523077 2983517 17042
0b000101 0b001501 10001 100 961084 2007769738 2744468 97220
0b003301 0b003501 10000 100 592178 2010241832 282262 57971
0b002601 0b002c01 10001 100 1803019 2010251087 313555 163648
0b000c01 0b000f01 10002 100 26656 2010575854 6964 6396
0b003401 0b001201 10000 100 203871 2007005477 3602996 833753
0b001201 0b001601 10000 100 56859 2009509249 1166519 13087
0b002301 0b002001 10000 100 21300 2010710261 13121 5948
0b001201 0b000401 10001 100 18419 2007142851 3644723 18186
0b002e01 0b000b01 10000 100 3249048 2005984384 4878449 1089063
0b001201 0b003b01 10000 100 31753 2007185839 3721032 819323
0b000c01 0b001301 10000 100 91175 2007849874 3097196 24287
0b000501 0b003d01 10000 100 66381 2006770631 4232025 822227
0b002c01 0b003b01 10000 100 1399225 2007754137 3298864 133954
0b001601 0b002101 10000 100 4284 2007401305 3739577 817021
0b000f01 0b000901 10000 100 4009463 2009833117 1323836 344475
0b000901 0b000201 10000 100 228004 2010781623 416278 31599
0b001001 0b001401 10000 100 2175 2010145289 1076656 8505
0b000301 0b002b01 10000 100 892 2007115870 4125517 816735
0b003c01 0b003601 10001 100 2855 2010935082 306557 12719
0b000c01 0b000d01 10001 100 25136 2011243256 6180 6270
0b002401 0b000f01 10000 100 25128 2006848435 4422004 818770
0b003601 0b003701 10000 100 1894043 2010779316 573519 162960
0b002101 0b001d01 10001 100 195829 2007231716 4182845 833078
0b001f01 0b001b01 10002 100 54810 2010615920 803371 12916
0b002a01 0b001c01 10000 100 520061 2007157776 4282418 860265
0b003f01 0b002a01 10001 100 301 2008508416 2951352 16667
0b002901 0b000d01 10000 100 25536 2007450867 4043032 818802
0b000801 0b001101 10000 100 76233 2008551312 3008642 23034
0b003e01 0b002701 10000 100 68026 2007012111 4548707 22347
0b002f01 0b000e01 10000 100 48323 2007636998 3958922 820714
0b000a01 0b001c01 10000 100 754 2007553402 4290515 16704
0b000a01 0b001301 10000 100 249311 2004965797 6881879 37544
0b003d01 0b003401 10001 100 38946 2008718294 3129940 15745
0b000b01 0b000901 10000 100 193286 2011894440 23853 20367
0b002801 0b002001 10000 100 1815000 2009123188 2815583 164649
0b003d01 0b003f01 10000 100 5706026 2008632981 3335212 482556
0b002e01 0b000001 10000 100 173547 2007441479 4547318 831211
0b001701 0b002201 10000 100 56113 2007147616 4846390 821367
0b003901 0b001001 10000 100 35392 2005333632 6675714 819629
0b000e01 0b002201 10000 100 531305 2004267877 7779925 861207
0b002d01 0b000e01 10000 100 830035 2007659520 4442775 886253
0b000f01 0b001a01 10001 100 16243 2004381578 7744681 18004
0b002801 0b003201 10000 100 9701 2008145954 4038178 17454
0b000701 0b000101 10000 100 704919 2009299244 2957272 67420
0b000e01 0b001001 10000 100 58178 2007941474 4372556 21520
0b000401 0b002001 10001 100 42235 2007526545 4832464 820203
0b001801 0b001e01 10000 100 2119 2011865462 502576 8501
0b000e01 0b002d01 10000 100 184898 2007052679 5327145 832162
0b002f01 0b000701 10000 100 1684395 2007047524 5334824 957882
0b000101 0b000d01 10002 100 41013 2011883425 505494 15922
0b002b01 0b002d01 10001 100 52572 2011985933 420070 12729
0b002c01 0b002b01 10000 100 627790 2011599622 811572 60954
0b000301 0b001d01 10000 100 41656 2008804005 3618309 20133
0b001501 0b001101 10001 100 3705854 2011405610 1082349 319019
0b002c01 0b000a01 10000 100 38062 2007982052 4528822 819854
0b000c01 0b003301 10001 100 4498706 2007595370 4960983 1193832
0b002001 0b000601 10000 100 5710 2007961435 4598044 817139
0b002a01 0b003401 10000 100 62033 2009296371 3292912 21844
0b003f01 0b002101 10000 100 8938 2007441926 5198115 17389
0b003e01 0b003b01 10000 100 2978383 2011435982 1206594 258030
0b002801 0b002101 10000 100 6112 2011150670 1590553 12995
0b003401 0b001001 10002 100 9881 2008836615 4087139 817488
0b000901 0b000b01 10000 100 890773 2012844210 179839 78843
0b000501 0b000a01 10000 100 7155 2012812465 401092 13083
0b002e01 0b000e01 10000 100 342498 2008245783 4976206 845376
0b001501 0b002401 10000 100 2726 2009229949 4015613 816889
0b000b01 0b000e01 10000 100 8027 2013252608 9218 8996
0b000901 0b001901 10000 100 9457 2009660004 3658422 17434
0b002301 0b001101 10000 100 345873 2004893032 8433746 845658
0b001701 0b000f01 10000 100 9007 2009463139 3880063 17398
0b002d01 0b000a01 10000 100 5356 2008868736 4489722 817111
0b003f01 0b003e01 10000 100 1853763 2013173329 187111 159580
0b000801 0b002901 10001 100 21996 2003757835 9629238 818504
0b000201 0b002501 10000 100 271027 2003328393 10092462 839386
0b001101 0b000401 10000 100 282502 2005387722 8074970 40326
0b003001 0b003401 10001 100 780524 2012122218 1346996 73760
0b000701 0b000101 10001 100 840600 2013234393 341708 78797
0b002701 0b003e01 10001 100 9010 2009729350 3889281 17399
0b000301 0b000201 10000 100 1315242 2013376787 290281 114432
0b000801 0b000101 10000 100 78968 2012779217 948139 19100
0b002901 0b003801 10000 100 48024 2008641615 5120955 20670
0b002301 0b002e01 10000 100 3029 2011391731 2426858 12737
0b003e01 0b001e01 10001 100 21050 2010150047 3704126 818428
0b000d01 0b001a01 10001 100 30580 2010233045 3693215 19205
0b000c01 0b000a01 10000 100 16361 2013943526 10346 9694
0b000d01 0b000701 10001 100 76601 2013983517 25913 18903
0b002401 0b000901 10000 100 2833 2008575807 5487624 816898
0b002301 0b002001 10001 100 907764 2013949567 149488 80267
0b002801 0b003501 10001 100 2142 2009457590 4653778 16822
0b000c01 0b001d01 10000 100 27698 2007214226 6970939 18963
0b001401 0b001101 10000 100 1064503 2010835307 3483672 97569
0b000d01 0b000501 10001 100 37983 2013930735 430597 15664
0b000401 0b000701 10000 100 98145 2014415336 16364 12391
0b002d01 0b002501 10000 100 60089 2013913688 618002 17521
0b000a01 0b000101 10000 100 33206 2011508759 3080347 15267
0b002c01 0b000501 10000 100 70984 2005116382 9536567 822611
0b002b01 0b003a01 10001 100 4474 2012012609 2682856 17017
0b002601 0b003f01 10000 100 584231 2006569687 8147802 65624
0b000b01 0b001601 10000 100 205447 2010060876 4664439 33866
0b002301 0b000101 10001 100 1184839 2009625184 5106564 915997
0b002b01 0b002801 10000 100 20739 2014711941 22231 5899
0b002301 0b000401 10001 100 54663 2009919383 4875747 821244
0b000e01 0b003401 10000 100 30101 2009820599 4980874 819187
0b000a01 0b000001 10001 100 48304 2014655267 162419 16532
0b000501 0b002c01 10000 100 1005167 2009132329 5693289 900936
0b000101 0b000501 10000 100 459597 2013926634 909619 46854
0b001501 0b001301 10001 100 62718 2013751937 1194828 13579
0b003e01 0b002c01 10000 100 45500 2010670648 4327041 20456
0b000b01 0b001201 10000 100 180298 2010404049 4595544 31758
0b000c01 0b000d01 10002 100 1136816 2014921140 112082 99471
0b000501 0b000001 10000 100 2555 2015013000 112270 8535
0b003801 0b003a01 10001 100 725216 2014977205 186091 64965
0b000c01 0b000d01 10003 100 134330 2015269357 16625 15424
0b000d01 0b000e01 10001 100 79250 2015419383 14013 10807
0b001b01 0b001901 10001 100 74754 2015488562 22102 10428
0b002f01 0b000101 10000 100 43267 2011063417 4484217 820290
0b001d01 0b001201 10002 100 41308 2014990778 579365 15945
0b001001 0b000c01 10000 100 4982 2008305898 7437112 17057
0b000c01 0b001601 10000 100 828225 2010972144 4977948 86081
0b001701 0b001e01 10000 100 21474 2012657304 3353190 14282
0b002f01 0b002c01 10001 100 28281 2016048674 11457 6533
0b002001 0b000101 10000 100 31267 2010443641 5664103 819284
0b002701 0b000201 10000 100 73625 2011303212 4886286 822834
0b001501 0b001001 10000 100 45011 2015542182 721210 12097
0b002101 0b003c01 10000 100 4899 2012228452 4177103 17051
0b001101 0b001701 10000 100 2578 2015402848 1125349 8537
0b000201 0b002701 10000 100 40298 2010361099 6296527 820041
0b002401 0b000001 10000 100 1283549 2010785171 5946836 924274
0b000b01 0b001001 10000 100 51806 2010998558 5748242 20984
0b002301 0b002401 10000 100 5103 2015478325 1291607 8751
0b000c01 0b000901 10000 100 60223 2016094320 699787 13372
0b000e01 0b000901 10000 100 2456 2016809768 8857 8528
0b000c01 0b000301 10000 100 38192 2016929832 35145 15685
0b002f01 0b000e01 10002 100 39029 2012174067 4843551 819935
0b000e01 0b003b01 10001 100 434869 2011748638 5320600 853119
0b000101 0b001601 10000 100 25455 2013241870 3914138 18776
0b002c01 0b002b01 10001 100 72149 2016785642 426116 14372
0b002a01 0b001901 10001 100 1524318 2013683981 3723466 944461
0b002801 0b002a01 10000 100 36867 2017406484 23221 7251
0b000c01 0b000f01 10003 100 178131 2017469816 48154 19097
0b000b01 0b002301 10000 100 49097 2010850179 6669648 820779
0b001701 0b001301 10001 100 20930 2016467249 1222507 10075
0b000601 0b001801 10001 100 788 2012533986 5336265 16706
0b002f01 0b002d01 10000 100 7203 2017868737 6056 4766
0b001401 0b001001 10000 100 66724 2017327176 576206 13915
0b001701 0b001001 10000 100 3486 2016660773 1275300 8614
0b000001 0b001f01 10001 100 1122 2012736191 5255610 16737
0b002d01 0b001301 10000 100 55676 2009160763 8864667 821329
0b000701 0b003b01 10001 100 884 2011377099 6771427 816734
0b000101 0b000201 10000 100 25005 2018225634 8337 6260
0b000901 0b003801 10000 100 419 2012549335 5715793 816697
0b000001 0b003301 10000 100 26205 2012379462 6371088 818860
0b003001 0b003601 10001 100 43909 2018038910 776377 12001
0b000001 0b000101 10000 100 63573 2018964597 17571 9491
0b000901 0b000e01 10000 100 1503671 2018518154 532815 134389
0b000f01 0b000401 10003 100 37315 2018283563 778609 15611
0b000c01 0b000101 10001 100 1380052 2016797511 2285498 128187
0b003901 0b003a01 10001 100 4237 2019164475 5187 4518
0b000901 0b000801 10000 100 5882 2019229257 5671 4653
0b000501 0b000201 10000 100 22428 2019281503 15715 10202
0b003e01 0b003801 10004 100 66981 2017202498 2115805 13935
0b000b01 0b002701 10000 100 6197 2013621724 5750708 817182
0b000b01 0b000c01 10000 100 48920 2018879818 513159 12421
0b002301 0b000d01 10000 100 3347 2013513053 5932124 816943
0b001201 0b000901 10000 100 52792 2014699192 4769685 21066
0b000401 0b001001 10000 100 70997 2014555290 4992320 22592
0b000c01 0b000f01 10004 100 6254 2019721273 4862 4687
0b002601 0b002501 10000 100 67822 2019780234 15344 9846
0b000d01 0b000b01 10000 100 5926 2019830225 9691 8817
0b000401 0b000001 10000 100 70650 2019114448 747800 14244
0b000301 0b002701 10000 100 350501 2014160133 5814097 846047
0b000b01 0b001e01 10001 100 685871 2013834251 6239691 74143
0b000901 0b003501 10000 100 3636 2014892375 5214293 816966
0b000c01 0b001b01 10002 100 12804 2014421594 5700394 17714
0b000801 0b002c01 10000 100 527117 2014607756 5565319 860856
0b002801 0b002901 10000 100 31566 2020168983 18084 6808
0b000901 0b002201 10001 100 990823 2014843250 5448147 899731
0b001b01 0b003201 10000 100 406 2015007794 5407353 816696
0b000701 0b000201 10000 100 6001 2019150736 1336936 8826
0b000401 0b003f01 10000 100 4915 2013009589 7577952 817072
0b000501 0b000101 10002 100 2192 2020011950 607836 8506
0b000e01 0b000f01 10001 100 6272913 2019585667 1054781 530081
0b000901 0b002f01 10000 100 54760 2014429621 6371123 821252
0b001101 0b000301 10001 100 28 2015112869 5801915 16646
0b000901 0b000701 10001 100 79661 2020526496 393708 19160
0b000b01 0b000d01 10001 100 138155 2020593004 409428 19906
0b003d01 0b003e01 10002 100 18288 2021035019 14878 5696
0b000901 0b000501 10000 100 5634012 2010565750 10657909 484839
0b000f01 0b000701 10000 100 28404 2020723551 599607 14863
0b000a01 0b000801 10001 100 104637 2021494501 30174 12934
0b003201 0b003701 10000 100 27203 2021279191 502578 10603
0b000101 0b000601 10001 100 1064766 2020846399 968655 97590
0b000a01 0b003301 10000 100 62058 2014592264 7417702 821866
0b000801 0b003101 10000 100 3778 2016244275 5805516 816977
0b000801 0b000901 10000 100 33080 2022082784 9889 6936
0b000e01 0b003b01 10002 100 76029 2016991661 5236799 823038
0b003b01 0b002901 10000 100 2994 2015215852 7135069 16891
0b002601 0b002201 10000 100 1452017 2014913352 7522078 130060
0b000101 0b003501 10000 100 22456 2011759378 10676636 818544
0b000401 0b002101 10000 100 26150 2006391385 16099224 818855
0b002501 0b002d01 10000 100 36204 2018180627 4359707 15518
0b001d01 0b001c01 10002 100 2566 2022643066 11927 4376
0b000701 0b000a01 10000 100 54999 2022259443 786039 17091
0b003f01 0b003501 10001 100 7387 2022455540 670005 13101
0b000c01 0b001501 10000 100 140545 2017481056 5738300 28425
0b003201 0b003601 10000 100 1471414 2020545312 2774360 131685
0b003b01 0b003f01 10000 100 6416 2018332426 5127150 8860
0b003101 0b001801 10001 100 779 2017747990 5914501 816726
0b003f01 0b003d01 10000 100 29979 2024084076 7578 6673
0b003401 0b001101 10001 100 67 2019655789 4521945 816669
0b000f01 0b000401 10004 100 60056 2024334209 108776 17518
0b000001 0b001e01 10000 100 45709 2019487083 5390481 20473
0b002101 0b002401 10000 100 3425 2024866154 13815 8609
0b002f01 0b002e01 10001 100 507089 2024868695 186626 46677
0b003f01 0b003601 10000 100 16132 2021013570 4088317 13835
0b001601 0b001301 10000 100 70 2025109234 50564 8329
0b000c01 0b000401 10000 100 6115 2022404743 2969966 12996
0b000a01 0b001b01 10001 100 55588 2020906119 4559491 21302
0b002701 0b000c01 10001 100 8383 2017235265 8255567 817365
0b001501 0b000b01 10000 100 2144 2020110444 5453941 16823
0b000d01 0b000f01 10000 100 322472 2025516038 85815 31198
0b000801 0b001b01 10000 100 337679 2021141878 4491416 44952
0b000001 0b003d01 10001 100 205 2017728943 8106666 816680
0b000d01 0b001a01 10002 100 8992 2020170156 5797527 17393
0b000e01 0b000c01 10000 100 33751 2025985499 7769 6990
0b000801 0b000f01 10000 100 71597 2025617843 468772 14324
0b000001 0b000401 10002 100 6605 2025013463 1129471 8875
0b002101 0b002001 10003 100 1710 2026434479 6720 4304
0b000b01 0b000801 10000 100 183518 2026671562 24439 19548
0b002f01 0b003e01 10000 100 2323 2024579000 2439271 16837
0b000b01 0b000001 10001 100 5776382 2021703127 5572990 496774
0b002401 0b002001 10000 100 5410 2020515000 6948901 8775
0b002601 0b002001 10000 100 68707 2026041842 1750969 14081
0b000f01 0b000601 10000 100 19928 2024041410 3761128 14151
0b000b01 0b001d01 10001 100 32246 2023627582 4545040 19346
0b003301 0b003501 10001 100 1848 2027345250 980313 8475
0b000e01 0b000901 10001 100 3301 2028020274 364659 8599
0b003a01 0b003b01 10001 100 9136 2029352258 43729 4929
0b002701 0b002401 10001 100 1506 2029420471 11887 4288
0b003f01 0b003e01 10001 100 3783 2029582339 4532 4478
0b000501 0b000101 10003 100 34297 2025893213 3753041 11198
0b000b01 0b000901 10001 100 22081 2029904790 19521 6014
0b003701 0b003e01 10003 100 20 2030385721 194907 12485
0b003f01 0b002701 10000 100 19970 2013272193 17500613 18314
0b001701 0b001001 10002 100 45399 2027091685 3761344 12128
0b001501 0b001001 10001 100 19243 2031334109 47141 9936
0b000401 0b002c01 10000 100 3429 2018283768 13549741 816949
0b003301 0b003801 10000 100 2048 2028923278 2919471 12655
0b003f01 0b000701 10001 100 2089 2023782318 8354451 816838
0b000801 0b003b01 10000 100 20442 2027478883 5163849 818376
0b000101 0b003401 10001 100 974 2025114419 7725307 816741
0b003301 0b001901 10000 100 182 2029093277 3776434 816678
0b001b01 0b001f01 10002 100 57495 2028163081 5243669 13142
0b001101 0b002801 10001 100 90 2028689266 4840361 816671
0b002f01 0b002d01 10002 100 4023 2033571220 14389 4501
0b000601 0b000701 10001 100 129 2033609493 5304 4174
0b001501 0b001301 10002 100 40687 2033660375 103199 11732
0b000101 0b002401 10002 100 5704 2021539583 12494096 817139
0b000701 0b003c01 10002 100 81657 2024803358 9505758 823507
0b000301 0b000201 10001 100 3395 2034496612 11040 4446
0b000601 0b000101 10002 100 11089 2030728195 3809230 9253
0b000d01 0b000a01 10001 100 33518 2034565982 108968 11132
0b001801 0b003401 10001 100 567 2028993621 6830382 816709
0b002601 0b003b01 10001 100 434 2030363463 5714132 16678
0b000e01 0b000b01 10001 100 24614 2034599111 1612088 10385
0b000b01 0b002001 10003 100 50 2028180553 8135552 816667
0b000d01 0b000901 10002 100 5279 2033258845 3292302 8765
0b000f01 0b000e01 10000 100 70980 2036832723 44860 10111
0b002b01 0b002a01 10001 100 4171 2037541317 15276 4512
0b000b01 0b000d01 10002 100 8165 2036324684 1609063 9007
0b000d01 0b001001 10001 100 1557 2033473426 5510549 16772
0b000501 0b003a01 10000 100 199 2033536857 6277510 816679
0b000d01 0b002b01 10000 100 794 2032249061 8108776 816727
0b001601 0b001401 10001 100 4452 2042250290 15955 4535
0b000d01 0b000a01 10003 100 9031 2044178011 155755 9080
0b003301 0b003401 10000 100 8852 2042537616 1876072 9062
0b003d01 0b002e01 10001 100 716 2039669111 4962101 16701
0b000201 0b001701 10000 100 21 2039370943 5909168 16645
0b003101 0b003701 10001 100 49706 2042913085 2922387 12488
0b001701 0b001401 10002 100 18913 2046302006 33802 5746
0b000e01 0b000f01 10002 100 1920 2046440442 6383 4321
0b001a01 0b001d01 10001 100 2034 2041047187 5721985 8494
0b002c01 0b001801 10001 100 3454 2040869644 7004194 816951
0b003a01 0b000701 10001 100 178 2041542758 6690111 816678
0b001901 0b003d01 10000 100 1538 2044142138 4462705 816790
0b000c01 0b000b01 10002 100 7475 2041602884 7055003 8948
0b003401 0b003001 10001 100 8904 2049672322 48229 9066
0b002a01 0b000601 10001 100 2819 2034597339 15637961 816897
0b003901 0b003d01 10000 100 705 2049564388 1611147 8380
0b002c01 0b002901 10000 100 3852 2051678888 18243 8643
0b001901 0b001801 10001 100 3441 2052656838 47632 4450
0b000101 0b002b01 10001 100 323 2044998542 8335528 816689
0b001001 0b002d01 10002 100 928 2049236576 5747632 816738
0b003701 0b002a01 10002 100 762 2048713210 6362217 16704
0b002301 0b000601 10000 100 1363 2049159539 6387492 816776
0b003d01 0b003901 10003 100 4696 2054387606 1605140 8714
0b003a01 0b003e01 10005 100 778 2057148574 831431 8386
0b003801 0b001001 10001 100 566 2052105359 6793628 816709
0b000f01 0b000d01 10001 100 51 2059605621 4695 4167
0b001001 0b001401 10005 100 1712 2058092756 1681249 8464
0b002c01 0b002e01 10001 100 1285 2060460790 10632 4270
0b003c01 0b000901 10003 100 418 2053582292 7115643 816697
0b001901 0b002601 10002 100 220 2054935142 6043563 816681
0b003c01 0b003b01 10003 100 4671 2058145180 3643527 8712
0b002a01 0b002c01 10002 100 1485 2060070655 1890297 8446
0b002a01 0b002901 10003 100 1853 2062218182 7856 4315
0b000501 0b003801 10003 100 199 2058230615 6579609 816679
0b002e01 0b002701 10001 100 849 2062222363 2906729 12551
0b002101 0b001b01 10003 100 106 2061105931 4554184 816672
0b002c01 0b000701 10002 100 49 2059081382 6747663 816667
0b002501 0b003b01 10002 100 188 2060541108 5614619 16658
0b000001 0b001b01 10001 100 401 2060651663 7451306 16675
0b003801 0b003901 10002 100 2920 2068163654 25946 4405
0b002e01 0b002901 10003 100 1872 2067989417 945276 8477
0b003201 0b003401 10003 100 7606 2062574628 6607613 8959
0b003101 0b003301 10003 100 925 2069629646 7624 4237
0b003c01 0b002f01 10006 100 301 2062796073 7007765 16667
0b003601 0b003101 10003 100 6350 2065891231 4833707 8854
0b001601 0b001201 10002 100 11655 2066307634 4463668 9298
0b003701 0b000d01 10003 100 41 2064165986 6780718 816667
0b002101 0b002001 10005 100 3642 2071324055 22918 4466
0b001301 0b001401 10002 100 9628 2064366020 7553288 9128
0b001e01 0b001901 10002 100 392 2071376057 977202 8355
0b001401 0b001201 10004 100 18002 2071796308 1431636 9833
0b001001 0b001401 10006 100 189 2072469206 1370021 8338
0b002401 0b003b01 10003 100 365 2067197892 6642185 16673
0b001501 0b001201 10003 100 11114 2070447519 4497953 9255
0b001f01 0b001401 10000 100 1082 2073860998 1906381 12574
0b003601 0b002d01 10003 100 850 2068789365 7047089 16711
0b003801 0b002c01 10001 100 131 2070864639 5707242 16654
0b003201 0b003501 10002 100 417 2076352668 947517 8357
0b003901 0b001101 10002 100 854 2070026888 7496124 816732
0b001701 0b001901 10002 100 183 2078594433 938096 12498
0b000e01 0b003101 10002 100 591 2075324005 6447427 816711
0b001501 0b003c01 10001 100 1281 2076267393 7512776 816770
0b002701 0b001801 10005 100 259 2082686492 3880948 816684
0b000401 0b000001 10001 100 555 2086265349 952929 8368
0b002201 0b000001 10002 100 4849 2082494699 6219594 817067
0b001a01 0b002701 10004 100 53 2079737628 9236406 816668
0b002601 0b002201 10001 100 2107 2088199413 984956 8500
0b000101 0b000001 10001 100 23988 2089063950 134038 6171
0b001f01 0b001d01 10003 100 9397 2093278773 109781 4950
0b000201 0b000601 10002 100 4650 2091306288 2888625 8711
0b003c01 0b000401 10002 100 9 2086911565 7523580 816664
0b000701 0b000201 10005 100 4351 2093101659 1944423 8687
0b003401 0b003201 10003 100 10895 2091114484 5848407 9233
0b000b01 0b000d01 10006 100 3306 2095257571 1911460 8599
0b002601 0b000801 10007 100 313 2091402843 5870064 816688
0b002801 0b000e01 10005 100 209 2088485766 8835963 816680
0b002301 0b002401 10002 100 4286 2097301682 811957 8682
0b002201 0b002f01 10004 100 12 2096249225 1881233 12484
0b000101 0b000301 10007 100 9203 2098136251 59448 4934
0b000b01 0b000201 10002 100 200 2096488965 1904285 12499
0b002a01 0b002801 10003 100 2443 2099094222 21235 4366
0b002001 0b002101 10002 100 1060 2099291458 16091 4252
0b000b01 0b002f01 10005 100 16 2094787077 4856609 816665
0b002c01 0b002f01 10004 100 1487 2099645903 17129 4286
0b003301 0b003701 10002 100 42193 2088172531 11679636 11860
0b001d01 0b001801 10001 100 2441 2090372101 9691908 8526
0b002401 0b001d01 10005 100 1026 2098412703 2864099 816749
0b002c01 0b002801 10006 100 21214 2089454321 12795982 10101
0b000b01 0b003e01 10006 100 652 2096459155 6561855 816716
0b003d01 0b000801 10002 100 3115 2098637060 6381309 816924
0b001201 0b002401 10003 100 452 2098339965 12351417 816700
0b001a01 0b002001 10003 100 3285 2095467916 15700195 816938
0b002a01 0b002901 10005 100 1232619 2071157555 42521990 107504
0b001401 0b001001 10006 100 110861 2083116500 75772623 17615
0b001601 0b001101 10005 100 730371 2086884764 72887351 69556
0b000101 0b000501 10001 100 1387327 2072326165 154401219 124636
0b001601 0b001101 10003 100 1253185 2082129902 175726619 113390
0b001e01 0b001901 10005 100 585051 2088286491 171855677 57374
