0b000a01 0b000101 10000 100 5000000 2000000000 4546443 423360
0b000b01 0b000101 10000 100 5000000 2000000000 4554171 423360
0b000801 0b000101 10000 100 5000000 2000000000 4558287 423360
0b000601 0b000101 10000 100 5000000 2000000000 4571307 423360
0b000701 0b000101 10000 100 5000000 2000000000 4587519 423360
0b000501 0b000101 10000 100 5000000 2000000000 4591047 423360
0b000901 0b000101 10000 100 5000000 2000000000 4606839 423360
0b000401 0b000101 10000 100 150000000 2000000000 46310795 12580160
0b000301 0b000101 10000 100 200000000 2000000000 55371873 16772160
0b000201 0b000101 10000 100 200000000 2000000000 55495975 16772160
