0b003501 0b002b01 10000 100 3251 2000158047 16929 16915
0b001001 0b001401 10000 100 64792 2000269362 13644 13752
0b000f01 0b000901 10000 100 22662 2000341135 10147 10221
0b001501 0b001e01 10000 100 157337 2000461404 25500 25673
0b001401 0b001b01 10000 100 6603 2000644505 12989 13035
0b002301 0b003001 10000 100 41462 2000694860 20056 20118
0b000501 0b001201 10000 100 2404 2000771888 16871 16843
0b001001 0b003401 10000 100 188459 2000045279 832278 832462
0b001201 0b000901 10000 100 68380 2001075000 22655 22375
0b003701 0b001e01 10000 100 773350 2000238105 891290 881500
0b002d01 0b002901 10000 100 14762 2001128619 9547 9558
0b000b01 0b002b01 10000 100 166888 2000324040 830486 830652
0b003101 0b001a01 10000 100 523676 2000295056 869041 860566
0b002901 0b000401 10000 100 2789769 2000141214 1048202 1050555
0b002201 0b001e01 10000 100 16699 2000486514 821251 818061
0b001b01 0b000001 10000 100 37035 2001307466 19690 19748
0b000201 0b003a01 10000 100 2175 2000668027 816821 816845
0b001a01 0b003601 10000 100 22181 2000778822 820285 818522
0b001801 0b003501 10000 100 18689 2000865859 819766 818228
0b002601 0b002001 10000 100 829540 2001668186 77119 77870
0b001201 0b001f01 10000 100 2791569 2001541512 244217 246526
0b001001 0b003201 10000 100 4632115 2000627216 1206047 1205019
0b003701 0b000b01 10000 100 21117 2001070306 819939 818433
0b002801 0b003c01 10000 100 1850780 2001575008 323702 171810
0b002601 0b000001 10000 100 24343 2001120489 818843 818703
0b002d01 0b000201 10000 100 67385 2001154860 822241 822311
0b000001 0b003d01 10000 100 1348 2001175942 818072 816775
0b001b01 0b002b01 10000 100 77211 2001320969 823208 823136
0b001101 0b000601 10000 100 31036 2002181536 19378 19245
0b003101 0b001801 10000 100 124166 2001445417 826943 827073
0b002701 0b002d01 10000 100 1527 2002304495 12707 12609
0b002001 0b002501 10000 100 185458 2002325998 23660 23870
0b003301 0b003e01 10000 100 377687 2002357974 43788 44146
0b002e01 0b002c01 10000 100 20760 2002477980 5855 5901
0b000c01 0b003b01 10000 100 994708 2001713889 901025 900057
0b003401 0b003301 10000 100 174134 2002634099 37097 22922
0b000c01 0b003c01 10000 100 10761282 2000820775 1864995 1718888
0b000b01 0b001001 10000 100 45835 2002725776 23344 20483
0b000b01 0b000e01 10000 100 7324 2002875624 8875 8936
0b003c01 0b002601 10000 100 1457992 2002684749 264438 138878
0b001401 0b001e01 10000 100 2263176 2002786160 200285 202227
0b001a01 0b003d01 10000 100 129366 2002206527 838093 827508
0b001d01 0b002a01 10000 100 1421281 2002134766 945362 935822
0b001701 0b003001 10000 100 63492 2002257598 848348 821985
0b002a01 0b001f01 10000 100 4052 2002208149 934147 817003
0b000801 0b003001 10000 100 2626585 2002168451 1054498 1036874
0b000401 0b001701 10000 100 4522203 2002558921 751334 395784
0b001601 0b003701 10000 100 25071 2002497647 820756 818765
0b003401 0b000f01 10000 100 133342 2002594935 839669 827841
0b002101 0b003201 10000 100 1920512 2003328215 183997 177657
0b002c01 0b000401 10000 100 9291416 2001927639 1601513 1595654
0b002e01 0b002901 10000 100 2402087 2003441082 207641 209714
0b003301 0b001401 10000 100 888421 2002933509 897349 891147
0b001601 0b001d01 10000 100 50330 2003841674 20733 16702
0b001001 0b001a01 10000 100 22176 2003863367 14282 14342
0b002e01 0b002301 10000 100 3088425 2003679586 397114 271415
0b001401 0b000c01 10000 100 56174 2004062924 40495 21352
0b002a01 0b001d01 10000 100 6600 2003295529 817321 817214
0b003701 0b002e01 10000 100 162837 2003651467 502295 30292
0b000a01 0b001801 10000 100 38987 2004201495 19849 19908
0b001201 0b001f01 10001 100 44204 2004237276 16111 16189
0b000e01 0b002501 10000 100 1339 2003213970 1207220 816774
0b001b01 0b003801 10000 100 31290 2003645054 832994 819286
0b001701 0b003601 10000 100 8636 2003719679 836703 817385
0b001b01 0b003c01 10000 100 191725 2004215384 852817 832735
0b002201 0b000601 10000 100 23650 2004355615 818696 818644
0b003a01 0b002301 10000 100 1885 2004205574 996305 16798
0b001701 0b000301 10000 100 57905 2005192641 21420 21495
0b003501 0b002201 10000 100 74283 2004209149 1018027 22870
0b000801 0b003901 10000 100 3626 2004448903 840920 816965
0b002401 0b003b01 10000 100 78106 2005261372 43988 23191
0b002801 0b003a01 10000 100 79829 2005340433 38983 23333
0b000c01 0b003301 10000 100 10175 2004576457 862443 817516
0b000e01 0b001c01 10000 100 33815 2005437569 19421 19475
0b002701 0b001801 10000 100 1268260 2004559292 939987 922993
0b002f01 0b003301 10000 100 2277419 2005152112 453149 207581
0b001f01 0b000e01 10000 100 17808 2005593971 18092 18133
0b002901 0b003a01 10000 100 46756 2005368836 264589 20560
0b002901 0b002b01 10000 100 2124 2005694992 4270 4341
0b001101 0b002e01 10000 100 165771 2004867862 844662 830559
0b001e01 0b000c01 10000 100 2089667 2005605121 199343 191838
0b002c01 0b003301 10000 100 1219124 2005371082 469593 118854
0b003b01 0b002c01 10000 100 8362091 2004766005 1088961 717721
0b003201 0b003401 10000 100 38909 2005859896 14671 11582
0b001801 0b000601 10000 100 63517 2005870610 31730 21967
0b001101 0b000701 10000 100 546763 2005554152 369782 62481
0b003e01 0b002701 10000 100 1523340 2005657497 559552 144359
0b002001 0b001501 10000 100 49883 2005434091 821147 820842
0b001601 0b002501 10000 100 22417538 2002274755 4043511 2696148
0b000001 0b001101 10000 100 1610950 2006077143 293442 151702
0b003701 0b002601 10000 100 849646 2006268053 160967 87875
0b003201 0b002301 10000 100 23131214 2003318718 3296719 1955964
0b003301 0b000901 10000 100 4872 2005455538 1162915 817068
0b001b01 0b002201 10000 100 30213 2004598269 2158147 819196
0b003c01 0b000f01 10000 100 125935 2006052540 827096 827218
0b001101 0b001b01 10000 100 1704211 2006699413 188419 155364
0b003001 0b001501 10000 100 63171 2006326640 826185 821959
0b000401 0b000b01 10000 100 16249 2006830123 329644 13845
0b001a01 0b002e01 10000 100 48141 2006428146 820633 820699
0b000701 0b002401 10000 100 54813 2006439840 825665 821256
0b003601 0b001901 10000 100 2442691 2006155847 1141885 1021456
0b001301 0b000201 10000 100 8472 2007295706 18186 17352
0b003101 0b002b01 10000 100 1975 2007219753 354689 16805
0b000601 0b003c01 10000 100 609783 2006328880 1251411 867785
0b001001 0b000b01 10000 100 3331472 2007209164 449916 295952
0b003801 0b003601 10000 100 8141477 2007032210 716943 695063
0b000201 0b003701 10000 100 262574 2006623155 1180515 838675
0b003601 0b000801 10000 100 1284254 2006959842 1035240 924334
0b001001 0b002701 10000 100 1971246 2006806312 1219492 981932
0b003801 0b001901 10000 100 41532 2007332250 823408 820143
0b003f01 0b000e01 10000 100 79155 2007340082 823538 823299
0b001901 0b002301 10000 100 3419649 2006888315 1287912 1103364
0b003e01 0b001101 10000 100 64158 2006806362 1388074 822042
0b003f01 0b001301 10000 100 58399 2006655112 1558816 821558
0b000b01 0b001901 10000 100 178177 2008147618 105801 31581
0b000701 0b002701 10000 100 73906 2007172020 1177727 822856
0b003c01 0b003d01 10000 100 14569 2008412701 5302 5383
0b000e01 0b003b01 10000 100 3936659 2006729260 1708778 1146710
0b003201 0b002401 10000 100 78966 2008438310 23452 23260
0b002901 0b002801 10000 100 3777694 2008207941 317641 320883
0b001601 0b002401 10000 100 9436308 2006607508 1922425 1607802
0b003701 0b000c01 10000 100 1185 2007622985 942979 816762
0b002201 0b000701 10000 100 147323 2007758491 961208 829014
0b000701 0b003401 10000 100 25743371 2002614256 6125503 2974986
0b000201 0b002201 10000 100 1775476 2007805042 964000 965517
0b003701 0b001d01 10000 100 111269 2007953933 830520 825991
0b002701 0b003101 10000 100 4382903 2008577959 381903 384102
0b003a01 0b001b01 10000 100 459493 2008068952 897038 855185
0b000e01 0b001601 10000 100 31435 2009081608 52206 19277
0b002c01 0b003a01 10000 100 35025 2009159155 19659 19580
0b003401 0b001801 10000 100 4461882 2008037354 1267462 1190744
0b001801 0b001301 10000 100 7349 2009325679 13109 13098
0b000d01 0b002d01 10000 100 277228 2008489468 851178 839905
0b002a01 0b000601 10000 100 13379135 2006930043 2466724 1938370
0b003401 0b001801 10001 100 60333 2008673583 850973 821720
0b003601 0b003801 10000 100 2764710 2009250472 300841 244274
0b002401 0b003701 10000 100 6575824 2009256469 619069 567957
0b000101 0b003601 10000 100 64549 2009035213 847776 822073
0b003401 0b002901 10000 100 29540 2009918652 19185 19118
0b001d01 0b002401 10000 100 25368 2009194212 870391 818789
0b001a01 0b002c01 10000 100 7739 2009298149 817534 817309
0b003101 0b000b01 10000 100 4530811 2008977868 1220293 1196523
0b001401 0b001001 10000 100 35365 2010240699 11228 11287
0b002a01 0b000501 10000 100 618069 2009336027 919261 868482
0b003901 0b001a01 10000 100 903486 2009363256 936194 892410
0b001e01 0b002801 10000 100 5965 2009590376 817305 817160
0b000601 0b000401 10000 100 74078 2010509364 10265 10374
0b000301 0b001a01 10000 100 16427556 2008802885 1828775 1393928
0b001801 0b001601 10000 100 90 2010813635 12090 12491
0b002901 0b002101 10000 100 1700 2010839309 12581 12623
0b001101 0b000801 10000 100 23928 2010854607 18603 18646
0b002901 0b002301 10000 100 33980 2010888618 15324 15328
0b001701 0b000401 10000 100 38964 2010293993 636258 19906
0b000401 0b001201 10000 100 73724 2010903520 34878 22822
0b003701 0b001e01 10001 100 777191 2009912738 1062396 881822
0b001801 0b003b01 10000 100 976165 2009994773 984209 898504
0b003501 0b001801 10000 100 184453 2009962489 1041645 832126
0b002001 0b003201 10000 100 7307461 2010127638 885337 629299
0b000c01 0b001601 10000 100 121531 2011094487 32420 26830
0b003601 0b001e01 10000 100 1724966 2010181166 963316 961281
0b000401 0b000501 10000 100 1838663 2010885591 336366 158314
0b003c01 0b003101 10000 100 4239 2011301593 12793 12838
0b002201 0b000201 10000 100 4966231 2009908536 1540270 1233031
0b003501 0b000c01 10000 100 73622 2010542807 929477 822833
0b002401 0b002701 10000 100 19616 2011496363 5721 5806
0b000301 0b003501 10000 100 4209480 2009579161 1983916 1169584
0b000c01 0b003d01 10000 100 1368956 2010460405 1154948 931433
0b001801 0b002601 10000 100 3770 2010759558 868150 816976
0b000a01 0b003d01 10000 100 885388 2010633170 1054031 890893
0b000401 0b003501 10000 100 1303837 2010572526 1182875 925974
0b000301 0b001201 10000 100 32365 2011381027 458024 19355
0b001001 0b002f01 10000 100 5738859 2009929964 1914032 1297806
0b002c01 0b003c01 10000 100 1268982 2011711985 171243 123031
0b000c01 0b000101 10000 100 7482 2011909660 13666 13109
0b003c01 0b000b01 10000 100 5958915 2010544916 1449420 1316255
0b000801 0b002301 10000 100 1608723 2011005964 1131256 951536
0b002701 0b001601 10000 100 59453 2011229564 908710 821646
0b000101 0b001801 10000 100 114254 2012010204 133044 26221
0b000a01 0b003501 10000 100 3710 2011320915 904129 816972
0b001501 0b000301 10000 100 16013937 2009770016 2463203 1359248
0b001701 0b000b01 10000 100 5467 2012237638 17069 17100
0b003301 0b000401 10000 100 16007 2011348189 932353 818005
0b001801 0b001901 10000 100 73436 2012280966 10188 10319
0b003601 0b002c01 10000 100 38476 2012328478 23093 19867
0b002401 0b000801 10000 100 4786139 2010894190 1473110 1217933
0b002101 0b002401 10000 100 928 2012545171 8329 8398
0b001501 0b002301 10000 100 5903 2011693249 906412 817155
0b002a01 0b003001 10000 100 1471875 2012417301 198426 140042
0b001001 0b000b01 10001 100 140360 2012587545 66599 28410
0b003601 0b003c01 10000 100 154394 2012658362 25256 25426
0b002401 0b000501 10000 100 2025 2011872410 879589 816833
0b001a01 0b001b01 10000 100 47751 2012752229 8055 8164
0b002501 0b000601 10000 100 8012235 2011205622 1741444 1488408
0b001001 0b003601 10000 100 110509 2012324650 825808 825926
0b002b01 0b000001 10000 100 441157 2012333630 877171 853649
0b001a01 0b000901 10000 100 913104 2013130222 92407 93198
0b002c01 0b001701 10000 100 8668 2012409320 817363 817388
0b001301 0b002701 10000 100 39261 2012424102 820047 819954
0b002b01 0b002901 10000 100 60436 2013286175 9109 9229
0b003301 0b000d01 10000 100 1165965 2012320520 1014220 914414
0b001301 0b003c01 10000 100 528892 2012454594 882484 861002
0b002c01 0b002e01 10000 100 71472 2013358359 10025 10154
0b003601 0b002801 10000 100 4939615 2012893438 478967 430778
0b002701 0b000001 10000 100 4507061 2012223049 1287547 1194535
0b003001 0b001001 10000 100 117609 2012758213 826871 826521
0b001801 0b003101 10000 100 72649 2012769522 825797 822752
0b002e01 0b002b01 10000 100 14845 2013696969 9498 9565
0b001301 0b001201 10000 100 24189 2013877141 6101 6191
0b003701 0b003301 10000 100 7130 2013921648 8860 8921
0b002c01 0b000701 10000 100 1989652 2012103693 1890954 983473
0b001d01 0b000f01 10000 100 31283 2014146009 27010 19265
0b000501 0b002301 10000 100 57307 2012511802 1682394 821467
0b003401 0b001001 10000 100 1279532 2013261121 984139 923937
0b000e01 0b003801 10000 100 27820 2013505455 820225 818993
0b002301 0b003e01 10000 100 9868 2014356113 104785 17467
0b001e01 0b000501 10000 100 1789150 2014422469 165136 166645
0b001f01 0b002501 10000 100 998421 2013697035 985886 900369
0b003201 0b000801 10000 100 1625032 2013867320 951627 952906
0b000c01 0b002601 10000 100 40438 2013961144 907154 820052
0b000c01 0b003201 10000 100 973630 2014131750 907401 898290
0b001001 0b002301 10000 100 29318 2014161305 906254 819120
0b001101 0b001301 10000 100 1075403 2015012907 93352 94324
0b001401 0b002f01 10000 100 9698821 2013434122 1716514 1629809
0b000701 0b003d01 10000 100 755880 2013873826 1341618 880033
0b002501 0b002f01 10000 100 64613 2015316308 19804 17898
0b000d01 0b003401 10000 100 72426 2014591471 825635 822734
0b000501 0b003801 10000 100 9247953 2008640320 6848596 1592008
0b003801 0b003701 10000 100 32823 2015471970 17759 15232
0b003601 0b002901 10000 100 189088 2015113119 395020 32496
0b003401 0b001c01 10000 100 27151 2014820312 818953 818939
0b002a01 0b002d01 10000 100 45397 2015870360 13875 12128
0b001c01 0b003e01 10000 100 54335 2015073498 821146 821218
0b001901 0b003501 10000 100 470735 2015057414 867271 856127
0b003701 0b000401 10000 100 5347 2015160890 817253 817110
0b002a01 0b000b01 10000 100 8375662 2014192211 1907227 1518876
0b003501 0b001701 10000 100 604677 2015237889 866823 867357
0b001e01 0b000601 10000 100 7593 2015852327 329803 17278
0b003401 0b000e01 10000 100 29433 2015360756 821394 819129
0b000601 0b003901 10000 100 31261 2015234986 991091 819283
0b001601 0b002801 10000 100 203641 2015460685 850537 833734
0b002f01 0b002801 10000 100 76028 2016408631 14579 14697
0b003601 0b000001 10000 100 29482 2015620139 822911 819133
0b003501 0b000601 10000 100 1735 2015351202 1123773 816806
0b003101 0b000601 10000 100 32523 2015803791 825933 819388
0b003701 0b002901 10000 100 22851 2016638541 19513 18556
0b003801 0b002601 10000 100 139381 2016139856 639353 28328
0b002a01 0b001f01 10001 100 132067 2015436669 1386658 827736
0b001b01 0b002f01 10000 100 3246819 2015310223 1675733 1088874
0b002901 0b003c01 10000 100 16530 2016372354 655953 18027
0b000901 0b001801 10000 100 1365 2017082290 126494 16756
0b000501 0b002c01 10000 100 2438090 2014370360 2911356 1021072
0b001b01 0b000a01 10000 100 2917437 2016775652 510807 261240
0b003601 0b002b01 10000 100 54798 2016645387 644454 21235
0b003801 0b000701 10000 100 9056667 2015391303 2018194 1575972
0b001701 0b002c01 10000 100 50450 2015980359 1449117 820891
0b003f01 0b003601 10000 100 163345 2017444416 32753 26177
0b003301 0b001001 10000 100 4703 2016747066 817086 817055
0b002801 0b003401 10000 100 3299164 2016074328 1555043 293245
0b001601 0b002401 10001 100 28505 2016825305 821713 819051
0b000901 0b000801 10000 100 42602 2017649528 7628 7733
0b001401 0b003101 10000 100 1971814 2016809578 986791 981977
0b000e01 0b001801 10000 100 49766 2017817586 21098 20813
0b000301 0b003901 10000 100 954 2017096505 816693 816740
0b002501 0b003501 10000 100 3798729 2017261860 689329 335126
0b002701 0b000701 10000 100 77794 2017175728 829566 823183
0b001701 0b001501 10000 100 1461724 2017913287 125419 126712
0b002a01 0b001601 10000 100 1218083 2016523573 1552558 918787
0b001501 0b001701 10000 100 5450 2018113517 4545 4619
0b002e01 0b000f01 10000 100 26562 2016863587 1293654 818888
0b001001 0b001201 10000 100 21314 2018174877 5862 5949
0b002c01 0b003601 10000 100 43142 2017637386 584412 20260
0b000601 0b002e01 10000 100 991262 2016279732 1950848 899770
0b003301 0b002701 10000 100 1187 2018364143 16766 16742
0b003201 0b002601 10000 100 22452 2018403925 18484 18524
0b001601 0b002501 10001 100 2653464 2017414419 1042963 1039128
0b000901 0b001401 10000 100 3527496 2018009176 485174 312387
0b003301 0b000d01 10001 100 79506 2017678538 830275 823327
0b000401 0b000d01 10000 100 19386816 2006809619 11753895 1637871
0b003b01 0b003f01 10000 100 9394927 2017799817 788044 795990
0b002e01 0b000501 10000 100 14622 2017155727 1458258 817887
0b002201 0b001c01 10000 100 62775 2017078187 1552126 821923
0b000d01 0b001601 10000 100 8771 2018526400 134512 17376
0b000e01 0b000c01 10000 100 38012 2018924256 7249 7350
0b002101 0b002201 10000 100 691 2019227771 4126 4219
0b003901 0b002701 10000 100 21561 2019225925 18626 18449
0b001c01 0b003401 10000 100 148007 2018427094 835479 829072
0b000901 0b000201 10000 100 445607 2019215699 63553 49841
0b002001 0b000901 10000 100 26784 2017947364 1400556 818906
0b002c01 0b003101 10000 100 969080 2018649520 698827 97891
0b000101 0b002e01 10000 100 46808 2017983028 1375079 820585
0b002e01 0b001c01 10000 100 81810 2018577355 823427 823519
0b002901 0b002b01 10001 100 48502 2019499085 8118 8228
0b003f01 0b003401 10000 100 16327 2019626672 13897 13851
0b002401 0b001d01 10000 100 791 2018887270 816642 816727
0b002301 0b002601 10000 100 629125 2019487778 319245 61069
0b003901 0b001e01 10000 100 39638 2019070601 819925 819984
0b001a01 0b002301 10000 100 116616 2019256769 826664 826438
0b002f01 0b003101 10000 100 360365 2020031351 53000 46855
0b002f01 0b000d01 10000 100 1401197 2019176642 933024 934139
0b001201 0b000401 10000 100 1543342 2019926342 205274 146036
0b000201 0b003b01 10000 100 1938701 2019164884 985417 979201
0b002301 0b002701 10000 100 4633530 2019372806 837142 396796
0b002801 0b000701 10000 100 4263 2018828667 1445055 817020
0b000c01 0b000801 10000 100 493572 2020232549 49233 49702
0b000c01 0b002301 10000 100 155549 2019536769 829986 829702
0b003d01 0b002e01 10000 100 972317 2020323294 97490 98161
0b000c01 0b002d01 10000 100 79019 2019100431 1379686 823288
0b003801 0b002701 10000 100 47212 2020412086 118911 20601
0b001401 0b003d01 10000 100 42132 2019961271 822409 820195
0b000801 0b002f01 10000 100 139553 2020006289 832420 828361
0b002301 0b001201 10000 100 35203 2020173551 825285 819614
0b002e01 0b001901 10000 100 2362 2019688527 1373444 816860
0b003d01 0b000701 10000 100 1760856 2020128204 1020737 964290
0b002901 0b001801 10000 100 37514 2020066727 1371192 819807
0b000601 0b001201 10000 100 41655 2021365738 77217 20133
0b002f01 0b000201 10000 100 409094 2020666558 858726 850961
0b003701 0b003601 10000 100 8733 2021531480 4817 4893
0b002601 0b003a01 10000 100 53930 2021616728 23286 21161
0b001601 0b002201 10000 100 1852391 2020737667 970405 971966
0b000e01 0b001801 10001 100 557056 2021509763 274358 63347
0b000f01 0b001301 10000 100 15657 2021731933 175916 17954
0b000c01 0b001601 10001 100 4565537 2021193309 752103 399416
0b000e01 0b002101 10000 100 432 2020560070 1407376 816698
0b003001 0b001c01 10000 100 2860821 2020969575 1060474 1056511
0b001901 0b000501 10000 100 4077 2022266601 17269 16985
0b002901 0b000501 10000 100 11030 2021536537 817886 817588
0b001c01 0b003b01 10000 100 90415 2021695353 824294 824242
0b001c01 0b000401 10000 100 34607 2022529610 20068 19542
0b003601 0b002901 10001 100 1643691 2022447372 156652 154448
0b000d01 0b000801 10000 100 56821 2022539891 126991 13084
0b000801 0b002c01 10000 100 1644986 2021544930 1134768 954575
0b001c01 0b003001 10000 100 63287 2022027813 821889 821968
0b003101 0b000001 10000 100 1857371 2021783446 1079676 972384
0b000b01 0b000301 10000 100 8387716 2022010620 959032 715707
0b003a01 0b000501 10000 100 8813 2022272953 817594 817399
0b000a01 0b000301 10000 100 7851 2023109131 13091 13138
0b000301 0b001901 10000 100 29904 2023108388 19096 19147
0b000801 0b002d01 10000 100 5840 2022382858 817120 817150
0b003c01 0b000101 10000 100 24798 2022483192 820824 818739
0b000a01 0b003d01 10001 100 1368722 2022261006 1043725 931414
0b002b01 0b001701 10000 100 57454 2021995335 1386955 821479
0b001501 0b003401 10000 100 21400 2022646538 818636 818456
0b000601 0b002501 10000 100 1418125 2021322216 2154215 935558
0b002801 0b002601 10000 100 19282 2023104758 549072 14099
0b000801 0b001501 10000 100 1495583 2023421191 269646 142031
0b002a01 0b001b01 10000 100 58732 2022984485 831358 821585
0b001501 0b001a01 10000 100 48335 2023944259 16801 16534
0b000a01 0b000301 10001 100 42606 2024010827 15977 16053
0b000301 0b000d01 10000 100 22811 2024040997 14417 14393
0b003801 0b002901 10000 100 58139 2024117992 21441 21517
0b003901 0b000201 10000 100 36027 2023232071 947037 819684
0b000e01 0b001401 10000 100 14497662 2022848755 1358005 1232125
0b000a01 0b003e01 10000 100 28582 2023460449 872176 819057
0b003201 0b003d01 10000 100 76868 2024312634 31505 18925
0b003201 0b003801 10000 100 749450 2024272000 130411 75316
0b001301 0b003901 10000 100 4262983 2023260083 1201356 1174068
0b003401 0b003d01 10000 100 886176 2024688083 85994 86780
0b002001 0b003b01 10000 100 28602 2023083313 1713967 19039
0b001401 0b000d01 10000 100 2888832 2024343952 496148 258840
0b001f01 0b002e01 10000 100 191777 2023465129 1405556 832739
0b001c01 0b000401 10001 100 17208 2024867626 18338 18085
0b001a01 0b003601 10001 100 1830664 2023916041 998220 970144
0b003501 0b000901 10000 100 3290980 2023810425 1106649 1092575
0b001501 0b001401 10000 100 28505 2024925345 6459 6551
0b003f01 0b003701 10000 100 55528 2024925030 17158 17137
0b001601 0b003a01 10000 100 27256 2024202025 819716 818948
0b001b01 0b001d01 10000 100 41866 2025042351 11741 11830
0b003601 0b002d01 10000 100 9295 2025222487 17496 17422
0b003201 0b001301 10000 100 1224359 2024284717 976265 919312
0b000d01 0b000301 10000 100 843159 2025213023 101680 83173
0b000c01 0b002c01 10000 100 160284 2024747996 830260 830100
0b001e01 0b003901 10000 100 3258494 2024341752 1327345 1089854
0b002901 0b000201 10000 100 13790 2024343661 1364620 817816
0b002501 0b003001 10000 100 61048 2025679418 31791 21761
0b001f01 0b002501 10001 100 535633 2024900931 912485 861568
0b001501 0b000601 10000 100 1103997 2025848191 130323 109199
0b003401 0b001401 10000 100 52905 2025177101 823255 821095
0b001d01 0b000d01 10000 100 9662 2026020869 17726 17451
0b002101 0b003401 10000 100 1400671 2025661443 464854 134073
0b003901 0b000a01 10000 100 5706 2025332366 837389 817139
0b001801 0b002c01 10000 100 1243 2024852087 1373263 816767
0b002e01 0b002701 10000 100 247041 2026208592 41357 33195
0b001a01 0b001201 10000 100 919444 2026163046 119797 89568
0b003201 0b002e01 10000 100 23102 2026266922 18533 18580
0b003a01 0b002601 10000 100 33894 2026223159 85302 19482
0b002301 0b000a01 10001 100 65597 2023030514 3294910 822161
0b000101 0b003a01 10000 100 1573402 2025702030 1013854 948576
0b002b01 0b003e01 10000 100 1619301 2025893293 841377 152404
0b000b01 0b001201 10000 100 765323 2026712324 112756 80807
0b000f01 0b000e01 10000 100 206740 2026826243 21252 21494
0b003e01 0b002401 10000 100 21188 2026955135 18374 18419
0b000601 0b002601 10000 100 1943898 2026180243 978138 979636
0b001e01 0b002f01 10000 100 142 2026416655 816156 816675
0b000501 0b002a01 10000 100 9094 2026489161 817392 817425
0b003701 0b002201 10000 100 133404 2027136350 261371 27826
0b002601 0b002701 10000 100 13668 2027450932 5227 5307
0b003e01 0b000201 10000 100 21583 2026843366 818925 818471
0b000801 0b001f01 10000 100 193631 2027650967 50698 32875
0b001801 0b000d01 10000 100 7801 2027688098 33459 17294
0b001801 0b001a01 10000 100 18131 2027953655 5599 5683
0b000b01 0b003001 10000 100 3651087 2026743165 1220009 1122770
0b000901 0b002a01 10000 100 87301 2027399437 823942 823982
0b001201 0b000a01 10000 100 15439 2028274475 19590 17936
0b003e01 0b003901 10000 100 63982 2028278341 17062 13684
0b002a01 0b003601 10000 100 37932 2028323512 20758 19820
0b000a01 0b003901 10000 100 21729 2027734687 819704 818482
0b003f01 0b002e01 10000 100 412615 2028415767 171061 51235
0b000501 0b003a01 10000 100 4674581 2027515338 1308477 1208578
0b000001 0b001001 10000 100 40502 2028789869 37036 20037
0b000401 0b001301 10000 100 1369092 2028722625 154364 131428
0b002d01 0b000401 10000 100 1053 2027547545 1374896 816751
0b001001 0b000801 10000 100 14161 2028903780 19745 17830
0b000201 0b003201 10000 100 51959 2028018719 918610 821016
0b003601 0b000801 10001 100 177825 2027963374 1044561 831569
0b000801 0b002c01 10001 100 1809 2027660427 1348482 816812
0b002801 0b002101 10000 100 24602 2028834030 182993 14544
0b003501 0b002601 10000 100 7038104 2028604591 622724 606718
0b003d01 0b003201 10000 100 13603 2029342697 13611 13622
0b001901 0b003f01 10000 100 52478 2028537868 829196 821061
0b003d01 0b003c01 10000 100 28564737 2026604309 2840014 2399028
0b001e01 0b002b01 10000 100 577056 2028606674 864724 865044
0b002501 0b000201 10000 100 1839630 2028195670 1285140 970896
0b001801 0b002501 10000 100 13213 2028243390 1316183 817770
0b003101 0b002b01 10001 100 75959 2029059757 594303 23008
0b000801 0b003801 10000 100 898679 2028773011 896260 892006
0b003301 0b003801 10000 100 1254696 2029732719 116580 117674
0b001f01 0b002901 10000 100 1906 2028554328 1372621 816820
0b002e01 0b002c01 10001 100 1015783 2029981083 88402 89324
0b002801 0b000601 10000 100 1889445 2029085089 1017197 975073
0b003101 0b000f01 10000 100 37066 2029112630 1289611 819771
0b003d01 0b001f01 10000 100 1946599 2028890049 1517106 979864
0b000d01 0b001901 10000 100 7802805 2029661766 913081 670827
0b001901 0b003c01 10000 100 13881713 2027968916 2627249 1980503
0b003901 0b000b01 10000 100 70351 2029771064 828366 822560
0b000301 0b003401 10000 100 4985666 2028886868 1873427 1234659
0b002b01 0b000201 10000 100 4223228 2029710205 1203070 1170738
0b003601 0b003001 10000 100 19668 2030906910 9899 9970
0b003101 0b000f01 10001 100 2397511 2030039622 1060399 1017669
0b001301 0b002f01 10000 100 16789 2030314583 818088 818068
0b001601 0b002101 10000 100 74639 2030340988 823285 822919
0b000901 0b003701 10000 100 201259 2030371645 834109 833536
0b002b01 0b002901 10001 100 77580 2031216292 10532 10665
0b001001 0b002b01 10000 100 16992 2030025921 1387554 818084
0b001701 0b001101 10000 100 7522 2031460571 8928 8952
0b003f01 0b001601 10000 100 2586 2030720098 816867 816878
0b001001 0b003601 10001 100 1775417 2030636401 975681 965513
0b002501 0b003501 10001 100 44860 2031608013 27632 20401
0b003e01 0b003701 10000 100 3409 2031783906 12911 12768
0b003501 0b002d01 10000 100 30233 2031790054 19205 19177
0b002a01 0b000101 10000 100 713554 2030422944 1491144 876486
0b001b01 0b000801 10000 100 1624388 2031820599 186465 152831
0b001e01 0b000101 10000 100 72501 2032233655 24758 22720
0b002401 0b003e01 10000 100 4103972 2031646562 632278 360717
0b000701 0b000301 10000 100 33455 2032346333 11044 11126
0b000601 0b002001 10000 100 44217 2031704922 865973 820370
0b002f01 0b002d01 10000 100 5026 2032591753 4511 4585
0b001f01 0b001801 10000 100 2836 2032599026 8557 8558
0b000001 0b002801 10000 100 181985 2031337764 1391220 831917
0b000001 0b002401 10000 100 616873 2031908102 868089 868379
0b003701 0b002701 10000 100 181388 2031681343 1186464 31849
0b000301 0b001e01 10000 100 24503 2032926148 19328 18696
0b001c01 0b001d01 10000 100 118509 2033062482 13929 14097
0b002e01 0b000901 10000 100 35050 2031748490 1378093 819602
0b002501 0b000601 10001 100 1417468 2032156245 1177114 935502
0b001a01 0b001e01 10000 100 12127 2033362223 9274 9340
0b000001 0b001501 10000 100 1737026 2033277850 209325 162276
0b000401 0b002701 10000 100 6091526 2032109235 1390120 1327375
0b002401 0b003a01 10000 100 314198 2033500076 184906 42985
0b000701 0b002501 10000 100 638559 2031680403 2014801 870198
0b002b01 0b000101 10000 100 553322 2032231976 1468885 863053
0b001f01 0b003c01 10000 100 5948 2032872494 840535 817158
0b002401 0b001601 10000 100 15835 2033082760 839814 817988
0b003601 0b002d01 10001 100 193785 2033878990 50663 32887
0b001501 0b001d01 10000 100 1262284 2033775127 210458 118312
0b000b01 0b001601 10000 100 837137 2033935384 114038 86828
0b001001 0b003a01 10000 100 5826736 2032683184 1418129 1305174
0b000e01 0b003301 10000 100 24381 2033295949 833162 818706
0b001f01 0b002601 10000 100 943401 2032097918 2041694 895757
0b003001 0b002301 10000 100 1054093 2032865133 1303618 105018
0b002d01 0b003d01 10000 100 73985 2034258664 22765 22842
0b000f01 0b001201 10000 100 632711 2034213584 97322 69687
0b000801 0b000101 10000 100 101238 2034318455 20844 20970
0b001b01 0b003b01 10000 100 39379 2033578192 821462 819963
0b000c01 0b002b01 10000 100 41504 2033097836 1371718 820141
0b003d01 0b002f01 10000 100 44472 2034043910 574792 20370
0b000701 0b000401 10000 100 557052 2034571075 50329 50866
0b001001 0b001a01 10001 100 21003 2034924178 15314 14244
0b003501 0b001901 10000 100 1155137 2033984332 1032565 913510
0b001601 0b003401 10000 100 4841 2034227052 886548 817066
0b002801 0b003a01 10001 100 72671 2035096624 34025 22734
0b001901 0b000701 10000 100 34658 2035135841 19889 19547
0b001101 0b001201 10000 100 4191979 2034813150 352026 355615
0b002601 0b002d01 10000 100 473142 2028642216 6598767 52151
0b003001 0b002501 10000 100 157149 2035059960 226317 29818
0b003401 0b003101 10000 100 5294299 2034766025 535164 452196
0b002701 0b002801 10000 100 3174211 2034900991 429841 278608
0b001201 0b003701 10000 100 1010555 2034284133 1110540 901386
0b003301 0b003801 10001 100 3723 2035386957 12749 12793
0b002001 0b003501 10000 100 77341 2035282610 141350 23126
0b003b01 0b000c01 10000 100 26544 2034714741 819633 818887
0b000801 0b003c01 10000 100 24068 2034762843 818673 818681
0b002901 0b001601 10000 100 5139 2034243433 1480346 817094
0b001e01 0b000701 10000 100 50567 2035524339 237085 20881
0b001601 0b002601 10000 100 7790624 2034162000 1876649 1469827
0b003a01 0b002301 10001 100 96218 2035914041 194103 24709
0b001f01 0b001e01 10000 100 8199 2036145799 4774 4850
0b003301 0b000001 10000 100 70239 2035365730 822649 822551
0b000f01 0b001901 10000 100 57450 2036178537 27064 21458
0b000f01 0b000201 10000 100 52389 2036351493 17940 16874
0b001d01 0b001001 10000 100 8921364 2035629267 766950 760449
0b001001 0b002301 10001 100 7913503 2033211403 3334867 1480130
0b003f01 0b002701 10000 100 4513892 2035899516 818580 395085
0b000701 0b001201 10000 100 21266 2036714502 24181 18425
0b002c01 0b002e01 10001 100 978754 2036682995 85329 86219
0b000401 0b002c01 10000 100 37506 2035930941 882171 819806
0b003201 0b002d01 10000 100 7619099 2035440281 1410059 655428
0b000c01 0b001901 10000 100 18389618 2034826196 2204932 1558427
0b001601 0b000901 10000 100 23361 2036803502 326723 18601
0b000401 0b002001 10000 100 48074 2036180880 972345 820694
0b000501 0b003201 10000 100 44261 2036051744 1290650 820373
0b000201 0b000701 10000 100 3841 2037301134 58860 8642
0b002901 0b001a01 10000 100 2811802 2034949730 2466991 1052402
0b003801 0b003501 10000 100 8845393 2036687138 785397 754080
0b001901 0b002f01 10000 100 54053 2036768356 831296 821195
0b001301 0b000a01 10000 100 8944155 2036592748 1047015 766521
0b003d01 0b003101 10000 100 3558327 2037243499 485568 310812
0b003001 0b002b01 10000 100 2377729 2036408105 1384251 215989
0b000201 0b000d01 10000 100 125953 2037819738 22894 23040
0b001e01 0b000201 10000 100 62307 2037906866 29393 21866
0b002401 0b002c01 10000 100 2530 2038033190 12734 12693
0b001901 0b001d01 10000 100 227812 2038068254 27174 27420
0b000f01 0b002c01 10000 100 10972 2036629529 1504989 817580
0b001301 0b002701 10001 100 448383 2037182588 994840 854254
0b000401 0b001c01 10000 100 7133 2038172972 25221 17241
0b002f01 0b000701 10000 100 4669 2037397578 1034507 817052
0b001301 0b003101 10000 100 1954621 2036882454 1589687 980536
0b003401 0b003f01 10000 100 4666560 2038099603 425039 403726
0b003601 0b000601 10000 100 4384872 2037093766 1464772 1184288
0b000001 0b000e01 10000 100 598665 2038577698 62213 62673
0b003f01 0b003601 10001 100 47257 2038678197 78241 16444
0b000e01 0b002c01 10000 100 9245 2038314944 818274 817438
0b002901 0b003701 10000 100 1535447 2038281968 1098494 145374
0b001b01 0b001c01 10000 100 38104 2039463426 11431 11518
0b002901 0b000601 10000 100 4982996 2038088989 1456259 1234434
0b003101 0b001f01 10000 100 8706788 2036101858 3468576 1546637
0b000c01 0b000101 10001 100 8558 2039653221 13151 13199
0b001701 0b001401 10000 100 1167359 2039626418 100984 102033
0b000001 0b003a01 10000 100 11482 2038927299 921819 817624
0b003701 0b001f01 10000 100 2469 2039040214 955506 816869
0b000601 0b002b01 10000 100 42160 2038801836 1407227 820197
0b001301 0b001c01 10000 100 355220 2040377691 41925 42264
0b003b01 0b002d01 10000 100 9595480 2037701878 2797373 821127
0b002d01 0b000601 10000 100 3407 2039689210 819700 816947
0b003f01 0b003a01 10000 100 1529851 2040503324 140648 136583
0b000201 0b000e01 10000 100 1710142 2040620189 161496 155861
0b000901 0b002c01 10000 100 359476 2039374314 1422160 846800
0b003d01 0b000601 10000 100 7968520 2036063933 4734233 1484742
0b000b01 0b000e01 10001 100 28183 2040892354 12757 10686
0b001001 0b003b01 10000 100 42162 2040121624 824248 820198
0b000801 0b001301 10000 100 3374488 2040674275 391572 299559
0b002e01 0b000801 10000 100 308684 2038398280 2759817 842541
0b003401 0b002901 10001 100 505 2041179501 16506 16684
0b000b01 0b002401 10000 100 4842376 2038900722 2412024 1222647
0b001201 0b002601 10000 100 18570879 2037824105 3520639 2373642
0b002f01 0b003401 10000 100 16838 2040161873 1207822 18052
0b000c01 0b003201 10001 100 1233604 2040376825 1021293 920086
0b003901 0b000801 10000 100 12180878 2037430195 3974569 1837905
0b000601 0b000a01 10000 100 26703 2041539825 14705 14719
0b000b01 0b003a01 10000 100 13109 2040788196 818921 817762
0b000c01 0b003001 10000 100 6962 2040832012 817894 817243
0b001f01 0b002f01 10000 100 78334 2039648446 2014329 823230
0b002e01 0b001001 10000 100 14417 2040870597 898235 817870
0b002d01 0b001801 10000 100 3936135 2040556590 1246083 1146668
0b001801 0b003a01 10000 100 56359 2041110800 821523 821387
0b001601 0b001a01 10000 100 380311 2041943553 51809 44367
0b000401 0b002601 10000 100 8478 2041082568 919260 817372
0b000e01 0b003a01 10000 100 18422 2041208414 818267 818206
0b002901 0b000201 10001 100 264057 2040435921 1646710 838802
0b003601 0b001701 10000 100 1315380 2041169428 953222 926943
0b000101 0b001f01 10000 100 1500185 2042025194 157971 142418
0b000201 0b000301 10000 100 243813 2042247800 24328 24602
0b001301 0b002e01 10000 100 7699 2039806355 2498331 817306
0b001401 0b002a01 10000 100 68423 2040920783 1476357 822398
0b000d01 0b003001 10000 100 16300 2041599097 818175 818029
0b000401 0b000501 10001 100 34437 2042424725 8030 7049
0b000d01 0b002f01 10000 100 6141406 2040367252 2170907 1331557
0b000e01 0b002801 10000 100 1608714 2041644185 950866 951535
0b001101 0b002b01 10000 100 2716399 2040857142 1772297 1044405
0b001f01 0b001701 10000 100 5385 2042716015 12971 12933
0b001401 0b001e01 10001 100 47346 2042787957 16952 16452
0b000d01 0b000901 10000 100 1376887 2042690456 122547 123758
0b001601 0b001301 10000 100 163741 2042824663 21857 22049
0b001401 0b003801 10000 100 4742 2042137431 817170 817058
0b000a01 0b002201 10000 100 59016 2041483599 1566329 821611
0b001e01 0b002e01 10000 100 912806 2042164421 892973 893190
0b001301 0b003e01 10000 100 1763 2042287369 816781 816808
0b003301 0b001501 10000 100 52626 2042329849 822082 821073
0b000401 0b001e01 10000 100 5498 2043270256 17071 17102
0b003001 0b002e01 10000 100 8057 2043287741 17285 17319
0b003d01 0b001401 10000 100 27586 2042610085 819506 818974
0b001e01 0b000e01 10000 100 31608 2043455096 20034 19291
0b002a01 0b000501 10001 100 3440525 2040150343 3358534 1105115
0b000201 0b000801 10000 100 60883 2043778305 17493 17584
0b001901 0b000901 10000 100 10073 2043960846 26106 17488
0b003601 0b001001 10000 100 24517 2043169363 819196 818717
0b001e01 0b000501 10001 100 22533 2044019957 20364 18530
0b000401 0b002d01 10000 100 183339 2043218396 831853 832033
0b000201 0b001301 10000 100 57031 2044037648 53413 21425
0b003601 0b001201 10000 100 77392 2043267498 823831 823150
0b001901 0b001f01 10000 100 38889 2044106704 11493 11580
0b003401 0b002401 10000 100 33608 2044291120 19648 19459
0b003901 0b000a01 10001 100 79687 2043532490 830915 823342
0b001d01 0b003401 10000 100 57352 2043701224 826124 821470
0b003801 0b002701 10001 100 170697 2044313809 236243 30952
0b001d01 0b002601 10000 100 1186146 2043686190 919965 916109
0b001301 0b003e01 10001 100 60678 2043861351 821672 821748
0b002201 0b003b01 10000 100 66921 2027911239 16783332 22250
0b001601 0b003e01 10000 100 49451 2043874580 820744 820808
0b001701 0b000201 10000 100 7421993 2043925477 774154 638899
0b000001 0b002401 10001 100 2934 2043892860 817355 816906
0b001301 0b000001 10000 100 70891 2044668903 48826 22583
0b002d01 0b002f01 10000 100 13680 2045104310 5228 5308
0b002401 0b000c01 10000 100 174576 2042244361 2879804 831298
0b002501 0b001a01 10000 100 62513 2022091470 23048033 821902
0b002501 0b002701 10000 100 6700 2045191405 6204 4722
0b000401 0b003e01 10000 100 1599831 2044392194 979886 950790
0b001501 0b002901 10000 100 67865 2044576401 822299 822350
0b000b01 0b003101 10000 100 954553 2044576321 911402 896691
0b003e01 0b002901 10000 100 1619373 2044818205 697168 152410
0b002a01 0b003601 10001 100 58459 2045588151 22600 21543
0b000d01 0b002f01 10001 100 4630 2044263044 1352022 817049
0b003b01 0b002d01 10001 100 621214 2045032614 611426 68725
0b001b01 0b003101 10000 100 75178 2045126299 824703 822966
0b000701 0b003201 10000 100 2250229 2045162159 1040756 1005322
0b003e01 0b003c01 10000 100 35269 2046306659 7021 7119
0b000e01 0b001401 10001 100 27320 2046414686 19327 18933
0b001601 0b003e01 10001 100 14641 2045679011 818017 817888
0b001d01 0b000201 10000 100 20769 2046574920 19957 18382
0b003701 0b001701 10000 100 8454 2046105466 817440 817370
0b001601 0b000901 10001 100 24959 2047011748 72442 18732
0b000f01 0b001901 10001 100 2165784 2046830731 259394 198220
0b000f01 0b003e01 10000 100 39748 2046291092 820123 819993
0b000c01 0b003601 10000 100 23812 2046417900 818612 818657
0b001301 0b001e01 10000 100 48021 2047296622 16428 16509
0b002101 0b001001 10000 100 12617 2046612446 817942 817719
0b003401 0b002501 10000 100 7839 2047684851 17397 17297
0b000501 0b003a01 10001 100 3951062 2046565697 1148771 1147920
0b001a01 0b000201 10000 100 49341 2047771056 20711 20779
0b002201 0b000e01 10000 100 198518 2038150191 9661202 833305
0b002f01 0b000501 10000 100 1426412 2046181768 1806158 936252
0b000301 0b002901 10000 100 31936 2046457418 1535298 819337
0b001f01 0b000601 10000 100 70291 2048044807 23846 22535
0b003801 0b002c01 10000 100 1040443 2047304110 819294 103872
0b000701 0b002201 10000 100 915158 2046607846 1683217 893390
0b000501 0b003901 10000 100 43515 2047477828 821234 820310
0b001f01 0b000f01 10000 100 29592 2048283658 20648 19122
0b003901 0b001401 10000 100 1046211 2047462132 937115 904377
0b000d01 0b000b01 10000 100 70253 2048424928 14099 14212
0b000b01 0b003101 10001 100 39726 2047700299 820146 819991
0b002201 0b003001 10000 100 1192 2048890262 16772 16743
0b002401 0b001b01 10000 100 72134 2039454555 9532842 822711
0b003b01 0b002801 10000 100 22978 2048997788 18802 18566
0b002401 0b001f01 10000 100 195505 2032840854 16341998 833053
0b002801 0b002201 10000 100 161337 2048117588 1142612 26009
0b000a01 0b002801 10000 100 943914 2048438700 897302 895798
0b003301 0b001a01 10000 100 22781 2048650115 819483 818570
0b002201 0b000701 10001 100 1705942 2048481896 1015408 959686
0b001c01 0b003e01 10001 100 75056 2048751194 822880 822956
0b003301 0b001e01 10000 100 11098 2048914754 817976 817593
0b003301 0b001b01 10000 100 78734 2048950457 825582 823262
0b002801 0b000c01 10000 100 4261458 2046210529 3772510 1173942
0b000a01 0b001001 10000 100 2849079 2049599127 499501 255510
0b002901 0b002101 10001 100 621719 2049450900 687259 64606
0b002e01 0b000101 10000 100 8212 2048697858 1528321 817351
0b003501 0b001001 10000 100 33867 2049401746 876182 819499
0b003c01 0b000f01 10001 100 4646 2049536629 817177 817050
0b000d01 0b001601 10001 100 807546 2050178407 201987 84346
0b002d01 0b001101 10000 100 20163 2049574568 852381 818353
0b002301 0b002e01 10000 100 1594572 2048271665 2176102 146170
0b001301 0b000301 10000 100 47965 2050495547 24771 20661
0b002a01 0b000f01 10000 100 859356 2048934631 1588639 888710
0b001401 0b003201 10000 100 4017819 2049231466 1313873 1153514
0b001b01 0b002f01 10001 100 101629 2049052802 1525124 825182
0b003b01 0b003601 10000 100 11990 2050626092 13435 13485
0b002801 0b000301 10000 100 7667315 2045320951 5358625 1459490
0b000a01 0b003301 10000 100 1305 2050017157 825032 816772
0b002501 0b000501 10000 100 165250 2025909771 24980493 830517
0b000d01 0b002c01 10000 100 5941 2050025022 925653 817158
0b003801 0b003c01 10000 100 9255 2050949242 9036 9098
0b003e01 0b002901 10001 100 43075 2050476543 536675 20254
0b000f01 0b000601 10000 100 7818 2051080252 13089 13136
0b001b01 0b003001 10000 100 4235721 2049898338 1256291 1171783
0b001301 0b002301 10000 100 3766388 2049596569 1615573 1132436
0b000b01 0b000601 10000 100 22555 2051301527 14313 14372
0b003d01 0b000f01 10000 100 4446 2050757096 817136 817034
0b000e01 0b002501 10001 100 7302 2050830291 835942 817274
0b002501 0b000a01 10000 100 132599 2050564060 1383587 827778
0b001e01 0b003d01 10000 100 22169 2050821427 1139392 818521
0b002801 0b003601 10000 100 1872631 2051636939 344461 173642
0b003901 0b003d01 10000 100 83263 2052093795 17507 15303
0b003301 0b001501 10001 100 367834 2050911021 1260892 847499
0b003301 0b001801 10000 100 1726534 2051146636 1108767 961414
0b003201 0b003a01 10000 100 9015658 2051094995 1168013 768354
0b002901 0b001301 10000 100 19635352 2049214828 3094913 2462890
0b003801 0b001101 10000 100 23274 2051133110 1198944 818614
0b000b01 0b001301 10000 100 1978042 2051909466 498366 182482
0b001601 0b002d01 10000 100 9870831 2050243910 2176618 1644231
0b001b01 0b000601 10000 100 7176894 2051697095 734934 618351
0b001d01 0b003601 10000 100 127539 2051604501 854382 827354
0b001901 0b003f01 10001 100 23757 2051683401 819691 818652
0b003201 0b000701 10000 100 6286 2051719782 817632 817189
0b001001 0b002901 10000 100 2691303 2051042134 1554636 1042301
0b001401 0b002801 10000 100 22645 2051786534 826627 818559
0b001701 0b003d01 10000 100 3399014 2051153369 1529800 1101637
0b003701 0b003e01 10000 100 775767 2052657223 80339 77521
0b002101 0b001b01 10000 100 372352 2032048378 20766979 847880
0b001f01 0b001c01 10000 100 8717829 2052021614 818142 735063
0b003201 0b003f01 10000 100 1908028 2052765399 172573 172452
0b000301 0b001c01 10000 100 2276979 2052621144 323156 207542
0b003901 0b003401 10000 100 881635 2052895857 108015 86397
0b002101 0b001001 10001 100 7864 2050091316 2958184 817319
0b000b01 0b002801 10000 100 4873681 2051373942 1706369 1225270
0b000501 0b003301 10000 100 1253937 2052147838 936398 921790
0b001c01 0b000701 10000 100 28727 2053115888 19931 19049
0b002e01 0b000101 10001 100 212929 2052317255 840227 834512
0b000701 0b002c01 10000 100 1781035 2051796340 1441055 965985
0b003001 0b003501 10000 100 620219 2053193756 111167 60322
0b003001 0b003201 10000 100 1313916 2053184587 164628 114319
0b000701 0b000d01 10000 100 37055 2053343180 18848 15590
0b002e01 0b002601 10000 100 4938 2052826532 547763 12894
0b001901 0b000601 10000 100 16995 2053533051 18079 18064
0b003801 0b002a01 10000 100 925196 2053046086 536508 94211
0b002c01 0b001201 10000 100 175611 2052780370 885076 831384
0b001001 0b002301 10002 100 190277 2052905442 836433 832615
0b001201 0b000e01 10000 100 83884 2053690952 128507 23673
0b000a01 0b000501 10000 100 526699 2053646612 231688 56639
0b001a01 0b002801 10000 100 15363 2052656110 1257375 817950
0b001801 0b001501 10000 100 47507 2054093704 16525 16464
0b000701 0b000501 10000 100 8094045 2053316192 888107 682768
0b001f01 0b003801 10000 100 1172377 2053162052 1087463 914954
0b000a01 0b001001 10001 100 79735 2054352270 130633 23326
0b000401 0b002e01 10000 100 649354 2053194545 1384625 871104
0b003201 0b001001 10000 100 310823 2053452164 1133632 842720
0b002b01 0b000801 10000 100 1952085 2053652811 1015847 980326
0b002701 0b003201 10000 100 721409 2054391091 564692 77125
0b002e01 0b003201 10000 100 49385 2054631407 439610 20782
0b003901 0b003401 10001 100 20797 2055096245 15576 14224
0b000401 0b001301 10001 100 8804 2054997742 122898 17378
0b000b01 0b002a01 10000 100 9655793 2053070749 2103226 1626202
0b000001 0b001901 10000 100 2607 2055144046 118548 16860
0b003401 0b000401 10000 100 31324 2054149817 1318099 819288
0b000101 0b001101 10000 100 287 2055464175 17180 16666
0b000101 0b002b01 10001 100 29400 2054809790 819076 819127
0b001b01 0b002a01 10000 100 4842650 2054090738 1770856 1222669
0b001901 0b001801 10000 100 67845 2055889509 10221 9848
0b000001 0b000201 10000 100 4937014 2055560716 414054 418083
0b000101 0b002b01 10000 100 50996 2054622263 1365928 820935
0b002501 0b000001 10000 100 929533 2054712383 1281249 894593
0b002801 0b001001 10000 100 6578 2054747857 1353137 817213
0b002401 0b000c01 10001 100 189214 2055312778 847985 832526
0b000701 0b001001 10000 100 26997 2056162427 19356 18903
0b001901 0b001101 10000 100 6614 2056223161 12989 13036
0b000f01 0b003201 10000 100 961126 2054710789 1528721 897244
0b002a01 0b002d01 10001 100 34823 2056403764 14006 11240
0b003301 0b002201 10000 100 22156 2056042433 455013 18500
0b002801 0b002d01 10000 100 1362085 2056383872 124212 122520
0b003e01 0b002d01 10000 100 24086 2056170134 354992 18662
0b002a01 0b000c01 10000 100 3368 2055729640 816999 816944
0b000d01 0b000001 10000 100 37322 2056563640 15539 15611
0b003401 0b003d01 10001 100 1970876 2056575163 180617 177718
0b000f01 0b000901 10001 100 148045 2056799955 20556 20735
0b001d01 0b002301 10000 100 49984 2055508458 1401350 820850
0b003101 0b002601 10000 100 5830286 2055696648 1248894 505453
0b003501 0b001601 10000 100 49764 2055155496 1796501 820833
0b001f01 0b003f01 10000 100 75934 2056083722 956663 823026
0b000201 0b000b01 10000 100 1396014 2056912300 130303 129525
0b002b01 0b001601 10000 100 1859005 2056142439 1021482 972522
0b001c01 0b001301 10000 100 2264 2057171190 12629 12672
0b001501 0b003401 10001 100 23950515 2053160512 4141288 2824673
0b000b01 0b000f01 10000 100 43000 2057427045 12581 11925
0b000001 0b000a01 10000 100 184303 2057584016 28480 27934
0b003401 0b003701 10000 100 589605 2057590804 53030 53594
0b002c01 0b001101 10000 100 6283 2056830011 817328 817189
0b000201 0b001e01 10000 100 3926 2057784435 166354 16969
0b002f01 0b002201 10000 100 78989 2057953470 20157 19102
0b000201 0b002b01 10000 100 1601743 2057026140 951856 950951
0b003601 0b001a01 10000 100 27044 2057278945 819058 818931
0b000101 0b003601 10001 100 8434065 2055363625 2828244 1523775
0b001301 0b002c01 10000 100 2338 2057059665 1370552 816858
0b003201 0b001e01 10000 100 90679 2057709857 826144 824263
0b002501 0b002001 10000 100 14535392 2049068516 9468669 1226969
0b003d01 0b003501 10000 100 50862 2058612225 16761 16744
0b000a01 0b000001 10000 100 52646 2058701230 21082 16895
0b000b01 0b001301 10001 100 8471971 2057513009 1215953 726930
0b001101 0b000301 10000 100 6349 2058737144 17241 17174
0b001501 0b003801 10000 100 11742 2057986500 817731 817645
0b003b01 0b001801 10000 100 29269 2057979040 869271 819116
0b002e01 0b003a01 10000 100 75761 2058465482 587174 22992
0b002101 0b001c01 10000 100 769907 2054527857 4617980 881209
0b000901 0b001c01 10000 100 1811744 2059325056 663962 168537
0b001401 0b001f01 10000 100 43225 2060061988 16355 16106
0b000301 0b002201 10000 100 8254538 2057759835 2380853 1508722
0b001801 0b003801 10000 100 60283 2059225647 975299 821716
0b003601 0b001801 10000 100 1235165 2058920051 1368560 920219
0b000f01 0b002401 10000 100 37096 2059197698 1118803 819773
0b003a01 0b001e01 10000 100 3793293 2058918334 1459671 1134692
0b003301 0b001601 10000 100 6357 2059454764 1037051 817195
0b003b01 0b003c01 10000 100 48340 2060508319 12280 12375
0b000401 0b002601 10001 100 48770 2057885494 2653046 820749
0b003b01 0b000201 10000 100 24733 2059505102 1124273 818734
0b001601 0b000a01 10000 100 4393 2060354171 314775 17010
0b000f01 0b003401 10000 100 3163497 2059585898 1092384 1081889
0b001c01 0b001501 10000 100 3299 2060693849 12809 12759
0b000501 0b003a01 10002 100 49990 2059850078 1157087 820851
0b003c01 0b001901 10000 100 1339112 2059620186 1427453 928934
0b002c01 0b001b01 10000 100 243083 2060565595 890011 837043
0b003501 0b000501 10000 100 75543 2059979589 1537632 822995
0b002a01 0b000701 10000 100 2937149 2060291604 1417535 1062913
0b003101 0b003b01 10000 100 67045 2061888699 21083 18104
0b001f01 0b001701 10001 100 872392 2061829300 100878 85623
0b001901 0b001b01 10000 100 1290106 2062058348 113721 112325
0b003801 0b001401 10000 100 2343394 2060067556 2219985 1013132
0b001801 0b002e01 10000 100 7570 2061492138 817513 817296
0b001b01 0b000601 10001 100 1752521 2061685629 629458 163573
0b000d01 0b000001 10001 100 6046 2062509110 16854 12990
0b001901 0b002301 10001 100 33893 2060978577 1596080 819502
0b000e01 0b000001 10000 100 41289 2062373011 319494 15944
0b003201 0b000a01 10000 100 716809 2060212001 2550222 876758
0b001e01 0b001301 10000 100 6158998 2062211341 571519 528850
0b001501 0b001c01 10000 100 32380 2062767773 16125 15197
0b003801 0b002d01 10000 100 3134484 2061968202 825640 279437
0b002e01 0b001901 10001 100 9516247 2055322163 7517722 1614505
0b000501 0b000e01 10000 100 17862 2062830411 16494 13978
0b001b01 0b001101 10000 100 28419 2062896970 15070 14864
0b000001 0b001d01 10000 100 42918 2062537885 480612 20238
0b001501 0b003701 10000 100 474722 2060926203 2092976 856461
0b000601 0b000901 10000 100 67258 2062725556 318966 18121
0b003901 0b000801 10001 100 196999 2061571808 1526678 833176
0b001901 0b003201 10000 100 56123 2060923328 2345260 821368
0b001801 0b000801 10000 100 3396 2062890889 617206 16927
0b000a01 0b001b01 10000 100 295972 2062892205 679227 41454
0b000301 0b001501 10000 100 59884 2063050274 541287 21661
0b003b01 0b000401 10000 100 801617 2060840797 2877778 883869
0b000601 0b000901 10001 100 55450 2063567224 313162 17131
0b003b01 0b001001 10000 100 24886 2061253831 2718512 818746
0b001f01 0b000201 10000 100 12202 2063751314 314796 17666
0b003f01 0b003d01 10000 100 8620757 2063194463 1055433 726925
0b000e01 0b001f01 10000 100 67411 2064166117 368035 22294
0b001001 0b002601 10000 100 13951 2063141621 1404667 817829
0b001401 0b001c01 10000 100 1083367 2064464795 164129 103311
0b001a01 0b003401 10000 100 41298 2061307052 3438434 820125
0b000d01 0b000601 10000 100 3337338 2064181877 566336 292284
0b001201 0b001a01 10000 100 575051 2064726762 63249 60695
0b003401 0b002401 10001 100 113 2062174913 2831025 16652
0b000601 0b002201 10001 100 723219 2063030248 2100331 877297
0b003701 0b001701 10001 100 63332 2061988627 3151197 821972
0b002f01 0b003501 10000 100 7815 2065251995 20279 17295
0b001501 0b002601 10000 100 1491989 2063122098 2195271 941748
0b003001 0b003901 10000 100 60830 2065315947 22439 17580
0b003701 0b000601 10000 100 110767 2061857809 3550967 825947
0b003b01 0b001a01 10000 100 24748 2064958354 822212 818735
0b001d01 0b002d01 10000 100 9805 2063657091 2130888 817482
0b002001 0b000501 10000 100 25626 2057041294 8777002 818809
0b001f01 0b003701 10000 100 6487 2061776558 4095089 817205
0b003301 0b000501 10000 100 59915 2062850843 3231627 821683
0b001401 0b003d01 10001 100 59146 2065268124 939769 821622
0b000c01 0b001d01 10000 100 7580503 2062319770 3891942 652191
0b001b01 0b000a01 10001 100 3442181 2064239349 2103007 305235
0b000f01 0b002d01 10000 100 75853 2065381991 974744 823020
0b001801 0b002301 10000 100 2984 2065039902 1622641 816910
0b003d01 0b003801 10000 100 5126 2066674013 8725 8753
0b002801 0b003301 10000 100 43040 2064530189 2273452 20252
0b003a01 0b001001 10000 100 1019159 2064528688 2501751 902109
0b002501 0b001e01 10000 100 41778 2062794867 4475126 820163
0b003701 0b002f01 10000 100 44878 2064475541 2836647 20403
0b003901 0b002b01 10000 100 1431298 2064909968 2444938 136642
0b003301 0b003c01 10000 100 54114 2067343435 17016 17020
0b000101 0b001a01 10000 100 8792018 2064659423 2971080 753766
0b000401 0b001501 10000 100 20152 2067196939 445649 18332
0b003201 0b002b01 10000 100 64939 2067818630 22003 22084
0b001601 0b001b01 10000 100 27208 2068072336 15068 14764
0b003f01 0b002501 10000 100 9321215 2067362795 795352 798133
0b003301 0b000301 10000 100 54276 2064395307 3830601 821213
0b003a01 0b001801 10000 100 32904 2064845227 3387611 819419
0b003301 0b001101 10000 100 6520402 2065124986 3174683 1363332
0b003701 0b003e01 10001 100 12889 2068313767 13517 13561
0b001101 0b001a01 10000 100 2257 2068425937 12644 12672
0b000001 0b003e01 10000 100 24474 2065025995 3478724 818713
0b003c01 0b000801 10000 100 6084 2067261998 1280323 817173
0b002e01 0b002101 10000 100 6127014 2068087912 521004 526172
0b001d01 0b002801 10000 100 1602035 2066405261 2578062 950978
0b003c01 0b000f01 10002 100 34523 2065178283 3900623 819556
0b002901 0b000c01 10000 100 7604 2067527788 1603931 817299
0b002f01 0b002d01 10001 100 9285 2069367638 4864 4941
0b000201 0b003c01 10000 100 72586 2068573530 829784 822747
0b000901 0b002001 10000 100 777284 2067995478 1454990 881830
0b003201 0b003e01 10000 100 9312 2069500716 13877 13263
0b000801 0b003201 10000 100 6458161 2064890180 4692204 1358115
0b000601 0b001601 10000 100 179064 2069309791 298907 31656
0b003101 0b003c01 10000 100 44994 2069595201 20396 16252
0b002a01 0b001b01 10001 100 55745 2068832508 823005 821334
0b003e01 0b002901 10002 100 784087 2068954509 746601 82381
0b002101 0b002501 10000 100 9049 2069937443 9712 9082
0b000501 0b003501 10000 100 2200827 2068694589 1397828 1001178
0b001c01 0b003c01 10000 100 4026011 2068733765 1366892 1154204
0b000c01 0b001a01 10000 100 3502108 2067890476 2364736 310260
0b003a01 0b000701 10000 100 2030221 2065556898 4928371 986876
0b000801 0b003801 10001 100 6804546 2060966790 9524487 1387154
0b002701 0b003201 10001 100 408002 2066578493 3991238 50850
0b003201 0b003701 10000 100 75687 2070573346 14714 14666
0b000901 0b000e01 10000 100 3378686 2070499273 300981 291590
0b003301 0b002901 10000 100 6498 2070333741 489175 17186
0b003b01 0b002901 10000 100 25337 2071132191 18718 18766
0b001701 0b000701 10000 100 19718915 2069092633 2094051 1669874
0b001001 0b002b01 10001 100 24715 2070402634 818687 818733
0b003c01 0b003501 10000 100 767393 2071248369 107770 76820
0b003e01 0b002d01 10001 100 57524 2071359116 21452 21464
0b000601 0b003601 10000 100 11115 2066999433 4425176 817595
0b001101 0b002f01 10000 100 69967 2068942285 2621317 822526
0b002201 0b002d01 10000 100 16389 2071576211 14216 13856
0b000101 0b003501 10000 100 3154 2066799813 4808159 816927
0b000501 0b001601 10001 100 75111 2071682181 25610 22940
0b002b01 0b001501 10000 100 7196947 2062330864 9613222 1420052
0b003201 0b002801 10000 100 9968 2067634255 4318742 17475
0b003501 0b000801 10000 100 153528 2071165727 832979 829533
0b001b01 0b003701 10000 100 172801 2067732749 4596247 831148
0b001e01 0b002101 10000 100 1925 2071531409 817195 816821
0b001301 0b003a01 10000 100 37429 2070091210 2290339 819800
0b000701 0b003401 10001 100 79328 2071258684 1209945 823313
0b001501 0b002c01 10000 100 1507897 2070383018 2302228 943082
0b001701 0b003701 10000 100 714546 2067332724 5439184 876569
0b003a01 0b001701 10000 100 949496 2071859970 974309 896267
0b000701 0b000f01 10000 100 126463 2073113501 23103 23084
0b002801 0b001801 10000 100 30332 2071277307 1868038 819205
0b002901 0b001601 10001 100 37860 2070606198 2613140 819834
0b003601 0b000301 10000 100 45298 2072524153 836838 820460
0b000201 0b001b01 10000 100 2823 2073460176 19747 16877
0b001801 0b003301 10000 100 1147489 2072546276 973530 912867
0b002a01 0b003c01 10000 100 120586 2072994012 535999 26751
0b000e01 0b003801 10001 100 26616 2072759131 833186 818892
0b000a01 0b003401 10000 100 2583422 2072346677 1280634 1033256
0b001c01 0b000d01 10000 100 188975 2072501439 1138496 32483
0b000701 0b002801 10000 100 6010856 2069930965 3754156 1320610
0b001a01 0b001f01 10000 100 8814844 2072657845 1220407 747357
0b000a01 0b003c01 10000 100 1097211 2072571051 1316053 908653
0b002801 0b000c01 10001 100 22578 2072578378 1314398 818554
0b001401 0b001301 10000 100 1405279 2073817727 126403 126141
0b003301 0b000b01 10000 100 7939 2073032994 941473 817325
0b001901 0b001d01 10001 100 27396 2073958230 17674 10619
0b001e01 0b001801 10000 100 8848735 2072691277 1342472 750198
0b001f01 0b002f01 10001 100 12061 2072386121 1654482 817674
0b003201 0b000c01 10000 100 756201 2068668240 5456617 880062
0b002d01 0b001a01 10000 100 1296020 2073138543 1111334 925322
0b001d01 0b003401 10001 100 39485 2068914876 5355164 819972
0b001601 0b002c01 10000 100 43303 2072921855 1384782 820293
0b003201 0b000201 10000 100 4576987 2072908764 1460856 1200394
0b000b01 0b003901 10000 100 47866 2073592294 938823 820673
0b000d01 0b002301 10000 100 1224728 2073539896 1019929 919342
0b000901 0b002901 10000 100 17993 2073923326 838066 818168
0b000e01 0b002901 10000 100 9904 2073864990 929794 817490
0b001901 0b000a01 10001 100 4475 2074214261 954627 17017
0b003a01 0b000a01 10000 100 1520683 2069252956 6108270 944155
0b000b01 0b001f01 10000 100 28684850 2060297134 15091925 2421578
0b003101 0b001501 10000 100 24234 2068287730 7169436 818694
0b001501 0b003c01 10000 100 1615 2073786414 1833672 816796
0b002b01 0b003801 10000 100 24362 2075603944 59611 18684
0b000f01 0b000401 10000 100 5528 2075680221 13707 12945
0b000a01 0b003d01 10002 100 29707692 2057728592 18032040 3307354
0b002d01 0b001c01 10000 100 75495 2074233636 1551586 822991
0b000c01 0b003101 10000 100 18810446 2059917818 15869178 2393729
0b003c01 0b002a01 10000 100 28104 2070842113 4947916 18999
0b000a01 0b000801 10000 100 7622607 2075260778 659694 643240
0b002f01 0b001101 10000 100 45445 2073606387 2346689 820472
0b000301 0b000801 10000 100 40667 2076016891 16362 15890
0b000601 0b003701 10000 100 72348 2070173986 5909815 822728
0b002a01 0b001a01 10000 100 29266 2074559005 1539569 819116
0b000501 0b001301 10000 100 8374 2075013049 1137475 17344
0b000801 0b000b01 10000 100 1890 2076284534 4249 4318
0b001101 0b000401 10000 100 82852 2076668310 305858 23586
0b000f01 0b001c01 10000 100 1496915 2076610725 368417 142141
0b000101 0b002401 10000 100 757292 2075846341 1141813 880154
0b000f01 0b002801 10000 100 3696077 2075316314 1686572 1126542
0b002b01 0b000001 10001 100 5787224 2075178956 2016105 1301863
0b000901 0b002601 10000 100 941823 2076241492 990246 895623
0b000701 0b000a01 10000 100 67493 2077224453 18745 18140
0b000c01 0b002a01 10000 100 17336 2076456096 869422 818116
0b001201 0b002301 10000 100 2433276 2074316068 3033772 1020668
0b000f01 0b001401 10000 100 29622222 2073352306 4070911 2500170
0b000e01 0b000c01 10001 100 3884 2077492129 4497 4486
0b001901 0b000a01 10000 100 28637269 2073451872 4086046 2417591
0b000001 0b001401 10000 100 40651 2076916177 680731 20049
0b003d01 0b002501 10000 100 74068 2072269935 5400537 22853
0b002d01 0b003101 10000 100 29732 2076732584 943281 19133
0b001001 0b003c01 10000 100 9644356 2070846136 6915212 1625245
0b001801 0b002f01 10000 100 1471498 2076509605 1282065 940032
0b001401 0b000c01 10001 100 60617 2077844933 22227 21723
0b001901 0b002f01 10001 100 978763 2076587384 1395464 898720
0b001401 0b000501 10000 100 208909 2077949476 68325 34155
0b000001 0b000601 10000 100 1332852 2078097951 154499 120066
0b003101 0b002e01 10000 100 1158117 2072228909 6093100 113739
0b003601 0b003f01 10000 100 1367613 2078272418 132468 127142
0b001501 0b002c01 10001 100 5873926 2076044041 2414665 1309130
0b003d01 0b002e01 10001 100 4213833 2072535391 5977880 369928
0b003701 0b000101 10000 100 4866777 2071652680 6873267 1224691
0b001301 0b003801 10000 100 1467495 2077578901 960101 939696
0b003301 0b000d01 10002 100 3913113 2072192193 6425143 1144738
0b000b01 0b001401 10000 100 27859 2078714736 19996 18976
0b003301 0b002401 10000 100 4622195 2072739286 6017496 404167
0b003601 0b001901 10001 100 89355 2072969534 5869938 824154
0b003f01 0b000401 10000 100 24044 2073619825 5270306 818679
0b001c01 0b002b01 10000 100 60448 2077521840 1388515 821730
0b000001 0b000601 10001 100 6186892 2078391885 521778 527029
0b000d01 0b003201 10000 100 5824407 2072074128 6858808 1304980
0b003f01 0b000e01 10001 100 38349 2073859592 5125177 819877
0b002501 0b001501 10000 100 76785 2071979522 7006135 823098
0b003801 0b001501 10000 100 24099 2078167849 819324 818683
0b002401 0b002601 10000 100 30195 2078991251 9154 6694
0b000001 0b003301 10000 100 6835 2073154229 5887959 817233
0b001f01 0b003701 10001 100 9598 2073190655 5870203 817466
0b001001 0b002001 10000 100 28660 2077181681 1976145 819064
0b001701 0b003a01 10000 100 77386 2073722468 5479027 823150
0b003a01 0b001f01 10000 100 15044 2078356246 856307 817924
0b002b01 0b000901 10000 100 2126056 2077015745 2273858 994912
0b003b01 0b002501 10000 100 48654 2075315103 4045700 20720
0b003301 0b001101 10001 100 602534 2075528137 3892605 867178
0b001301 0b003a01 10001 100 35282 2074440189 5015907 819620
0b003e01 0b001801 10000 100 29950 2075681009 3778352 819171
0b001d01 0b001701 10000 100 1533 2079627664 12568 12610
0b003a01 0b002f01 10000 100 51612 2076883964 2760625 20968
0b000001 0b003c01 10000 100 2061 2075499177 4184185 816836
0b003e01 0b000d01 10000 100 5667 2077204308 2528305 817136
0b001d01 0b003301 10000 100 6400 2079113764 829381 817198
0b002e01 0b003d01 10000 100 939149 2078047246 1896577 95381
0b002801 0b000601 10001 100 1985229 2077004940 2942932 983104
0b000101 0b002201 10000 100 95624 2076874054 3097828 824678
0b002a01 0b003201 10000 100 74804 2078177365 1812564 22912
0b002201 0b000001 10000 100 23116 2078380619 1688193 818601
0b000f01 0b003a01 10000 100 13260 2079337830 817986 817774
0b002901 0b002001 10000 100 41140 2079921349 271568 15932
0b002401 0b001701 10000 100 8534 2076695960 3562735 817377
0b000401 0b001401 10000 100 87296 2080159649 116855 23961
0b001101 0b003801 10000 100 49299 2077981798 2328683 820795
0b003701 0b000a01 10000 100 5713192 2078978199 1366340 1295657
0b003c01 0b000601 10000 100 64172 2079461274 892547 822043
0b000501 0b000f01 10000 100 9866 2080412523 13259 13307
0b001d01 0b002901 10000 100 2147 2077827812 2636986 816843
0b002c01 0b000301 10000 100 79580 2079707393 827364 823333
0b002a01 0b000401 10000 100 4484 2079200109 1362987 817037
0b000301 0b003101 10000 100 961437 2079657883 957191 897269
0b001e01 0b002801 10001 100 455762 2078030939 2588331 854872
0b001901 0b002801 10000 100 20636 2078643437 1987353 818391
0b003601 0b003501 10000 100 664466 2080636709 59244 59870
0b000201 0b002301 10000 100 871800 2077988587 2712266 889752
0b001f01 0b001b01 10000 100 567100 2080761145 102391 55869
0b002e01 0b003901 10000 100 43300 2077574948 3381538 20272
0b002b01 0b001e01 10000 100 6000 2078434639 2555386 817163
0b001b01 0b001501 10000 100 26070 2081025755 14930 14669
0b003a01 0b002e01 10000 100 37807 2081050230 19789 19810
0b003e01 0b002e01 10000 100 4817 2081183530 17014 17044
0b000301 0b000201 10000 100 6920 2081224747 4666 4740
0b000e01 0b001001 10000 100 7966612 2079838991 1411137 684562
0b000901 0b000801 10001 100 196335 2081287296 20389 20623
0b000301 0b000e01 10000 100 65515 2081368717 18377 17974
0b001001 0b001301 10000 100 42774 2081387696 7657 7747
0b000d01 0b000101 10000 100 77230 2081396558 25258 18957
0b003301 0b000901 10001 100 16553 2080858559 818406 818049
0b003801 0b001601 10000 100 111907 2081026314 829044 826042
0b000801 0b000601 10000 100 69967 2082131169 18955 18346
0b003b01 0b000d01 10000 100 17461 2081478349 819323 818126
0b000501 0b001b01 10000 100 4107867 2081833249 472359 361044
0b003b01 0b000c01 10001 100 20236 2081609185 819710 818359
0b003f01 0b001401 10000 100 30799 2081758420 945747 819242
0b000601 0b000e01 10000 100 929314 2082623284 89574 90396
0b001f01 0b003901 10000 100 29229 2081988575 828555 819113
0b000501 0b000401 10000 100 22272 2082985778 5942 6030
0b003b01 0b003c01 10001 100 5640 2083033792 25129 8794
0b003801 0b003301 10000 100 6136788 2082654891 573118 526989
0b002701 0b000b01 10000 100 13675 2077098376 6173618 817807
0b001701 0b001a01 10000 100 2985544 2083010637 289690 262789
0b000301 0b000801 10001 100 61426 2083284880 54541 17632
0b003901 0b001301 10000 100 65713 2082512981 989664 822170
0b000b01 0b000001 10000 100 8477 2083521344 13702 13192
0b000a01 0b003101 10000 100 2801194 2082349327 1320907 1051515
0b003b01 0b000501 10000 100 191017 2082836608 910025 832678
0b003401 0b000e01 10001 100 56302 2082980286 860367 821383
0b001c01 0b000901 10000 100 2421689 2083243316 603279 219675
0b000401 0b003201 10000 100 98948 2083055186 839674 824956
0b001701 0b000c01 10000 100 262014 2082766126 1197843 38611
0b003701 0b003001 10000 100 3740772 2083779750 337385 321947
0b003b01 0b002301 10000 100 16009 2081776306 2345379 17986
0b000901 0b001f01 10000 100 23217 2084234953 19215 18589
0b003201 0b003501 10000 100 7580 2084285506 8912 8957
0b003601 0b002901 10002 100 685813 2081863176 2469569 74139
0b002e01 0b002701 10001 100 9639 2084329898 13333 13289
0b001901 0b000001 10000 100 4995545 2083372884 982758 435468
0b001601 0b000c01 10000 100 497180 2084307276 105405 58326
0b000501 0b003e01 10000 100 125725 2083594144 834584 827201
0b000401 0b003a01 10000 100 8175 2083753699 817541 817348
0b000601 0b002901 10000 100 1081668 2083237517 1404452 907348
0b002b01 0b000d01 10000 100 1481 2083405866 1296070 816786
0b003501 0b000101 10000 100 6147370 2082990217 1786310 1332057
0b002801 0b000601 10002 100 69576 2083832881 973028 822494
0b003701 0b001401 10000 100 173476 2083777843 1314132 831206
0b003b01 0b003401 10000 100 992024 2085123664 108318 95655
0b003e01 0b003b01 10000 100 14222182 2084034783 1204553 1200710
0b001001 0b003c01 10001 100 6958 2082535126 2707822 817243
0b003801 0b000301 10000 100 4204141 2083831764 1479462 1169138
0b002b01 0b000f01 10000 100 1946656 2083983802 1335033 979868
0b000c01 0b001901 10001 100 3811 2085406513 29336 16960
0b003401 0b002c01 10000 100 5817101 2081785843 3668342 504349
0b001001 0b000101 10000 100 4051049 2081013449 4677156 356283
0b003601 0b000401 10000 100 4605929 2084232282 1490847 1202821
0b002a01 0b000e01 10000 100 9337 2084492070 1279878 817445
0b000601 0b003e01 10000 100 23757 2084966249 819072 818652
0b003101 0b000301 10000 100 1027715 2084810359 1036832 902824
0b003e01 0b003001 10000 100 5897448 2085853638 544674 506924
0b003701 0b001101 10000 100 602969 2085072709 1327580 867213
0b000701 0b000b01 10000 100 7700127 2085708514 714881 658062
0b000501 0b002a01 10001 100 57700 2085742060 821424 821498
0b002f01 0b003b01 10000 100 13985296 2081869012 5017938 1189169
0b003701 0b000801 10000 100 29533 2086174552 819769 819137
0b001d01 0b002f01 10000 100 332925 2085750899 1326369 844572
0b003501 0b001d01 10000 100 53103 2086281528 1024839 821115
0b000101 0b000001 10000 100 7981 2087448227 4754 4829
0b001b01 0b001501 10001 100 51198 2087554094 17643 16775
0b002c01 0b000f01 10000 100 60551 2086633475 957101 821738
0b003b01 0b001001 10001 100 221432 2086756818 840323 835227
0b003801 0b000b01 10000 100 198443 2086763997 834171 833299
0b002901 0b002d01 10000 100 105321 2087593910 17009 17152
0b002201 0b003901 10000 100 54837 2086969499 741822 21238
0b000401 0b001201 10001 100 1152260 2086946354 769746 113248
0b003801 0b002e01 10000 100 25266 2087612538 155721 18761
0b003401 0b002401 10002 100 2258065 2084420816 3397512 205959
0b000001 0b001201 10000 100 1580658 2087735352 208153 149163
0b000b01 0b003b01 10000 100 3429928 2086673065 1337989 1104225
0b000e01 0b002001 10001 100 2675902 2086695633 1517509 1041008
0b001c01 0b002c01 10000 100 73514 2086893115 1414182 822825
0b003b01 0b000e01 10000 100 913290 2087576503 897789 893232
0b001401 0b003201 10001 100 7026 2087761035 817330 817252
0b002d01 0b001901 10000 100 62277 2087395562 1299493 821884
0b003b01 0b002401 10000 100 85090 2088885359 23679 23777
0b000201 0b003a01 10001 100 1994 2088109853 816859 816827
0b000a01 0b000e01 10000 100 4632576 2088562533 392770 396716
0b000401 0b002c01 10001 100 8992780 2086637811 2348103 1570615
0b003f01 0b000401 10001 100 64155 2088265556 823115 822042
0b001a01 0b000801 10000 100 2559076 2085662140 3450937 231196
0b003f01 0b001f01 10000 100 2382432 2087292061 1943835 1016405
0b000201 0b000b01 10001 100 316522 2089400074 42231 39019
0b000501 0b000601 10000 100 73878 2089763400 10224 10354
0b001d01 0b001e01 10000 100 25883 2089920879 6256 6330
0b000301 0b003b01 10000 100 6306 2089368739 817495 817191
0b003101 0b001601 10000 100 1389550 2089310060 963339 933161
0b000d01 0b002b01 10000 100 7535852 2085790124 4584475 1448466
0b003901 0b003801 10000 100 396921 2090527199 37285 37438
0b000c01 0b001e01 10000 100 28942 2090564542 19834 19066
0b002f01 0b001101 10001 100 30291 2088737775 1853038 819202
0b003b01 0b003701 10000 100 1689193 2090428365 167585 154105
0b000001 0b002501 10000 100 387085 2085144038 5459658 849116
0b001c01 0b002f01 10000 100 21029 2086162945 4484740 818426
0b002901 0b003701 10001 100 8121843 2086672552 4009632 697575
0b001c01 0b000a01 10000 100 28295 2090150487 544263 19014
0b000d01 0b002101 10000 100 32085 2085269172 5467510 819353
0b003d01 0b001601 10000 100 102979 2089535618 1388367 825293
0b000501 0b000d01 10000 100 28245 2091103946 14786 14850
0b000001 0b002e01 10000 100 30435 2089929285 1248778 819213
0b001401 0b003f01 10000 100 621102 2090312071 1002927 868736
0b003301 0b000a01 10000 100 575439 2090604998 912186 864906
0b001e01 0b000301 10000 100 1423846 2091022184 549739 136015
0b001601 0b002f01 10000 100 1496366 2090105074 1569851 942117
0b001801 0b002601 10001 100 21935 2090229025 1449298 818499
0b000b01 0b002a01 10001 100 1272360 2087635074 4061214 923337
0b001101 0b002b01 10001 100 1878557 2090099761 1605404 974159
0b001301 0b003601 10000 100 1649 2090602216 1133317 816799
0b003901 0b001801 10000 100 128910 2091191860 830493 827468
0b003301 0b003e01 10001 100 54972 2092048024 17251 17088
0b003a01 0b000f01 10000 100 2678354 2091162532 1067741 1041215
0b002001 0b001201 10000 100 185703 2083374923 8874410 832230
0b002f01 0b000c01 10000 100 1094 2091466092 816728 816755
0b000301 0b003c01 10000 100 3098310 2091245155 1147668 1076424
0b001401 0b001201 10000 100 109643 2092383507 17533 17513
0b000701 0b002e01 10000 100 494 2088029294 4477055 816703
0b002c01 0b001101 10001 100 65476 2091229874 1310189 822151
0b000201 0b001f01 10000 100 1914149 2092103986 522903 177125
0b001d01 0b001701 10001 100 72364 2092789878 19773 18549
0b000c01 0b003801 10000 100 2803 2092103491 816868 816895
0b000201 0b001e01 10001 100 18831 2093158306 23219 18219
0b003301 0b000801 10000 100 1912061 2092285845 995250 976970
0b002a01 0b000d01 10000 100 191856 2089063159 4267646 832745
0b000b01 0b002901 10000 100 23883 2092088559 1366459 818662
0b003201 0b003701 10001 100 6069980 2092841320 674459 517227
0b000201 0b003001 10000 100 42669 2092730324 820894 820238
0b000e01 0b000f01 10000 100 16486308 2092231690 1452469 1386374
0b003201 0b003a01 10001 100 4702170 2093188100 568066 406713
0b000a01 0b002d01 10000 100 4918053 2092789004 1229988 1228993
0b001101 0b001b01 10001 100 2964 2094023379 13193 12728
0b003c01 0b000101 10001 100 46442 2093263687 824273 820555
0b000601 0b003001 10001 100 1921375 2093291531 1041183 977750
0b001601 0b001001 10000 100 25719 2094343405 10401 10477
0b001701 0b003501 10000 100 19806 2093252156 1275995 818321
0b003a01 0b002801 10000 100 3605449 2090594857 4154625 318922
0b000301 0b003e01 10000 100 52784 2094015315 822891 821086
0b002c01 0b003201 10000 100 71793 2094336417 553586 22659
0b001f01 0b001e01 10001 100 3464 2094980989 4608 4452
0b003201 0b003c01 10000 100 1644 2095195161 12577 12619
0b000e01 0b000801 10000 100 48338 2095199897 12279 12375
0b000601 0b002801 10000 100 71687 2094552500 823866 822671
0b003301 0b003101 10000 100 2716715 2095120354 256522 231930
0b003c01 0b002901 10000 100 2375096 2094721857 840327 215771
0b003301 0b001701 10000 100 26153 2094857247 819804 818855
0b000c01 0b001201 10000 100 15730 2095614182 315043 17959
0b001101 0b001201 10001 100 1374681 2096386397 123383 119414
0b001701 0b002201 10000 100 368767 2094311256 2227715 847578
0b001701 0b002901 10000 100 20766 2092164089 4800976 818401
0b003c01 0b003d01 10001 100 1869287 2096973025 159248 160883
0b003c01 0b001301 10000 100 24177 2096627697 820551 818690
0b001701 0b000701 10001 100 2808 2097315025 551795 16876
0b001401 0b001f01 10001 100 9872 2098094828 13399 13308
0b000001 0b002801 10001 100 4257347 2092371282 5780171 1173598
0b003c01 0b002b01 10000 100 7407407 2092805209 6047901 637679
0b001f01 0b002901 10001 100 8597345 2091315229 7752081 1537463
0b000e01 0b002c01 10001 100 132149 2092999848 6241589 827742
0b002101 0b003401 10001 100 423 2094164396 5262502 16677
0b003301 0b002901 10001 100 4807080 2093491166 6169620 419669
0b003501 0b002901 10000 100 2331777 2099248669 959507 212137
0b003b01 0b001401 10000 100 22426301 2098771120 3475298 2696883
0b002b01 0b000701 10000 100 26369212 2096439139 6327463 3027457
0b000b01 0b002601 10000 100 199462 2094814857 8091332 833384
0b001d01 0b002201 10000 100 8803923 2095767128 7322162 1554781
0b000601 0b002f01 10000 100 1917712 2098032099 5892643 977442
0b001f01 0b002101 10000 100 27245783 2077075434 33049489 3100947
0b002301 0b001601 10000 100 50390 2097184201 41263470 820887
0b002201 0b001f01 10000 100 5176224 2092321059 59578794 1250637
0b002001 0b000b01 10000 100 167579 2086542870 99674306 830711
