0b000601 0b000101 10000 100 5000000 2000000000 4228011 423360
0b000901 0b000101 10000 100 5000000 2000000000 4452503 423360
0b000501 0b000101 10000 100 5000000 2000000000 4533143 423360
0b000a01 0b000101 10000 100 5000000 2000000000 4552715 423360
0b000801 0b000101 10000 100 5000000 2000000000 4555571 423360
0b000b01 0b000101 10000 100 5000000 2000000000 4585475 423360
0b000701 0b000101 10000 100 5000000 2000000000 4585559 423360
0b000401 0b000101 10000 100 150000000 2000000000 50340549 12580160
0b000201 0b000101 10000 100 200000000 2000000000 54638191 16772160
0b000301 0b000101 10000 100 200000000 2000000000 56481796 16772160
