0b000401 0b001a01 10000 100 3103 2000070813 17173 16903
0b000b01 0b001101 10000 100 78615 2000062983 30804 23232
0b000601 0b001801 10000 100 4372 2000075321 24536 17008
0b000b01 0b001d01 10000 100 24103 2000103021 19193 18664
0b003001 0b003801 10000 100 27315 2000116076 14975 14772
0b002d01 0b003101 10000 100 6920 2000121982 18507 17220
0b003401 0b003101 10000 100 60457 2000174862 13756 13390
0b002401 0b003401 10000 100 28285 2000171751 19340 19014
0b001d01 0b000601 10000 100 40359 2000218056 27809 20026
0b003101 0b002201 10000 100 43853 2000179451 86356 20317
0b000401 0b001701 10000 100 519201 2000203944 76966 60172
0b001f01 0b001b01 10000 100 33532 2000223597 98266 11133
0b002601 0b002301 10000 100 46239 2000317949 12479 12199
0b002a01 0b003601 10000 100 649 2000317513 16669 16695
0b003401 0b003201 10000 100 4012 2000340355 8681 8660
0b000201 0b000401 10000 100 1048217 2000192940 215118 96205
0b002a01 0b003b01 10000 100 1155547 2000127605 290737 113522
0b002e01 0b002b01 10000 100 3042 2000433054 8593 8578
0b002701 0b002901 10000 100 120624 2000410532 33348 22594
0b002601 0b002101 10000 100 339136 2000399875 49816 36756
0b002b01 0b003601 10000 100 35757 2000417189 60816 19638
0b002601 0b002801 10000 100 68474 2000519784 18901 18222
0b000e01 0b000501 10000 100 14423 2000484324 79140 13691
0b002d01 0b002f01 10000 100 4346874 2000094800 481344 368602
0b002801 0b002501 10000 100 64156 2000572070 18292 17862
0b003101 0b003d01 10000 100 5366 2000577530 13584 12932
0b000301 0b001801 10000 100 21610 2000434574 163588 18453
0b000e01 0b000f01 10000 100 15109 2000608408 5479 5430
0b001201 0b001f01 10000 100 199320 2000502738 129361 29193
0b000001 0b000c01 10000 100 32692 2000641270 19045 15222
0b000a01 0b000c01 10000 100 3294891 2000167572 495723 284564
0b002901 0b002e01 10000 100 346750 2000648442 42862 37392
0b002a01 0b002901 10000 100 783993 2000576425 151427 69890
0b001c01 0b001401 10000 100 1321439 2000361837 463867 123271
0b001401 0b000a01 10000 100 25359 2000695229 134341 18768
0b000501 0b000c01 10000 100 64923 2000756192 78750 17923
0b002201 0b000a01 10000 100 34127 2000024875 822013 819524
0b002d01 0b002201 10000 100 949846 2000679153 173259 92115
0b003a01 0b003401 10000 100 9255 2000841131 14233 13258
0b002b01 0b002501 10000 100 12188 2000873046 13813 13504
0b001701 0b002001 10000 100 4817 2000117362 817930 817064
0b001401 0b000c01 10000 100 1981393 2000390911 545043 182762
0b001001 0b001701 10000 100 640341 2000819406 124359 62008
0b002e01 0b002d01 10000 100 24775 2000938318 6342 6238
0b001201 0b001a01 10000 100 8351 2000933863 13975 13182
0b001d01 0b002f01 10000 100 3805 2000063796 884907 816979
0b000601 0b000f01 10000 100 28424 2000794454 189828 14865
0b003e01 0b003d01 10000 100 98827 2000989570 13281 12446
0b001e01 0b003d01 10000 100 79267 2000059210 963448 823308
0b003a01 0b003601 10000 100 63110 2001032396 22699 17774
0b002a01 0b003001 10000 100 73115 2000769484 291207 22773
0b002301 0b000201 10000 100 27502 2000144563 944611 818967
0b000101 0b001501 10000 100 142184 2000555149 568185 28563
0b000401 0b003c01 10000 100 537640 2000136696 1002367 861737
0b002801 0b000e01 10000 100 15605 2000256804 883200 817969
0b000601 0b002201 10000 100 15554 2000090597 1063101 817965
0b002101 0b002701 10000 100 20763 2001164329 10420 10061
0b000501 0b000601 10000 100 32580 2001167067 9921 6893
0b003501 0b001801 10000 100 28356 2000075428 1115641 819039
0b002001 0b001901 10000 100 77844 2000257342 948496 823187
0b000d01 0b002c01 10000 100 65731 2000351186 876878 822171
0b002101 0b000501 10000 100 66234 2000409598 826710 822216
0b002701 0b003901 10000 100 1829 2000931510 319141 16794
0b002401 0b002c01 10000 100 5582 2001253991 14283 12949
0b000f01 0b002c01 10000 100 59400 2000297965 974861 821642
0b002d01 0b003a01 10000 100 24825 2000739507 562808 18722
0b001501 0b003801 10000 100 115410 2000168223 1143711 826338
0b002901 0b001d01 10000 100 170539 2000317706 1034012 830959
0b002001 0b003701 10000 100 17012 2001156761 217116 18070
0b000301 0b002001 10000 100 5957 2000578779 828145 817159
0b002e01 0b000c01 10000 100 74897 2000372538 1041640 822939
0b003301 0b001c01 10000 100 32073 2000046042 1374207 819352
0b003f01 0b000a01 10000 100 6785 2000415408 1005188 817229
0b000c01 0b000201 10000 100 4848012 2000635675 786017 418941
0b001801 0b002f01 10000 100 1954187 2000211132 1222946 980502
0b001e01 0b003801 10000 100 4290 2000164051 1271091 817022
0b000e01 0b000001 10000 100 35911 2001211923 224209 15491
0b001c01 0b001401 10001 100 1618794 2000643044 818505 148200
0b000301 0b000101 10000 100 2874628 2001102149 380563 245170
0b003401 0b003601 10000 100 110921 2001487974 16794 13459
0b000401 0b000901 10000 100 182492 2001367788 141619 27782
0b002901 0b002e01 10001 100 2843745 2000999365 520099 246740
0b003e01 0b003801 10000 100 1131728 2001007847 530241 103205
0b002601 0b000e01 10000 100 1111869 2000215321 1334321 909879
0b001001 0b001501 10000 100 20844 2001430286 124181 10068
0b001401 0b001501 10000 100 20161 2001551452 7906 5853
0b003d01 0b001001 10000 100 38308 2000294679 1270599 819874
0b003701 0b002001 10000 100 21699 2000840804 734162 18460
0b000401 0b000201 10000 100 6452626 2000409139 1179875 549309
0b003a01 0b003e01 10000 100 1086 2001544909 55631 8414
0b002f01 0b000a01 10000 100 1957 2000750259 866332 816824
0b001e01 0b001001 10000 100 20498 2001531792 105425 14200
0b000301 0b003e01 10000 100 2105 2000345267 1325848 816839
0b000101 0b000301 10000 100 22019 2001680857 8177 6009
0b002101 0b002301 10000 100 78659 2001702948 11483 10756
0b002901 0b002b01 10000 100 24495 2001764404 8721 6215
0b001701 0b003201 10000 100 49613 2000519648 1253803 820821
0b003501 0b000701 10000 100 1306926 2000536507 1242705 926232
0b002401 0b000a01 10000 100 401112 2000616631 1177930 850292
0b002901 0b003201 10000 100 695449 2000786061 1057525 74948
0b002a01 0b002d01 10000 100 2977 2001632623 214242 8569
0b003401 0b000501 10000 100 22276 2000743788 1104814 818530
0b002601 0b003d01 10000 100 8727 2001488498 374458 17372
0b001801 0b003501 10000 100 28774 2000584048 1300754 819073
0b002001 0b002b01 10000 100 30933 2001648337 250990 15073
0b000501 0b002e01 10000 100 16831 2000926796 972912 818071
0b000101 0b000d01 10000 100 2549 2001822230 103683 12695
0b002501 0b001a01 10000 100 2306130 2000079534 1860776 1010009
0b000d01 0b002f01 10000 100 4215 2000397453 1552150 817016
0b000101 0b003d01 10000 100 20259 2000813267 1153507 818361
0b003101 0b002101 10000 100 22814 2001063736 912109 18553
0b002401 0b000401 10000 100 75029 2000680367 1298117 822954
0b002d01 0b002b01 10000 100 6173 2001983049 9069 8840
0b003501 0b001401 10000 100 23660 2000642523 1373098 818644
0b003901 0b000b01 10000 100 2959158 2000224320 1795620 1064759
0b002a01 0b003501 10000 100 4258590 2000421766 1601768 373681
0b002301 0b003301 10000 100 25733 2001545398 495338 18798
0b000401 0b000f01 10000 100 1262774 2001716259 339474 118351
0b000a01 0b001d01 10000 100 20623 2000725375 1341846 18370
0b003801 0b003e01 10000 100 705493 2001842649 226752 67470
0b003301 0b003701 10000 100 41536 2002081350 14811 11804
0b000101 0b002101 10000 100 136057 2000837435 1315448 828070
0b001e01 0b001f01 10000 100 57799 2002141840 13870 9006
0b000701 0b003601 10000 100 4964449 2000022568 2157525 1232881
0b001f01 0b001201 10000 100 1659713 2001075912 1115191 151631
0b000701 0b002101 10000 100 48208 2000863304 1329004 820704
0b003b01 0b001401 10000 100 1383757 2000275752 1921148 932675
0b001401 0b003301 10000 100 5401 2000621418 1586555 817115
0b001d01 0b000101 10000 100 53807 2000955988 1255278 21151
0b001e01 0b002a01 10000 100 2480841 2000145498 2066535 1024654
0b001201 0b001a01 10001 100 36152 2002200193 16889 15514
0b000f01 0b000b01 10000 100 16592 2002127181 108126 9712
0b000701 0b003301 10000 100 5380 2000460597 1787310 817113
0b003601 0b003a01 10000 100 68972 2002205430 64356 18262
0b000d01 0b000901 10000 100 52894 2002273237 13071 12755
0b002401 0b002301 10000 100 6008 2002280285 9210 8827
0b003e01 0b000901 10000 100 5512 2001380723 975533 817124
0b002701 0b002801 10000 100 617787 2002246587 115460 64276
0b003101 0b002101 10001 100 71165 2001459543 921213 22609
0b003801 0b003b01 10000 100 3805 2002376673 4666 4479
0b000501 0b002801 10000 100 1769034 2000322231 2067496 964979
0b001801 0b001601 10000 100 26715 2002247687 175630 14720
0b002201 0b000d01 10000 100 30206 2000363898 2062103 819195
0b003301 0b001101 10000 100 812969 2000788253 1661052 884819
0b000c01 0b000f01 10000 100 76669 2002453887 11153 10589
0b000101 0b000901 10000 100 600398 2002343521 128360 62819
0b001d01 0b001901 10000 100 139400 2002443917 35850 20009
0b001401 0b000401 10000 100 1360598 2000963370 1576787 130714
0b002501 0b003001 10000 100 1344 2001598969 951103 16755
0b000501 0b000e01 10000 100 49048 2002447184 108145 16595
0b003101 0b003301 10000 100 1265068 2002395610 201516 110226
0b000501 0b000b01 10000 100 66132 2002602930 23669 18027
0b000401 0b003201 10000 100 724204 2000600851 2026810 877380
0b002b01 0b001d01 10000 100 25754 2000289029 2352279 818820
0b002201 0b003601 10000 100 44989 2001604474 1066854 20411
0b003501 0b002101 10000 100 131757 2001577928 1094593 27687
0b001e01 0b001301 10000 100 5773592 2001246699 1426890 496539
0b001001 0b001701 10001 100 74464 2002541349 162977 14565
0b002901 0b003b01 10000 100 20197 2001782169 924642 18336
0b003801 0b000c01 10000 100 3842 2000857551 1852490 816982
0b000201 0b000301 10000 100 4573 2002721971 4946 4545
0b002f01 0b003501 10000 100 393768 2001387219 1343115 49654
0b002c01 0b000b01 10000 100 1977658 2001541723 1205405 982468
0b002e01 0b002701 10000 100 8949 2002763208 19001 13230
0b002601 0b000301 10000 100 8545 2000775942 2010956 817378
0b002c01 0b002201 10000 100 195150 2002753327 39460 28844
0b002a01 0b000f01 10000 100 40403 2001284405 1537356 820049
0b003901 0b001201 10000 100 3741 2001051941 1770526 816974
0b003b01 0b003c01 10000 100 6335 2002696240 143398 8853
0b003701 0b000301 10000 100 413 2001566437 1285853 816696
0b000101 0b000c01 10000 100 691697 2002697684 192125 70473
0b000b01 0b003201 10000 100 24349 2000878929 2014151 818703
0b003301 0b000e01 10000 100 61786 2001328210 1583354 821840
0b001901 0b000001 10000 100 3416 2000758913 2162605 16928
0b002701 0b002401 10000 100 46382 2002932885 8400 8051
0b001e01 0b001f01 10001 100 4258534 2002439768 517452 361197
0b001801 0b000a01 10000 100 415 2001662742 1309053 16677
0b001301 0b003701 10000 100 68142 2001087220 1909035 822376
0b001b01 0b002d01 10000 100 1091 2001045937 1954374 816754
0b001901 0b000b01 10000 100 72414 2001129968 1882945 22713
0b001601 0b001101 10000 100 22232 2002813214 214465 10186
0b000601 0b002901 10000 100 1829871 2001138328 1907313 970076
0b000201 0b000501 10000 100 59151 2002963155 83499 13282
0b002e01 0b002501 10000 100 25308 2003032305 15980 14604
0b003001 0b002a01 10000 100 1531937 2001602982 1467132 145077
0b000d01 0b001d01 10000 100 178847 2001208550 1884107 31635
0b000f01 0b000401 10000 100 311565 2003042184 80933 38603
0b000501 0b002301 10000 100 12940 2000963504 2167057 817745
0b000d01 0b000701 10000 100 95367 2003097938 41820 20478
0b002201 0b002001 10000 100 55574 2003147416 9566 8820
0b000201 0b003201 10000 100 2069 2000204682 2953201 816837
0b001501 0b003301 10000 100 10114 2001042639 2131734 817511
0b001d01 0b003e01 10000 100 46354 2001283173 1907860 820548
0b002801 0b000001 10000 100 17269 2001918308 1306602 818110
0b000201 0b003701 10000 100 5378993 2000030015 3215866 1267634
0b002b01 0b002701 10000 100 175127 2002790186 512842 27166
0b000001 0b001201 10000 100 28060 2001379121 1937620 18996
0b000d01 0b002001 10000 100 177036 2001315195 2033891 831506
0b003801 0b000b01 10000 100 24670 2001760573 1603557 818729
0b000401 0b003901 10000 100 160936 2001648181 1752315 830153
0b000101 0b002d01 10000 100 307225 2001191713 2209298 842420
0b002801 0b002701 10000 100 12809 2003415067 34881 13554
0b000601 0b001601 10000 100 26255 2002263570 1193280 18844
0b001b01 0b002301 10000 100 6152 2001621056 1846390 817179
0b002d01 0b001b01 10000 100 540632 2001838326 1674224 861988
0b000e01 0b001501 10000 100 3356 2002105428 1418975 16923
0b000001 0b001f01 10000 100 1057 2002171805 1355201 16732
0b000501 0b002201 10000 100 3764612 2000880764 2656069 1132286
0b003f01 0b002201 10000 100 28282 2001546660 2034575 19013
0b002501 0b002a01 10000 100 295 2003257941 325426 12507
0b002401 0b002801 10000 100 28367 2003351053 253903 14860
0b002901 0b002001 10000 100 1252 2003326362 283186 12587
0b002201 0b002a01 10000 100 148293 2003529887 79670 24915
0b000901 0b001701 10000 100 65967 2001775036 1835290 22170
0b000901 0b002c01 10000 100 22775 2001587859 2025147 818570
0b000601 0b003c01 10000 100 25222 2000663690 2994163 818777
0b003a01 0b002101 10000 100 4068385 2001529004 2160671 357735
0b003401 0b001601 10000 100 802757 2001142543 2565832 883964
0b002e01 0b002201 10001 100 48219 2003693242 38474 16525
0b002201 0b001701 10000 100 60597 2001643216 2164764 821742
0b001401 0b000b01 10000 100 63076 2001548822 2266684 21931
0b002d01 0b003d01 10000 100 71878 2002102126 1724634 22666
0b002301 0b002901 10000 100 2032783 2003182177 651391 182909
0b002301 0b002b01 10000 100 810667 2003430975 403933 80447
0b002c01 0b001701 10000 100 163608 2002164928 1673321 830378
0b000701 0b003901 10000 100 222685 2001795090 2063423 835331
0b000501 0b001e01 10000 100 30157 2002488810 1379356 19171
0b000001 0b002b01 10000 100 42846 2001257720 2691586 820252
0b001901 0b002901 10000 100 63639 2001821807 2131979 821996
0b003001 0b002101 10000 100 7309 2002261719 1724870 17255
0b001e01 0b001a01 10000 100 29138 2003584009 434578 10766
0b002d01 0b001f01 10000 100 4500 2001499718 2560376 817039
0b001801 0b000501 10000 100 19804 2002707457 1357677 18301
0b003a01 0b002e01 10000 100 360606 2000973715 3119539 46874
0b001f01 0b000301 10000 100 1427 2002717565 1411364 16761
0b002d01 0b002001 10000 100 1398225 2003588424 542620 129710
0b001e01 0b002e01 10000 100 1000 2002101317 2038723 816743
0b003201 0b000201 10000 100 1799406 2000684845 3463114 967524
0b002c01 0b000601 10000 100 72033 2001850868 2309788 822702
0b000601 0b001e01 10000 100 10465 2001445701 2756414 17519
0b003101 0b003201 10000 100 487169 2004153050 63263 45007
0b000f01 0b001a01 10000 100 37761 2003049541 1175713 19806
0b000601 0b000201 10000 100 68928 2004212980 21681 14099
0b002201 0b000f01 10000 100 4546 2001132413 3107915 817042
0b003701 0b003b01 10000 100 100545 2003828627 428469 20911
0b001401 0b001201 10000 100 4736031 2002291168 1974948 405392
0b000301 0b000b01 10000 100 74993 2003733463 535128 18767
0b001701 0b002601 10000 100 49062 2002383991 1895735 820776
0b001701 0b002701 10000 100 975385 2001449501 2837035 898438
0b000001 0b002401 10000 100 56004 2002129290 2170171 821359
0b001501 0b003d01 10000 100 870 2001508738 2799364 816733
0b002801 0b001d01 10000 100 13283 2002021758 2302007 817776
0b003001 0b003401 10000 100 5795 2003886844 454522 8806
0b001601 0b001501 10000 100 4286185 2003856389 486173 363516
0b002301 0b000e01 10000 100 41793 2002741608 1627566 820164
0b000301 0b000101 10001 100 813 2004372029 8702 4228
0b001701 0b001101 10000 100 425014 2003850288 552236 43956
0b000401 0b002a01 10000 100 19330 2002274024 2133905 818283
0b000201 0b003701 10001 100 20304 2001943142 2468132 818364
0b003201 0b003401 10000 100 141821 2003934377 494539 20210
0b003601 0b000401 10000 100 55402 2001642673 2804364 821307
0b003a01 0b001f01 10001 100 35915 2002004250 2471505 819671
0b000b01 0b000f01 10000 100 683781 2003244399 1304119 65649
0b000b01 0b000301 10000 100 1841915 2003827784 737670 166906
0b000a01 0b000501 10000 100 8393043 2002513269 2101408 716156
0b003d01 0b001d01 10000 100 16801 2002425504 2222057 818069
0b000a01 0b000901 10000 100 9535121 2003451207 1206829 803587
0b002701 0b002101 10000 100 2885 2004346638 314400 8562
0b003401 0b001001 10000 100 106803 2002087452 2605366 825615
0b003901 0b000a01 10000 100 48967 2001800393 2909055 820765
0b002301 0b002f01 10000 100 9411350 2002476758 2271306 801530
0b000601 0b000d01 10001 100 21532 2003705610 1044351 14287
0b000301 0b000401 10000 100 154230 2004242704 507847 21253
0b001401 0b003501 10000 100 7529 2002160776 2602430 817293
0b002e01 0b001c01 10000 100 28266 2001899105 2886003 819032
0b000e01 0b001d01 10001 100 95557 2002891318 1967199 24653
0b000e01 0b000701 10000 100 1690618 2004273217 592089 154222
0b000101 0b000e01 10000 100 75002 2004016030 853705 18772
0b003801 0b002e01 10000 100 779463 2002181792 2710998 81992
0b003301 0b002b01 10000 100 25607 2002179094 2715040 18788
0b000e01 0b003101 10000 100 80996 2001862048 3179261 823450
0b002f01 0b003a01 10000 100 9915 2002544343 2523165 17471
0b002801 0b002701 10001 100 5523776 2003569773 1506316 475594
0b002001 0b003f01 10000 100 25180 2001975927 3102732 18754
0b003401 0b000101 10000 100 89660 2001994543 3090856 824178
0b002901 0b003c01 10000 100 37484 2002867338 2220570 19784
0b002601 0b002c01 10000 100 3765214 2004145583 955309 328158
0b000e01 0b000d01 10000 100 811628 2005004228 127477 72208
0b002d01 0b000301 10001 100 27663 2002771735 2394450 818980
0b002e01 0b002a01 10000 100 72999 2004510380 704433 14440
0b002801 0b000e01 10001 100 3363087 2001339780 3922018 1098624
0b000901 0b000301 10000 100 1145216 2004704348 579232 108497
0b002301 0b000401 10000 100 63524 2002318686 2981116 821987
0b001b01 0b001301 10000 100 60388 2005135442 170486 17545
0b000601 0b003901 10000 100 60046 2001853017 3452942 821697
0b002401 0b001401 10001 100 40658 2001894078 3414680 820070
0b001f01 0b000e01 10000 100 74784 2002630073 2681342 22910
0b000401 0b000b01 10000 100 45249 2004887214 432171 16276
0b003201 0b000201 10001 100 1001033 2000911837 4413671 900590
0b000a01 0b000f01 10000 100 60120 2005166164 167909 13363
0b000101 0b000d01 10001 100 1528904 2004660719 697118 140663
0b001701 0b000e01 10000 100 28984 2002029309 3339726 19070
0b001401 0b000801 10000 100 72336 2003406338 2009310 22707
0b000b01 0b000201 10000 100 5872676 2002848304 2568219 504846
0b003a01 0b001f01 10002 100 8376 2002274206 3149230 817364
0b000101 0b000e01 10001 100 8876 2005413259 14191 13224
0b000301 0b000c01 10000 100 988429 2004743912 704501 95352
0b003601 0b003501 10000 100 1518 2005479649 4324 4289
0b000601 0b000301 10000 100 701898 2004810508 680966 67167
0b003401 0b003001 10000 100 8476346 2002886328 2610176 718979
0b000001 0b000301 10000 100 8727 2005506925 5129 4892
0b002f01 0b003d01 10000 100 534351 2003081894 2455152 61442
0b001301 0b002301 10000 100 3642 2002823809 2728589 816966
0b001201 0b003601 10001 100 9327 2002702161 2879248 817444
0b003e01 0b001e01 10000 100 4082 2002444892 3159069 817005
0b003001 0b003c01 10000 100 54520 2004475810 1137624 17052
0b001c01 0b000101 10000 100 59850 2002862932 2752362 21658
0b002c01 0b000401 10000 100 26629 2001725587 3893918 818894
0b002401 0b003e01 10000 100 49078 2003584296 2051948 20758
0b001401 0b001201 10001 100 20958 2005606843 45758 10077
0b000c01 0b000101 10000 100 5995064 2003147520 2525382 515109
0b000301 0b000501 10000 100 57283 2004990697 704258 13125
0b000a01 0b000801 10000 100 5503041 2004777503 963311 465538
0b001001 0b000d01 10000 100 28052 2003190480 2567587 18995
0b000801 0b002901 10000 100 13495 2002148953 3655689 817793
0b003f01 0b000901 10000 100 28960 2002614096 3199135 819088
0b000601 0b000101 10000 100 92252 2005520391 316753 16057
0b000801 0b002101 10000 100 24011 2002593143 3273266 818676
0b001301 0b001601 10000 100 1855875 2004465032 1406506 163917
0b002d01 0b003601 10000 100 7805 2003109365 2773397 17295
0b003201 0b000101 10000 100 373656 2002417399 3465426 847988
0b003d01 0b003901 10000 100 121755 2004579169 1333719 18528
0b000c01 0b000f01 10001 100 71573 2005907687 11726 10162
0b001b01 0b001f01 10000 100 6611 2004330321 1591549 8875
0b002a01 0b000601 10000 100 2043178 2001678880 4260219 987963
0b001301 0b001201 10000 100 169 2005940829 4088 4177
0b001b01 0b001901 10000 100 3083753 2005185995 769720 262702
0b000301 0b000901 10000 100 1644647 2004980123 1003740 150368
0b001f01 0b002b01 10000 100 1535938 2001292343 4691876 945433
0b001001 0b000701 10000 100 7009205 2000414589 5620490 604294
0b002101 0b000101 10000 100 4186 2002944798 3099834 817014
0b002101 0b001c01 10000 100 7395 2003469850 2651976 817282
0b001e01 0b000601 10000 100 43324 2003905038 2229579 20274
0b002301 0b001b01 10000 100 781 2002962231 3209128 816726
0b003001 0b003501 10000 100 21223 2005615764 556583 10102
0b002d01 0b002901 10000 100 28151 2004989307 1238880 10683
0b002a01 0b001101 10000 100 26063 2003442724 2796235 818848
0b000701 0b002f01 10000 100 655738 2002299813 3941973 871638
0b000701 0b000301 10000 100 653721 2005399657 876939 63129
0b002401 0b002f01 10000 100 33342 2006256363 24391 15277
0b002f01 0b003101 10000 100 1120044 2003412326 2869016 110548
0b002f01 0b001001 10000 100 3624354 2002355736 3929800 1120528
0b000d01 0b000a01 10000 100 2531527 2005617439 690030 220565
0b000301 0b002601 10000 100 125071 2003022142 3317017 827149
0b002801 0b000401 10001 100 9664 2002529145 3820392 817471
0b001901 0b002b01 10000 100 4033 2003269307 3089470 817001
0b002201 0b001901 10000 100 3591 2002224167 4163045 816962
0b000d01 0b000601 10000 100 32161 2006372428 17159 15179
0b000301 0b000101 10002 100 7065 2006389146 5759 4755
0b002501 0b000001 10000 100 1707040 2003183689 3232073 959781
0b001d01 0b002201 10000 100 12253 2002440711 3975579 817690
0b003701 0b000901 10000 100 71636 2003225161 3194811 822667
0b002a01 0b001e01 10000 100 78191 2003614600 2873577 823218
0b000f01 0b000b01 10001 100 8047 2006500873 9488 8998
0b002601 0b000901 10000 100 1300930 2003183148 3385049 925730
0b002e01 0b003501 10000 100 9851 2003545674 3039248 17466
0b002c01 0b003401 10000 100 64553 2004384658 2217059 22053
0b000901 0b002d01 10000 100 1464318 2002974723 3636608 939431
0b000d01 0b002001 10001 100 4215340 2002823461 3818530 1170076
0b000401 0b002201 10000 100 52129 2002421903 4307578 821033
0b001c01 0b002301 10000 100 1462593 2002630160 4122806 939285
0b001d01 0b002d01 10000 100 240935 2004175314 2609736 836860
0b003b01 0b003e01 10000 100 52369 2006399460 392256 12713
0b001b01 0b001a01 10000 100 7391177 2005343233 1482121 623839
0b002f01 0b002c01 10000 100 1275844 2006659469 171317 111127
0b002501 0b001901 10000 100 25850 2002846976 3989940 818827
0b003701 0b003801 10000 100 93188 2005636200 1221969 20296
0b003901 0b001901 10000 100 3787 2004215788 2647894 816978
0b001f01 0b001e01 10001 100 24346 2006861219 12904 6203
0b002e01 0b002901 10000 100 3377409 2005732817 1162186 291484
0b001401 0b000301 10000 100 93522 2002631440 4264903 24482
0b001b01 0b002a01 10000 100 74555 2002896443 4004002 822912
0b001a01 0b000201 10000 100 67509 2002255991 4657494 22301
0b000b01 0b000101 10000 100 152241 2006916904 36102 25246
0b001001 0b003c01 10000 100 160473 2002990635 3970893 830116
0b001a01 0b000f01 10000 100 23681 2004859732 2174096 18626
0b000501 0b003b01 10000 100 65708 2003217094 3817847 822170
0b000201 0b000301 10001 100 10638 2007046820 5280 5053
0b002f01 0b002001 10000 100 514317 2005636190 1433005 55602
0b002c01 0b000101 10000 100 80818 2003675759 3429476 823436
0b003501 0b003801 10000 100 30909 2006300775 811650 15071
0b000301 0b000d01 10000 100 32083 2007094026 19280 15173
0b001d01 0b000101 10001 100 54015 2004794110 2330517 21172
0b001401 0b003401 10000 100 34358 2004557536 2592118 819543
0b003501 0b001601 10000 100 28392 2003762132 3392009 819042
0b003801 0b000d01 10000 100 1009157 2003471371 3716640 901270
0b002901 0b002601 10000 100 20904 2006661069 528939 14232
0b001b01 0b002b01 10000 100 1846 2003723690 3480548 816815
0b002801 0b002f01 10000 100 37482 2007210492 18354 11464
0b001001 0b001101 10000 100 69390 2007208345 28821 9980
0b000601 0b003701 10000 100 840485 2002615041 4634119 887128
0b002801 0b002e01 10000 100 49665 2007230084 22884 12485
0b000f01 0b000401 10001 100 28196 2006439541 818489 14847
0b001901 0b001f01 10000 100 52404 2006347864 917785 12715
0b000801 0b000601 10000 100 4787895 2005492224 1776387 413897
0b001201 0b003601 10002 100 617016 2004052972 3219988 868394
0b001a01 0b003501 10000 100 163702 2004909563 2378319 830385
0b000a01 0b001101 10000 100 154248 2004095855 3214998 29575
0b000701 0b002601 10000 100 29115 2002880508 4447261 819104
0b000f01 0b001501 10000 100 5487 2004561644 2786364 17102
0b000f01 0b001401 10000 100 17087 2003736716 3612883 18076
0b001601 0b002501 10000 100 22287 2004811115 2595750 818531
0b002401 0b001c01 10000 100 34212 2003534977 3880331 819531
0b002201 0b000701 10000 100 26431 2002843472 4583566 818878
0b003601 0b000101 10000 100 51571 2003885196 3567131 820985
0b000c01 0b002701 10000 100 3764 2003131583 4324955 816976
0b002e01 0b000d01 10001 100 2405669 2002716518 4742650 1018352
0b001801 0b001a01 10000 100 27643 2007470831 8942 6478
0b000201 0b000301 10002 100 1568339 2007255799 247859 135652
0b000a01 0b000d01 10000 100 25561 2007575950 11751 10464
0b002101 0b000301 10000 100 87852 2003541713 4069059 824026
0b000b01 0b003b01 10000 100 108556 2002843889 4769955 825763
0b000601 0b000101 10001 100 420464 2007202275 411639 43573
0b001501 0b003801 10001 100 8768 2004563684 3052768 817396
0b001d01 0b001e01 10000 100 132 2007622957 4230 4174
0b001101 0b001201 10000 100 60910 2007626399 15005 9267
0b001401 0b000701 10000 100 137808 2005108023 2560536 28194
0b001501 0b001601 10000 100 10557 2007680023 5149 5046
0b002701 0b001201 10000 100 173409 2003446210 4253658 831200
0b000b01 0b000d01 10000 100 2877 2007680043 27813 8561
0b003701 0b003e01 10002 100 60452 2006357926 1385688 17550
0b003401 0b003601 10001 100 3640085 2006936086 839346 309348
0b003001 0b001b01 10000 100 49874 2003697589 4087588 820841
0b001a01 0b000b01 10000 100 63241 2005188078 2622305 21945
0b000d01 0b001901 10000 100 13315 2005075904 2747134 17758
0b002a01 0b002c01 10000 100 46044 2007708315 148890 12184
0b001601 0b003701 10000 100 22746 2004887039 2983805 818568
0b001b01 0b001801 10000 100 1498576 2007514220 389831 129802
0b003401 0b002501 10000 100 43930 2003013686 4906674 20323
0b000f01 0b003601 10000 100 22040 2003688404 4264809 818511
0b001201 0b003c01 10001 100 72327 2005094216 2894094 822726
0b000501 0b003f01 10000 100 146115 2003468293 4545544 828913
0b002a01 0b002d01 10001 100 837595 2007581751 434347 78545
0b001501 0b001401 10000 100 1170 2008013270 4223 4261
0b000301 0b003801 10000 100 4739003 2002684807 5335290 1213981
0b003b01 0b003201 10000 100 3130 2006831618 1203809 12745
0b001501 0b001401 10001 100 9276 2008047251 4969 4940
0b003601 0b003301 10000 100 3096832 2004629952 3436376 267959
0b000b01 0b001b01 10000 100 3836 2004991442 3149471 16962
0b000c01 0b001a01 10000 100 19198 2001471609 6674542 18252
0b001801 0b003d01 10000 100 26984 2004420967 3725876 818922
0b000901 0b002201 10000 100 969002 2003248453 4907866 897904
0b002701 0b001101 10000 100 7401 2004635679 3548425 817282
0b000c01 0b000d01 10000 100 229904 2008177744 27263 23435
0b002201 0b000e01 10000 100 4816762 2003652489 4558441 1220498
0b002a01 0b002201 10000 100 4118 2007597092 630497 12828
0b002b01 0b000501 10000 100 6324 2004015585 4217914 817192
0b002f01 0b002801 10000 100 1322869 2008071918 187449 119229
0b003401 0b002f01 10000 100 20 2004362883 3916477 16645
0b000801 0b002801 10000 100 49444 2003618379 4686283 820807
0b003301 0b002801 10001 100 22455 2004740430 3607517 18524
0b000301 0b003401 10000 100 7031 2003988179 4364623 817253
0b003501 0b000e01 10000 100 32134 2004414753 4003637 819357
0b002c01 0b001301 10000 100 19209 2004722125 3717932 818273
0b002201 0b002401 10000 100 304550 2007257773 1231053 33855
0b000501 0b000701 10000 100 1958930 2008210704 282652 168396
0b000e01 0b000b01 10000 100 957816 2008248567 250547 88624
0b000b01 0b003701 10000 100 255 2004178098 4326474 816684
0b000001 0b000601 10000 100 36255 2007904315 605851 11362
0b002201 0b002601 10000 100 23883 2008161939 352727 10322
0b000801 0b002901 10001 100 21996 2003757835 4761499 818504
0b000f01 0b002a01 10000 100 5662 2003796476 4817056 817136
0b002801 0b002b01 10000 100 413626 2008527690 127797 38839
0b002a01 0b001d01 10000 100 4388 2003711378 4946713 817030
0b002001 0b002601 10000 100 1525059 2008348939 328264 136184
0b000d01 0b000001 10000 100 724371 2008242580 441438 73213
0b002201 0b002301 10000 100 7917435 2006427250 2266622 667959
0b001e01 0b001a01 10001 100 12276 2007570539 1159466 9352
0b002501 0b000f01 10000 100 23914 2004108900 4622482 818665
0b000e01 0b003701 10000 100 7047 2003967333 4798279 817254
0b000c01 0b002a01 10000 100 21609 2003844422 4923851 818473
0b002a01 0b003f01 10000 100 75949 2003287203 5501979 23007
0b002701 0b003e01 10000 100 55393 2004340916 4502010 21286
0b000901 0b001601 10000 100 1421744 2003285018 5565719 135840
0b002001 0b001201 10000 100 43787 2004270711 4587385 820331
0b000f01 0b000501 10000 100 51822 2008310735 569480 16825
0b001a01 0b003301 10000 100 1090021 2005163018 3745834 908051
0b000f01 0b000b01 10002 100 1269701 2008682977 271778 114772
0b001b01 0b001801 10001 100 9883218 2007717427 1246100 832772
0b000301 0b000501 10001 100 989815 2006785251 2208107 91306
0b000801 0b000d01 10000 100 41426 2008994742 12645 11795
0b001501 0b001101 10000 100 1618802 2007787938 1222933 144041
0b000e01 0b001501 10001 100 14720 2005334678 3694956 17875
0b000801 0b002f01 10000 100 1344226 2005277008 3781250 929362
0b000e01 0b002201 10001 100 3923 2005137506 3928712 816989
0b001f01 0b003c01 10000 100 1560 2005309582 3776994 816792
0b002e01 0b002d01 10001 100 10205737 2007650658 1448942 859810
0b000301 0b001e01 10000 100 53912 2006016708 3090143 21160
0b002301 0b002c01 10001 100 21941 2008970582 157466 14319
0b003101 0b001b01 10001 100 6343 2005295859 3921907 817194
0b000c01 0b000801 10000 100 24723 2009209794 12372 10393
0b002b01 0b002d01 10000 100 20250 2008650047 576182 10020
0b001d01 0b001e01 10001 100 3072841 2008693317 569327 261787
0b002501 0b002701 10000 100 69716 2009244756 25778 10006
0b001801 0b000a01 10001 100 1373 2005287399 4006525 16757
0b000501 0b000701 10001 100 1257652 2009047497 260631 109602
0b000701 0b001601 10000 100 4165203 2001300270 8013428 365853
0b001801 0b001a01 10002 100 78953 2009264502 52669 10779
0b001a01 0b001e01 10001 100 1457 2007299177 2060067 8444
0b000301 0b003301 10000 100 50000 2005640398 3760997 820852
0b000701 0b000801 10000 100 68762 2009362213 82718 18245
0b000101 0b002501 10000 100 729181 2004708057 4763618 877797
0b003401 0b003101 10001 100 5839 2009008000 494670 8810
0b001d01 0b001c01 10000 100 6654 2009549460 4910 4719
0b003601 0b001801 10000 100 44309 2002827126 6745362 820377
0b001701 0b001101 10001 100 78016 2009080591 510504 14864
0b002501 0b003601 10001 100 48161 2006333358 3295364 20681
0b002c01 0b000301 10000 100 292458 2004425056 5205040 841181
0b000101 0b000a01 10000 100 1084502 2008816314 901221 103406
0b003501 0b003301 10000 100 22059 2009075217 721915 10173
0b001501 0b002e01 10001 100 612 2006527772 3344183 816712
0b000f01 0b002401 10000 100 2147788 2006023777 3866881 996731
0b000501 0b000101 10001 100 578575 2009151539 753689 56829
0b003201 0b003501 10000 100 182088 2008613485 1297850 23589
0b000c01 0b003801 10000 100 340663 2004957221 4954751 845222
0b000601 0b001101 10000 100 216329 2005970963 3995018 34779
0b001601 0b003301 10000 100 79069 2006601504 3443426 823292
0b002a01 0b000a01 10000 100 1686078 2005043761 5002831 958024
0b001c01 0b001301 10000 100 1535 2009437829 624147 12610
0b003201 0b003901 10000 100 62894 2008446712 1649893 17753
0b000201 0b002401 10000 100 32789 2005234308 4866628 819409
0b001801 0b001a01 10001 100 3820383 2007939535 2180348 324463
0b000c01 0b002301 10000 100 66907 2005568031 4560610 822269
0b000d01 0b002501 10000 100 30827 2005705587 4560449 819245
0b001401 0b000b01 10001 100 36084 2006720527 3571947 19668
0b001901 0b002101 10001 100 33383 2005601659 4692195 819461
0b000f01 0b002f01 10001 100 5248 2005848778 4467928 817102
0b000001 0b003401 10000 100 2453 2006611726 3760358 816867
0b000201 0b002001 10000 100 79038 2005991911 4401493 823290
0b001001 0b001101 10001 100 46516 2010393026 8816 8061
0b002401 0b001d01 10000 100 7455 2006712408 3699516 817287
0b001201 0b001301 10000 100 28080 2010403265 14202 6517
0b000d01 0b000e01 10000 100 136788 2010465232 26386 15629
0b003401 0b001201 10000 100 203871 2007005477 3494109 833753
0b000c01 0b001d01 10000 100 27698 2007214226 3343204 18963
0b002601 0b002c01 10001 100 1803019 2010251087 311558 163648
0b000c01 0b000f01 10002 100 26656 2010575854 6920 6396
0b000e01 0b002501 10000 100 26148 2007067092 3601371 818855
0b002501 0b000201 10000 100 96698 2006312986 4414736 824768
0b002501 0b001a01 10001 100 407 2006018190 4738077 816696
0b000a01 0b002a01 10000 100 36702 2006071951 4690671 819738
0b001701 0b000601 10000 100 115352 2008064993 2718724 26313
0b002d01 0b000301 10002 100 62157 2005182357 5622383 821874
0b001201 0b001601 10000 100 56859 2009509249 1328337 13087
0b000301 0b001501 10000 100 32977 2007282995 3555859 19404
0b001001 0b001f01 10000 100 47462 2009833803 1051719 16461
0b000201 0b002401 10001 100 19900 2005643956 5258878 818328
0b003201 0b002a01 10000 100 242986 2005449983 5475207 37012
0b000c01 0b001301 10000 100 91175 2007849874 3090244 24287
0b003601 0b002601 10000 100 2737 2006777653 4204687 16870
0b001001 0b001401 10000 100 2175 2010145289 914535 8505
0b000101 0b001501 10001 100 961084 2007769738 3305509 97220
0b000e01 0b000a01 10000 100 2398204 2009473339 1665213 209388
0b000a01 0b001c01 10000 100 754 2007553402 3585727 16704
0b002701 0b001e01 10000 100 53538 2007243915 3920413 821150
0b000c01 0b000d01 10001 100 25136 2011243256 6471 6270
0b002601 0b000201 10000 100 39738 2005649371 5640149 819992
0b001201 0b000401 10001 100 18419 2007142851 4159700 18186
0b000f01 0b000901 10000 100 4009463 2009833117 1706219 344475
0b001601 0b002101 10000 100 4284 2007401305 4150298 817021
0b000901 0b000201 10000 100 228004 2010781623 855867 31599
0b002e01 0b001e01 10000 100 126336 2007362221 4393572 827254
0b000301 0b002b01 10000 100 892 2007115870 4668921 816735
0b002101 0b001d01 10001 100 195829 2007231716 4678854 833078
0b000b01 0b000901 10000 100 193286 2011894440 30864 20367
0b002901 0b000d01 10000 100 25536 2007450867 4620779 818802
0b002f01 0b000e01 10000 100 48323 2007636998 4514041 820714
0b002401 0b000f01 10000 100 25128 2006848435 5318436 818770
0b002801 0b003201 10000 100 9701 2008145954 4388169 17454
0b002801 0b001701 10000 100 79666 2007413612 5209121 823340
0b003f01 0b001901 10000 100 17657 2007383819 5246348 818141
0b003601 0b003701 10000 100 1894043 2010779316 1872269 162960
0b000e01 0b002d01 10000 100 184898 2007052679 5601175 832162
0b001801 0b003b01 10000 100 966 2008046225 4726461 816741
0b002901 0b000101 10000 100 3447 2007277236 5523655 816951
0b003e01 0b003801 10003 100 10645 2011850498 1118082 9213
0b002001 0b000601 10000 100 5710 2007961435 5187286 817139
0b000901 0b000b01 10000 100 890773 2012844210 329580 78843
0b001901 0b000a01 10000 100 5598 2009945526 3240138 17110
0b000b01 0b000e01 10000 100 8027 2013252608 9474 8996
0b001b01 0b000101 10000 100 21921 2006288060 6980714 18478
0b002d01 0b001d01 10000 100 134898 2007995386 5390974 827970
0b002e01 0b000001 10000 100 173547 2007441479 5952928 831211
0b000f01 0b002401 10001 100 384654 2007653406 5794620 848910
0b002401 0b001b01 10000 100 256983 2008316924 5172358 838205
0b003f01 0b003e01 10000 100 1853763 2013173329 327953 159580
0b000401 0b000801 10001 100 23343 2008236495 5272974 14439
0b000801 0b000101 10000 100 78968 2012779217 786120 19100
0b000101 0b000d01 10002 100 41013 2011883425 1701760 15922
0b003b01 0b003d01 10000 100 136772 2013257025 613403 19787
0b000101 0b000801 10000 100 5067 2013957518 109733 12908
0b000001 0b000c01 10001 100 24022 2009266064 4897865 14497
0b000e01 0b002201 10000 100 531305 2004267877 9899772 861207
0b002d01 0b000a01 10000 100 5356 2008868736 5428006 817111
0b002001 0b002901 10000 100 64446 2013261700 1039999 17885
0b000c01 0b000a01 10000 100 16361 2013943526 449818 9694
0b002401 0b000901 10000 100 2833 2008575807 5824446 816898
0b001501 0b002401 10000 100 2726 2009229949 5273215 816889
0b000d01 0b000701 10001 100 76601 2013983517 527873 18903
0b001001 0b002c01 10000 100 610 2009746229 4821933 816712
0b002201 0b002a01 10001 100 79641 2013734841 904814 19158
0b002b01 0b002801 10000 100 20739 2014711941 22221 5899
0b003201 0b003001 10000 100 83654 2014744481 19131 11174
0b000a01 0b000001 10001 100 48304 2014655267 110548 16532
0b001501 0b001101 10001 100 3705854 2011405610 3385638 319019
0b000501 0b002e01 10002 100 2187 2008909415 5935750 816846
0b002301 0b000101 10001 100 1184839 2009625184 5296943 915997
0b000c01 0b000d01 10002 100 1136816 2014921140 194452 99471
0b000101 0b000501 10000 100 459597 2013926634 1242399 46854
0b003801 0b003a01 10001 100 725216 2014977205 293176 64965
0b000c01 0b000d01 10003 100 134330 2015269357 17059 15424
0b002601 0b003801 10000 100 79590 2010087057 5242319 23314
0b000d01 0b000e01 10001 100 79250 2015419383 30839 10807
0b002601 0b002f01 10000 100 80688 2014323803 1161612 19246
0b002801 0b003501 10001 100 2142 2009457590 6037260 16822
0b001b01 0b001901 10001 100 74754 2015488562 26960 10428
0b002b01 0b003a01 10000 100 12857 2009277728 6342481 17718
0b002c01 0b003c01 10000 100 66515 2009654185 5979135 22218
0b001101 0b000101 10000 100 28601 2010946775 4712044 19039
0b002101 0b001101 10000 100 16412 2005559283 10114406 818038
0b003401 0b002201 10000 100 3299 2009849473 5825375 16919
0b002c01 0b002d01 10000 100 20662 2015762490 9613 5893
0b002401 0b002801 10001 100 28361 2011329214 4565897 14860
0b002f01 0b002c01 10001 100 28281 2016048674 9290 6533
0b000c01 0b001401 10000 100 50731 2011496886 4568127 20894
0b001401 0b001101 10000 100 1064503 2010835307 5437642 97569
0b000701 0b000101 10000 100 704919 2009299244 6982427 67420
0b002301 0b000401 10001 100 54663 2009919383 6494594 821244
0b000c01 0b001801 10000 100 1020945 2011516616 4956699 102236
0b001101 0b001701 10000 100 2578 2015402848 1157333 8537
0b001401 0b001301 10000 100 4020 2015465875 1185847 8660
0b000c01 0b000901 10000 100 60223 2016094320 619436 13372
0b001501 0b001401 10002 100 6422991 2015409785 1311979 542663
0b002501 0b000801 10001 100 26201 2010923226 5819393 818859
0b000701 0b000101 10001 100 840600 2013234393 3535610 78797
0b000e01 0b000901 10000 100 2456 2016809768 13965 8528
0b000101 0b001601 10000 100 25455 2013241870 3681446 18776
0b001601 0b002a01 10000 100 21899 2012436045 4516580 818496
0b000501 0b000d01 10000 100 18304 2014715257 2524214 14017
0b002301 0b002401 10000 100 5103 2015478325 1932334 8751
0b000c01 0b000f01 10003 100 178131 2017469816 46544 19097
0b000c01 0b000001 10001 100 2400897 2016888225 731177 213771
0b003a01 0b001d01 10001 100 581 2013520286 4196708 816710
0b000201 0b001601 10000 100 6689 2009507527 8264392 17202
0b000001 0b001001 10000 100 76132 2013430442 4408587 23026
0b002f01 0b002d01 10000 100 7203 2017868737 6752 4766
0b002401 0b000001 10000 100 1283549 2010785171 7362599 924274
0b002601 0b002201 10000 100 1452017 2014913352 3248547 130060
0b000101 0b000201 10000 100 25005 2018225634 11709 6260
0b000601 0b001301 10000 100 44231 2004658352 13744293 20351
0b002701 0b002101 10001 100 9486967 2016358499 2078241 803707
0b001501 0b001601 10001 100 19275 2018451347 6512 5778
0b000a01 0b002a01 10001 100 201016 2011825184 6814915 833516
0b000101 0b000601 10000 100 9477672 2001394492 17296993 802929
0b002401 0b003101 10001 100 51045 2012757761 6167790 20923
0b000401 0b001201 10000 100 5597 2014179824 4811541 17110
0b000901 0b000e01 10000 100 1503671 2018518154 587751 134389
0b000901 0b000801 10000 100 5882 2019229257 6393 4653
0b000101 0b001401 10000 100 1298834 2015198482 4088557 125534
0b000601 0b001c01 10000 100 16017 2013907442 5485417 17986
0b001a01 0b001901 10000 100 4732 2019421320 22290 4557
0b000501 0b000201 10000 100 22428 2019281503 305622 10202
0b000501 0b003b01 10002 100 8742 2013996387 5648890 817393
0b002601 0b002501 10000 100 67822 2019780234 19306 9846
0b002701 0b000801 10000 100 158271 2012395442 7549099 829932
0b000b01 0b002701 10000 100 6197 2013621724 6345047 817182
0b002501 0b000b01 10000 100 23824 2013774623 6433314 818658
0b000601 0b002c01 10000 100 48047 2012795028 7456151 820691
0b002f01 0b002e01 10000 100 4058402 2018868150 1411448 344418
0b000801 0b000701 10000 100 4464377 2019261179 1270373 386775
0b001501 0b001201 10000 100 46645 2020324308 463985 12232
0b002201 0b001501 10000 100 1110 2015375550 5456932 816756
0b001b01 0b003201 10000 100 406 2015007794 5853790 816696
0b002a01 0b002f01 10000 100 28729 2016615384 4453358 10729
0b000f01 0b000101 10000 100 130308 2019334666 1735725 23407
0b000b01 0b000d01 10001 100 138155 2020593004 656346 19906
0b000c01 0b003201 10001 100 32153 2010482308 10880454 819358
0b000b01 0b002701 10001 100 78763 2014493465 6874436 823264
0b002401 0b002501 10000 100 31046 2021349413 26593 6766
0b000901 0b002201 10001 100 990823 2014843250 6612182 899731
0b000f01 0b000701 10000 100 28404 2020723551 868501 14863
0b000f01 0b002101 10001 100 99518 2014468323 7137064 825005
0b000501 0b000301 10001 100 984915 2021605619 286541 90895
0b002901 0b000b01 10000 100 74368 2014373245 7835909 822897
0b000a01 0b002d01 10000 100 755767 2015197521 7017511 880024
0b000501 0b000301 10000 100 495372 2021537664 910774 49854
0b001d01 0b001c01 10002 100 2566 2022643066 6484 4376
0b000101 0b000601 10001 100 1064766 2020846399 2186560 97590
0b002801 0b000901 10001 100 22007 2015771081 7657305 818508
0b002f01 0b002d01 10001 100 467999 2023227385 236418 43397
0b002501 0b000e01 10000 100 27856 2016379490 7278230 818996
0b000b01 0b001c01 10000 100 37222 2019405810 4403347 19763
0b001401 0b001701 10000 100 43995 2023968718 58279 7848
0b002601 0b000801 10000 100 18847 2017601321 6563865 818240
0b000f01 0b003301 10000 100 55155 2017416799 6984514 821287
0b000f01 0b001501 10001 100 25289 2019758135 5049830 18762
0b002201 0b003401 10001 100 76484 2017949498 7059582 23054
0b002f01 0b002e01 10001 100 507089 2024868695 214215 46677
0b000d01 0b000f01 10000 100 322472 2025516038 91126 31198
0b000d01 0b000901 10001 100 1591497 2022564786 3748089 141753
0b002601 0b002001 10000 100 68707 2026041842 424375 14081
0b000b01 0b000801 10000 100 183518 2026671562 28982 19548
0b000501 0b000c01 10001 100 75422 2025489632 1523487 18805
0b003e01 0b003f01 10000 100 3941 2028183588 19451 4490
0b000501 0b002c01 10001 100 444765 2013289523 15271109 853950
0b000501 0b000a01 10001 100 33611 2024874159 4564995 15299
0b000b01 0b000901 10001 100 22081 2029904790 6215 6014
0b002601 0b002101 10001 100 1874615 2024308387 7044153 165489
0b003f01 0b003901 10001 100 362 2030473411 1893045 8352
0b000b01 0b000e01 10001 100 58216 2032454427 959163 13203
0b003301 0b001901 10000 100 182 2029093277 4328623 816678
0b000301 0b000201 10001 100 3395 2034496612 22016 4446
0b002e01 0b003301 10000 100 9 2027816465 6957666 16644
0b000901 0b002901 10001 100 694 2029007706 6808285 816719
0b001501 0b003101 10001 100 16 2031033009 5030227 816665
0b000d01 0b002701 10001 100 842 2028643339 8230884 816731
0b003c01 0b002301 10002 100 218 2031102794 5942800 16661
0b000601 0b003401 10001 100 172 2029214856 8589870 816677
0b000b01 0b000d01 10002 100 8165 2036324684 1653282 9007
0b003901 0b003c01 10000 100 287 2037336947 980964 8346
0b000d01 0b002b01 10000 100 794 2032249061 8504324 816727
0b000e01 0b002b01 10001 100 1244 2036191336 7081235 816767
0b000d01 0b000901 10004 100 7787 2039846579 3749335 8973
0b000b01 0b000e01 10002 100 8481 2044298599 1874157 9033
0b002101 0b002001 10004 100 1858 2046459589 8322 4316
0b000201 0b001701 10000 100 21 2039370943 7245448 16645
0b000101 0b000401 10000 100 7731 2041806285 5804056 8969
0b000601 0b000401 10002 100 6667 2049386031 16939 4720
0b001a01 0b001d01 10001 100 2034 2041047187 9742575 8494
0b003901 0b003d01 10000 100 705 2049564388 1637773 8380
0b000901 0b000b01 10003 100 1012 2051454151 8436 4248
0b001f01 0b001a01 10001 100 8110 2053867738 90860 9003
0b001e01 0b001b01 10002 100 2335 2053155959 998429 8518
0b001801 0b002001 10000 100 942 2048594537 6888010 816739
0b000301 0b000501 10004 100 5858 2053624516 1935305 8811
0b003901 0b001c01 10002 100 250 2053270411 3389422 816683
0b002201 0b002701 10001 100 66074 2058688023 243620 13863
0b003d01 0b003901 10003 100 4696 2054387606 4910774 8714
0b003001 0b003901 10002 100 179 2059421261 994423 12498
0b002c01 0b002e01 10001 100 1285 2060460790 11541 4270
0b003901 0b003501 10004 100 322 2059140553 1927833 12509
0b002a01 0b002901 10003 100 1853 2062218182 9546 4315
0b001001 0b001701 10002 100 1779 2061509676 1068795 8470
0b001501 0b001701 10001 100 12193 2064913569 33973 5185
0b003001 0b001601 10000 100 4141 2052709284 12426777 817010
0b003201 0b003401 10003 100 7606 2062574628 3009784 8959
0b002c01 0b000701 10002 100 49 2059081382 7600474 816667
0b001301 0b001401 10002 100 9628 2064366020 3590249 9128
0b000001 0b001b01 10001 100 401 2060651663 7364118 16675
0b003a01 0b003b01 10006 100 5725 2069343543 45397 4641
0b002101 0b002001 10005 100 3642 2071324055 38673 4466
0b001e01 0b001901 10002 100 392 2071376057 962879 8355
0b003001 0b000101 10001 100 2991 2064804184 7613208 816910
0b002d01 0b003301 10003 100 2753 2062736520 10811132 16871
0b003601 0b002201 10002 100 2305 2059758883 15231094 16835
0b001501 0b001201 10003 100 11114 2070447519 4913458 9255
0b003201 0b003501 10002 100 417 2076352668 990703 8357
0b003801 0b002c01 10001 100 131 2070864639 6625157 16654
0b001101 0b001601 10006 100 7028 2074157574 3492078 8912
0b002201 0b000b01 10002 100 19 2070699525 7184651 816665
0b003701 0b003101 10005 100 1947 2078764812 33375 8483
0b001501 0b001701 10002 100 980 2079126850 7029 4242
0b001e01 0b001f01 10006 100 13426 2079536286 72857 5287
0b003d01 0b003901 10004 100 1795 2080442688 40944 8471
0b001601 0b000f01 10004 100 110 2076280001 4224684 16652
0b003e01 0b002401 10005 100 1310 2072332363 8658608 16752
0b000e01 0b003101 10002 100 591 2075324005 6388757 816711
0b003b01 0b001a01 10002 100 12 2076043279 6730508 816664
0b001a01 0b002701 10004 100 53 2079737628 8778925 816668
0b002f01 0b002c01 10004 100 1258 2088927604 9795 4268
0b002601 0b002201 10001 100 2107 2088199413 980927 8500
0b003901 0b003a01 10002 100 2369 2089256298 15883 4361
0b001501 0b001101 10002 100 835 2090291174 530998 8390
0b002201 0b002401 10002 100 7596 2090251035 1106305 8958
0b003501 0b000e01 10002 100 1106 2084611396 6835023 816756
0b003a01 0b003901 10002 100 20998 2091966933 199626 5920
0b003901 0b003101 10004 100 21 2092185672 13902 12485
0b002e01 0b002a01 10002 100 7460 2091005981 1935390 8947
0b002a01 0b002d01 10006 100 28135 2079588536 13515984 10682
0b000201 0b003601 10003 100 447 2085503140 8492751 816699
0b001d01 0b001801 10001 100 2441 2090372101 3926096 8526
0b001701 0b001301 10004 100 4827 2092897032 1532708 8725
0b000b01 0b001d01 10003 100 301 2090110206 4704099 16667
0b003a01 0b002b01 10005 100 225 2090691925 4143564 16661
0b000101 0b002f01 10002 100 1057 2082334139 13052374 816752
0b002401 0b003c01 10004 100 481 2087172090 8246965 16682
0b002f01 0b001501 10002 100 1715 2087895709 7563186 816804
0b003901 0b003f01 10004 100 862 2094855878 980754 8392
0b001601 0b001101 10006 100 4544 2093788341 2630875 8702
0b000b01 0b000d01 10006 100 3306 2095257571 1736823 8599
0b002201 0b002f01 10004 100 12 2096249225 1865892 12484
0b000b01 0b000201 10002 100 200 2096488965 1926674 12499
0b002001 0b002101 10002 100 1060 2099291458 12201 4252
0b002c01 0b002f01 10004 100 1487 2099645903 15651 4286
0b003701 0b001301 10002 100 2188 2094610773 5392422 816846
0b000201 0b001e01 10003 100 879 2095456642 8316927 16714
0b001801 0b001f01 10001 100 299063 2072428588 94042518 33397
0b001601 0b001101 10005 100 730371 2086884764 107950802 69556
0b002201 0b002401 10001 100 4635238 2084464168 328905182 396941
0b000401 0b000301 10000 100 1171283 2059408406 372553407 106523
