0b003501 0b002b01 10000 100 3251 2000158047 16987 16915
0b001001 0b001401 10000 100 64792 2000269362 13711 13752
0b000f01 0b000901 10000 100 22662 2000341135 10173 10221
0b001501 0b001e01 10000 100 157337 2000461404 25663 25673
0b001401 0b001b01 10000 100 6603 2000644505 13000 13035
0b002301 0b003001 10000 100 41462 2000694860 20105 20118
0b000501 0b001201 10000 100 2404 2000771888 16894 16843
0b001001 0b003401 10000 100 188459 2000045279 832475 832462
0b001201 0b000901 10000 100 68380 2001075000 22783 22375
0b003701 0b001e01 10000 100 773350 2000238105 892888 881500
0b002d01 0b002901 10000 100 14762 2001128619 9565 9558
0b000b01 0b002b01 10000 100 166888 2000324040 830661 830652
0b003101 0b001a01 10000 100 523676 2000295056 870333 860566
0b002901 0b000401 10000 100 2789769 2000141214 1050999 1050555
0b002201 0b001e01 10000 100 16699 2000486514 821288 818061
0b001b01 0b000001 10000 100 37035 2001307466 19735 19748
0b000201 0b003a01 10000 100 2175 2000668027 816835 816845
0b001a01 0b003601 10000 100 22181 2000778822 820358 818522
0b001801 0b003501 10000 100 18689 2000865859 819833 818228
0b002601 0b002001 10000 100 829540 2001668186 77951 77870
0b001201 0b001f01 10000 100 2791569 2001541512 247013 246526
0b001001 0b003201 10000 100 4632115 2000627216 1210705 1205019
0b003701 0b000b01 10000 100 21117 2001070306 820013 818433
0b002601 0b000001 10000 100 24343 2001120489 818832 818703
0b002d01 0b000201 10000 100 67385 2001154860 822305 822311
0b000001 0b003d01 10000 100 1348 2001175942 818094 816775
0b002801 0b003c01 10000 100 1850780 2001575008 476073 171810
0b001b01 0b002b01 10000 100 77211 2001320969 823231 823136
0b001101 0b000601 10000 100 31036 2002181536 19503 19245
0b003101 0b001801 10000 100 124166 2001445417 827075 827073
0b002701 0b002d01 10000 100 1527 2002304495 12708 12609
0b002001 0b002501 10000 100 185458 2002325998 23849 23870
0b003301 0b003e01 10000 100 377687 2002357974 44171 44146
0b002e01 0b002c01 10000 100 20760 2002477980 5895 5901
0b000c01 0b003b01 10000 100 994708 2001713889 912811 900057
0b003401 0b003301 10000 100 174134 2002634099 43141 22922
0b000c01 0b003c01 10000 100 10761282 2000820775 1877630 1718888
0b000b01 0b001001 10000 100 45835 2002725776 23452 20483
0b000b01 0b000e01 10000 100 7324 2002875624 8886 8936
0b001401 0b001e01 10000 100 2263176 2002786160 202554 202227
0b001a01 0b003d01 10000 100 129366 2002206527 838322 827508
0b003c01 0b002601 10000 100 1457992 2002684749 387079 138878
0b001d01 0b002a01 10000 100 1421281 2002134766 946915 935822
0b001701 0b003001 10000 100 63492 2002257598 850264 821985
0b002a01 0b001f01 10000 100 4052 2002208149 935566 817003
0b000801 0b003001 10000 100 2626585 2002168451 1057380 1036874
0b001601 0b003701 10000 100 25071 2002497647 820812 818765
0b000401 0b001701 10000 100 4522203 2002558921 771476 395784
0b003401 0b000f01 10000 100 133342 2002594935 840036 827841
0b002101 0b003201 10000 100 1920512 2003328215 186077 177657
0b002c01 0b000401 10000 100 9291416 2001927639 1610738 1595654
0b002e01 0b002901 10000 100 2402087 2003441082 210047 209714
0b003301 0b001401 10000 100 888421 2002933509 897342 891147
0b001601 0b001d01 10000 100 50330 2003841674 20811 16702
0b001001 0b001a01 10000 100 22176 2003863367 14310 14342
0b003701 0b002e01 10000 100 162837 2003651467 393892 30292
0b001401 0b000c01 10000 100 56174 2004062924 25623 21352
0b002a01 0b001d01 10000 100 6600 2003295529 817298 817214
0b002e01 0b002301 10000 100 3088425 2003679586 448646 271415
0b000a01 0b001801 10000 100 38987 2004201495 19895 19908
0b001201 0b001f01 10001 100 44204 2004237276 16160 16189
0b000e01 0b002501 10000 100 1339 2003213970 1131345 816774
0b001b01 0b003801 10000 100 31290 2003645054 819393 819286
0b001701 0b003601 10000 100 8636 2003719679 818688 817385
0b003a01 0b002301 10000 100 1885 2004205574 593812 16798
0b003501 0b002201 10000 100 74283 2004209149 610068 22870
0b001b01 0b003c01 10000 100 191725 2004215384 849325 832735
0b002201 0b000601 10000 100 23650 2004355615 818778 818644
0b001701 0b000301 10000 100 57905 2005192641 21544 21495
0b000801 0b003901 10000 100 3626 2004448903 818795 816965
0b002401 0b003b01 10000 100 78106 2005261372 44871 23191
0b002801 0b003a01 10000 100 79829 2005340433 40710 23333
0b000c01 0b003301 10000 100 10175 2004576457 818179 817516
0b000e01 0b001c01 10000 100 33815 2005437569 19461 19475
0b002701 0b001801 10000 100 1268260 2004559292 953575 922993
0b002901 0b003a01 10000 100 46756 2005368836 146242 20560
0b002f01 0b003301 10000 100 2277419 2005152112 363086 207581
0b001f01 0b000e01 10000 100 17808 2005593971 18117 18133
0b001101 0b000701 10000 100 546763 2005554152 63500 62481
0b002c01 0b003301 10000 100 1219124 2005371082 283057 118854
0b003b01 0b002c01 10000 100 8362091 2004766005 899646 717721
0b002901 0b002b01 10000 100 2124 2005694992 4274 4341
0b001101 0b002e01 10000 100 165771 2004867862 846112 830559
0b001601 0b002501 10000 100 22417538 2002274755 3505500 2696148
0b001e01 0b000c01 10000 100 2089667 2005605121 192153 191838
0b003201 0b003401 10000 100 38909 2005859896 14708 11582
0b003e01 0b002701 10000 100 1523340 2005657497 219634 144359
0b001801 0b000601 10000 100 63517 2005870610 21957 21967
0b001b01 0b002201 10000 100 30213 2004598269 1333627 819196
0b000001 0b001101 10000 100 1610950 2006077143 167900 151702
0b002001 0b001501 10000 100 49883 2005434091 821205 820842
0b003301 0b000901 10000 100 4872 2005455538 817269 817068
0b003701 0b002601 10000 100 849646 2006268053 285636 87875
0b000401 0b000b01 10000 100 16249 2006830123 17945 13845
0b003c01 0b000f01 10000 100 125935 2006052540 827224 827218
0b001101 0b001b01 10000 100 1704211 2006699413 193401 155364
0b003001 0b001501 10000 100 63171 2006326640 824809 821959
0b000601 0b003c01 10000 100 609783 2006328880 873913 867785
0b001a01 0b002e01 10000 100 48141 2006428146 820689 820699
0b000701 0b002401 10000 100 54813 2006439840 821751 821256
0b001301 0b000201 10000 100 8472 2007295706 18244 17352
0b003201 0b002301 10000 100 23131214 2003318718 4029797 1955964
0b003101 0b002b01 10000 100 1975 2007219753 129312 16805
0b003601 0b001901 10000 100 2442691 2006155847 1374088 1021456
0b000201 0b003701 10000 100 262574 2006623155 985387 838675
0b003e01 0b001101 10000 100 64158 2006806362 822356 822042
0b003f01 0b001301 10000 100 58399 2006655112 995590 821558
0b001001 0b000b01 10000 100 3331472 2007209164 469012 295952
0b000e01 0b003b01 10000 100 3936659 2006729260 1235563 1146710
0b003601 0b000801 10000 100 1284254 2006959842 1022808 924334
0b003801 0b003601 10000 100 8141477 2007032210 989602 695063
0b001001 0b002701 10000 100 1971246 2006806312 1222285 981932
0b000701 0b002701 10000 100 73906 2007172020 864127 822856
0b003801 0b001901 10000 100 41532 2007332250 823808 820143
0b003f01 0b000e01 10000 100 79155 2007340082 823618 823299
0b000b01 0b001901 10000 100 178177 2008147618 32365 31581
0b001901 0b002301 10000 100 3419649 2006888315 1368090 1103364
0b003c01 0b003d01 10000 100 14569 2008412701 5317 5383
0b003201 0b002401 10000 100 78966 2008438310 23389 23260
0b002901 0b002801 10000 100 3777694 2008207941 321419 320883
0b003701 0b000c01 10000 100 1185 2007622985 949743 816762
0b001601 0b002401 10000 100 9436308 2006607508 2008903 1607802
0b000501 0b001601 10000 100 3510863 2007824924 805677 310991
0b002201 0b000701 10000 100 147323 2007758491 970941 829014
0b003701 0b001d01 10000 100 111269 2007953933 830699 825991
0b000201 0b002201 10000 100 1775476 2007805042 987553 965517
0b003a01 0b001b01 10000 100 459493 2008068952 893603 855185
0b002701 0b003101 10000 100 4382903 2008577959 386424 384102
0b000e01 0b001601 10000 100 31435 2009081608 21874 19277
0b002c01 0b003a01 10000 100 35025 2009159155 20206 19580
0b003401 0b001801 10000 100 4461882 2008037354 1267348 1190744
0b000d01 0b002d01 10000 100 277228 2008489468 847673 839905
0b001801 0b001301 10000 100 7349 2009325679 13111 13098
0b002a01 0b000601 10000 100 13379135 2006930043 2417516 1938370
0b000401 0b000d01 10000 100 19386816 2006809619 2636378 1637871
0b003401 0b001801 10001 100 60333 2008673583 824175 821720
0b003601 0b003801 10000 100 2764710 2009250472 396437 244274
0b000101 0b003601 10000 100 64549 2009035213 828775 822073
0b002401 0b003701 10000 100 6575824 2009256469 624836 567957
0b003401 0b002901 10000 100 29540 2009918652 19272 19118
0b001d01 0b002401 10000 100 25368 2009194212 860870 818789
0b001a01 0b002c01 10000 100 7739 2009298149 817601 817309
0b003101 0b000b01 10000 100 4530811 2008977868 1229771 1196523
0b001401 0b001001 10000 100 35365 2010240699 11277 11287
0b002a01 0b000501 10000 100 618069 2009336027 924417 868482
0b003901 0b001a01 10000 100 903486 2009363256 937759 892410
0b001701 0b000401 10000 100 38964 2010293993 20240 19906
0b001e01 0b002801 10000 100 5965 2009590376 817310 817160
0b000601 0b000401 10000 100 74078 2010509364 10318 10374
0b001801 0b001601 10000 100 90 2010813635 12091 12491
0b002901 0b002101 10000 100 1700 2010839309 12588 12623
0b001101 0b000801 10000 100 23928 2010854607 18943 18646
0b002901 0b002301 10000 100 33980 2010888618 15420 15328
0b000401 0b001201 10000 100 73724 2010903520 31061 22822
0b003701 0b001e01 10001 100 777191 2009912738 1027100 881822
0b003501 0b001801 10000 100 184453 2009962489 1030364 832126
0b001801 0b003b01 10000 100 976165 2009994773 1000428 898504
0b000401 0b000501 10000 100 1838663 2010885591 166226 158314
0b000c01 0b001601 10000 100 121531 2011094487 28172 26830
0b003601 0b001e01 10000 100 1724966 2010181166 1040171 961281
0b000301 0b003501 10000 100 4209480 2009579161 1648524 1169584
0b003c01 0b003101 10000 100 4239 2011301593 12887 12838
0b002201 0b000201 10000 100 4966231 2009908536 1489732 1233031
0b002401 0b002701 10000 100 19616 2011496363 5741 5806
0b003501 0b000c01 10000 100 73622 2010542807 968374 822833
0b001801 0b002601 10000 100 3770 2010759558 823906 816976
0b000c01 0b003d01 10000 100 1368956 2010460405 1214239 931433
0b000a01 0b003d01 10000 100 885388 2010633170 1085662 890893
0b000401 0b003501 10000 100 1303837 2010572526 1159334 925974
0b001001 0b002f01 10000 100 5738859 2009929964 1852051 1297806
0b000301 0b001a01 10000 100 16427556 2008802885 2983747 1393928
0b000301 0b001201 10000 100 32365 2011381027 487721 19355
0b002c01 0b003c01 10000 100 1268982 2011711985 161012 123031
0b000c01 0b000101 10000 100 7482 2011909660 13634 13109
0b000501 0b003801 10000 100 9247953 2008640320 3293849 1592008
0b003c01 0b000b01 10000 100 5958915 2010544916 1456541 1316255
0b000101 0b001801 10000 100 114254 2012010204 26806 26221
0b000801 0b002301 10000 100 1608723 2011005964 1156604 951536
0b002001 0b003201 10000 100 7307461 2010127638 2041390 629299
0b000a01 0b003501 10000 100 3710 2011320915 884953 816972
0b002701 0b001601 10000 100 59453 2011229564 995640 821646
0b003301 0b000401 10000 100 16007 2011348189 888953 818005
0b001701 0b000b01 10000 100 5467 2012237638 17128 17100
0b001801 0b001901 10000 100 73436 2012280966 10263 10319
0b002401 0b000801 10000 100 4786139 2010894190 1508671 1217933
0b003601 0b002c01 10000 100 38476 2012328478 80961 19867
0b002101 0b002401 10000 100 928 2012545171 8398 8398
0b002a01 0b003001 10000 100 1471875 2012417301 146474 140042
0b003601 0b003c01 10000 100 154394 2012658362 25451 25426
0b002401 0b000501 10000 100 2025 2011872410 834859 816833
0b001001 0b000b01 10001 100 140360 2012587545 130180 28410
0b001501 0b002301 10000 100 5903 2011693249 1035396 817155
0b001a01 0b001b01 10000 100 47751 2012752229 8104 8164
0b001001 0b003601 10000 100 110509 2012324650 825927 825926
0b001501 0b000301 10000 100 16013937 2009770016 3440093 1359248
0b002c01 0b001701 10000 100 8668 2012409320 817395 817388
0b001a01 0b000901 10000 100 913104 2013130222 96820 93198
0b002c01 0b000701 10000 100 1989652 2012103693 1139501 983473
0b001301 0b002701 10000 100 39261 2012424102 820295 819954
0b002501 0b000601 10000 100 8012235 2011205622 2062375 1488408
0b002b01 0b002901 10000 100 60436 2013286175 9171 9229
0b002b01 0b000001 10000 100 441157 2012333630 989396 853649
0b000501 0b002301 10000 100 57307 2012511802 831054 821467
0b003301 0b000d01 10000 100 1165965 2012320520 1024401 914414
0b001301 0b003c01 10000 100 528892 2012454594 905454 861002
0b002c01 0b002e01 10000 100 71472 2013358359 10098 10154
0b003601 0b002801 10000 100 4939615 2012893438 494133 430778
0b000601 0b003001 10000 100 3645818 2012302454 1185769 1122326
0b003001 0b001001 10000 100 117609 2012758213 826995 826521
0b002701 0b000001 10000 100 4507061 2012223049 1368526 1194535
0b001801 0b003101 10000 100 72649 2012769522 823654 822752
0b002e01 0b002b01 10000 100 14845 2013696969 9516 9565
0b001301 0b001201 10000 100 24189 2013877141 6127 6191
0b003701 0b003301 10000 100 7130 2013921648 8870 8921
0b001d01 0b000f01 10000 100 31283 2014146009 27073 19265
0b003401 0b001001 10000 100 1279532 2013261121 985575 923937
0b000e01 0b003801 10000 100 27820 2013505455 819487 818993
0b002301 0b003e01 10000 100 9868 2014356113 100243 17467
0b001e01 0b000501 10000 100 1789150 2014422469 167691 166645
0b001f01 0b002501 10000 100 998421 2013697035 982295 900369
0b000701 0b003d01 10000 100 755880 2013873826 882747 880033
0b003201 0b000801 10000 100 1625032 2013867320 953261 952906
0b000c01 0b002601 10000 100 40438 2013961144 902865 820052
0b000c01 0b003201 10000 100 973630 2014131750 900842 898290
0b001001 0b002301 10000 100 29318 2014161305 901638 819120
0b001101 0b001301 10000 100 1075403 2015012907 94428 94324
0b001401 0b002f01 10000 100 9698821 2013434122 1721666 1629809
0b002501 0b002f01 10000 100 64613 2015316308 17873 17898
0b000d01 0b003401 10000 100 72426 2014591471 823245 822734
0b000501 0b002c01 10000 100 2438090 2014370360 1045188 1021072
0b003801 0b003701 10000 100 32823 2015471970 17877 15232
0b003601 0b002901 10000 100 189088 2015113119 403845 32496
0b003401 0b001c01 10000 100 27151 2014820312 819149 818939
0b001e01 0b000601 10000 100 7593 2015852327 18065 17278
0b002a01 0b002d01 10000 100 45397 2015870360 13980 12128
0b001c01 0b003e01 10000 100 54335 2015073498 821226 821218
0b001901 0b003501 10000 100 470735 2015057414 858665 856127
0b003701 0b000401 10000 100 5347 2015160890 817267 817110
0b003501 0b001701 10000 100 604677 2015237889 867544 867357
0b002a01 0b000b01 10000 100 8375662 2014192211 1923987 1518876
0b003501 0b000601 10000 100 1735 2015351202 816789 816806
0b003401 0b000e01 10000 100 29433 2015360756 819121 819129
0b000601 0b003901 10000 100 31261 2015234986 995959 819283
0b001601 0b002801 10000 100 203641 2015460685 854767 833734
0b002f01 0b002801 10000 100 76028 2016408631 14658 14697
0b003601 0b000001 10000 100 29482 2015620139 822879 819133
0b003101 0b000601 10000 100 32523 2015803791 826094 819388
0b003701 0b002901 10000 100 22851 2016638541 18824 18556
0b003801 0b002601 10000 100 139381 2016139856 590293 28328
0b002a01 0b001f01 10001 100 132067 2015436669 1318176 827736
0b002901 0b003c01 10000 100 16530 2016372354 614938 18027
0b001b01 0b002f01 10000 100 3246819 2015310223 1730210 1088874
0b000601 0b001b01 10000 100 3204865 2016537539 584335 285336
0b000901 0b001801 10000 100 1365 2017082290 95306 16756
0b001b01 0b000a01 10000 100 2917437 2016775652 422403 261240
0b003601 0b002b01 10000 100 54798 2016645387 587412 21235
0b003801 0b000701 10000 100 9056667 2015391303 1990792 1575972
0b001701 0b002c01 10000 100 50450 2015980359 1406947 820891
0b003f01 0b003601 10000 100 163345 2017444416 33056 26177
0b003301 0b001001 10000 100 4703 2016747066 817102 817055
0b001601 0b002401 10001 100 28505 2016825305 821699 819051
0b000901 0b000801 10000 100 42602 2017649528 7672 7733
0b000601 0b002e01 10000 100 991262 2016279732 1404093 899770
0b002801 0b003401 10000 100 3299164 2016074328 1710931 293245
0b001401 0b003101 10000 100 1971814 2016809578 1005891 981977
0b000e01 0b001801 10000 100 49766 2017817586 21389 20813
0b000301 0b003901 10000 100 954 2017096505 816693 816740
0b002701 0b000701 10000 100 77794 2017175728 829689 823183
0b002a01 0b001601 10000 100 1218083 2016523573 1505771 918787
0b001701 0b001501 10000 100 1461724 2017913287 126878 126712
0b001501 0b001701 10000 100 5450 2018113517 4656 4619
0b002501 0b003501 10000 100 3798729 2017261860 910770 335126
0b001001 0b001201 10000 100 21314 2018174877 5885 5949
0b002e01 0b000f01 10000 100 26562 2016863587 1333895 818888
0b002c01 0b003601 10000 100 43142 2017637386 583327 20260
0b003301 0b002701 10000 100 1187 2018364143 16751 16742
0b003201 0b002601 10000 100 22452 2018403925 18508 18524
0b001601 0b002501 10001 100 2653464 2017414419 1044942 1039128
0b003301 0b000d01 10001 100 79506 2017678538 823489 823327
0b000901 0b001401 10000 100 3527496 2018009176 562745 312387
0b002e01 0b000501 10000 100 14622 2017155727 1429813 817887
0b003b01 0b003f01 10000 100 9394927 2017799817 797442 795990
0b000d01 0b001601 10000 100 8771 2018526400 208193 17376
0b000e01 0b000c01 10000 100 38012 2018924256 7289 7350
0b002101 0b002201 10000 100 691 2019227771 4126 4219
0b003901 0b002701 10000 100 21561 2019225925 18713 18449
0b001c01 0b003401 10000 100 148007 2018427094 834035 829072
0b000901 0b000201 10000 100 445607 2019215699 63997 49841
0b000101 0b002e01 10000 100 46808 2017983028 1361575 820585
0b002c01 0b003101 10000 100 969080 2018649520 719916 97891
0b002e01 0b001c01 10000 100 81810 2018577355 823515 823519
0b002901 0b002b01 10001 100 48502 2019499085 8168 8228
0b003f01 0b003401 10000 100 16327 2019626672 13901 13851
0b002301 0b002601 10000 100 629125 2019487778 212926 61069
0b002401 0b001d01 10000 100 791 2018887270 816646 816727
0b002301 0b002701 10000 100 4633530 2019372806 458196 396796
0b003901 0b001e01 10000 100 39638 2019070601 819993 819984
0b002f01 0b003101 10000 100 360365 2020031351 50841 46855
0b001a01 0b002301 10000 100 116616 2019256769 827477 826438
0b001201 0b000401 10000 100 1543342 2019926342 160560 146036
0b002f01 0b000d01 10000 100 1401197 2019176642 934434 934139
0b000201 0b003b01 10000 100 1938701 2019164884 985419 979201
0b002801 0b000701 10000 100 4263 2018828667 1439184 817020
0b000c01 0b000801 10000 100 493572 2020232549 49730 49702
0b000c01 0b002301 10000 100 155549 2019536769 829731 829702
0b003d01 0b002e01 10000 100 972317 2020323294 98484 98161
0b000c01 0b002d01 10000 100 79019 2019100431 1351560 823288
0b003801 0b002701 10000 100 47212 2020412086 88057 20601
0b001401 0b003d01 10000 100 42132 2019961271 822556 820195
0b000801 0b002f01 10000 100 139553 2020006289 832732 828361
0b002301 0b001201 10000 100 35203 2020173551 821956 819614
0b002e01 0b001901 10000 100 2362 2019688527 1350961 816860
0b003d01 0b000701 10000 100 1760856 2020128204 965934 964290
0b002901 0b001801 10000 100 37514 2020066727 1347930 819807
0b000601 0b001201 10000 100 41655 2021365738 54218 20133
0b002f01 0b000201 10000 100 409094 2020666558 851533 850961
0b003701 0b003601 10000 100 8733 2021531480 4827 4893
0b000e01 0b001801 10001 100 557056 2021509763 179838 63347
0b001601 0b002201 10000 100 1852391 2020737667 972266 971966
0b002601 0b003a01 10000 100 53930 2021616728 111376 21161
0b000f01 0b001301 10000 100 15657 2021731933 123877 17954
0b000e01 0b002101 10000 100 432 2020560070 1391803 816698
0b003001 0b001c01 10000 100 2860821 2020969575 1063505 1056511
0b002801 0b002501 10000 100 1122579 2021997448 107070 106598
0b000c01 0b001601 10001 100 4565537 2021193309 1119820 399416
0b002901 0b000501 10000 100 11030 2021536537 817611 817588
0b001901 0b000501 10000 100 4077 2022266601 94661 16985
0b001c01 0b003b01 10000 100 90415 2021695353 824587 824242
0b001c01 0b000401 10000 100 34607 2022529610 31124 19542
0b000801 0b002c01 10000 100 1644986 2021544930 1020203 954575
0b003601 0b002901 10001 100 1643691 2022447372 156936 154448
0b000d01 0b000801 10000 100 56821 2022539891 110484 13084
0b000601 0b002501 10000 100 1418125 2021322216 1504394 935558
0b001c01 0b003001 10000 100 63287 2022027813 825592 821968
0b003101 0b000001 10000 100 1857371 2021783446 1084926 972384
0b000b01 0b000301 10000 100 8387716 2022010620 874715 715707
0b003a01 0b000501 10000 100 8813 2022272953 817411 817399
0b002801 0b002601 10000 100 19282 2023104758 14067 14099
0b000a01 0b000301 10000 100 7851 2023109131 13104 13138
0b000301 0b001901 10000 100 29904 2023108388 20812 19147
0b000801 0b002d01 10000 100 5840 2022382858 817141 817150
0b000a01 0b003d01 10001 100 1368722 2022261006 1037713 931414
0b003c01 0b000101 10000 100 24798 2022483192 820888 818739
0b002b01 0b001701 10000 100 57454 2021995335 1321023 821479
0b002501 0b001a01 10000 100 62513 2022091470 1314824 821902
0b001401 0b002601 10000 100 5767187 2021795555 1673047 1300184
0b001501 0b003401 10000 100 21400 2022646538 827868 818456
0b000801 0b001501 10000 100 1495583 2023421191 372010 142031
0b002a01 0b001b01 10000 100 58732 2022984485 845148 821585
0b002301 0b000a01 10001 100 65597 2023030514 822286 822161
0b001501 0b001a01 10000 100 48335 2023944259 18686 16534
0b000a01 0b000301 10001 100 42606 2024010827 16024 16053
0b000301 0b000d01 10000 100 22811 2024040997 14445 14393
0b003801 0b002901 10000 100 58139 2024117992 21549 21517
0b003901 0b000201 10000 100 36027 2023232071 931494 819684
0b000e01 0b001401 10000 100 14497662 2022848755 1375359 1232125
0b000701 0b003401 10000 100 25743371 2002614256 21663953 2974986
0b000a01 0b003e01 10000 100 28582 2023460449 859850 819057
0b003201 0b003d01 10000 100 76868 2024312634 31748 18925
0b003201 0b003801 10000 100 749450 2024272000 132005 75316
0b001301 0b003901 10000 100 4262983 2023260083 1205104 1174068
0b001f01 0b002e01 10000 100 191777 2023465129 1179334 832739
0b003401 0b003d01 10000 100 886176 2024688083 87274 86780
0b001401 0b000d01 10000 100 2888832 2024343952 531974 258840
0b001c01 0b000401 10001 100 17208 2024867626 18157 18085
0b003501 0b000901 10000 100 3290980 2023810425 1103801 1092575
0b001501 0b001401 10000 100 28505 2024925345 6488 6551
0b003f01 0b003701 10000 100 55528 2024925030 17258 17137
0b001a01 0b003601 10001 100 1830664 2023916041 1062558 970144
0b001601 0b003a01 10000 100 27256 2024202025 826218 818948
0b001b01 0b001d01 10000 100 41866 2025042351 11785 11830
0b003601 0b002d01 10000 100 9295 2025222487 17412 17422
0b003201 0b001301 10000 100 1224359 2024284717 977555 919312
0b000d01 0b000301 10000 100 843159 2025213023 83945 83173
0b002901 0b000201 10000 100 13790 2024343661 1139469 817816
0b001e01 0b003901 10000 100 3258494 2024341752 1224925 1089854
0b002001 0b003b01 10000 100 28602 2023083313 2493065 19039
0b000c01 0b002c01 10000 100 160284 2024747996 830401 830100
0b002101 0b003401 10000 100 1400671 2025661443 135658 134073
0b001501 0b000601 10000 100 1103997 2025848191 110532 109199
0b003401 0b001401 10000 100 52905 2025177101 821338 821095
0b001801 0b002c01 10000 100 1243 2024852087 1154884 816767
0b001d01 0b000d01 10000 100 9662 2026020869 17542 17451
0b003901 0b000a01 10000 100 5706 2025332366 827105 817139
0b002501 0b003001 10000 100 61048 2025679418 500160 21761
0b001f01 0b002501 10001 100 535633 2024900931 1321685 861568
0b001a01 0b001201 10000 100 919444 2026163046 97960 89568
0b003201 0b002e01 10000 100 23102 2026266922 18593 18580
0b002b01 0b003e01 10000 100 1619301 2025893293 618358 152404
0b000101 0b003a01 10000 100 1573402 2025702030 987642 948576
0b003a01 0b002601 10000 100 33894 2026223159 504300 19482
0b002e01 0b002701 10000 100 247041 2026208592 590952 33195
0b000b01 0b001201 10000 100 765323 2026712324 114438 80807
0b000f01 0b000e01 10000 100 206740 2026826243 21459 21494
0b003e01 0b002401 10000 100 21188 2026955135 18467 18419
0b002501 0b000501 10000 100 165250 2025909771 1228538 830517
0b000601 0b002601 10000 100 1943898 2026180243 980010 979636
0b003701 0b002201 10000 100 133404 2027136350 27951 27826
0b001e01 0b002f01 10000 100 142 2026416655 816156 816675
0b000501 0b002a01 10000 100 9094 2026489161 817409 817425
0b002001 0b000901 10000 100 26784 2017947364 9404959 818906
0b002601 0b002701 10000 100 13668 2027450932 5308 5307
0b003e01 0b000201 10000 100 21583 2026843366 818558 818471
0b000801 0b001f01 10000 100 193631 2027650967 55634 32875
0b001801 0b000d01 10000 100 7801 2027688098 33709 17294
0b002701 0b003e01 10000 100 68349 2027148980 685883 22372
0b001801 0b001a01 10000 100 18131 2027953655 5618 5683
0b000b01 0b003001 10000 100 3651087 2026743165 1245620 1122770
0b000901 0b002a01 10000 100 87301 2027399437 823982 823982
0b001201 0b000a01 10000 100 15439 2028274475 19257 17936
0b003e01 0b003901 10000 100 63982 2028278341 16365 13684
0b002a01 0b003601 10000 100 37932 2028323512 21319 19820
0b002201 0b003b01 10000 100 66921 2027911239 542972 22250
0b000a01 0b003901 10000 100 21729 2027734687 819056 818482
0b002d01 0b000401 10000 100 1053 2027547545 1137858 816751
0b002601 0b002d01 10000 100 473142 2028642216 56224 52151
0b003f01 0b002e01 10000 100 412615 2028415767 288985 51235
0b001c01 0b002201 10000 100 1931187 2027461284 1296362 978573
0b000801 0b002c01 10001 100 1809 2027660427 1133515 816812
0b002801 0b002101 10000 100 24602 2028834030 14512 14544
0b000001 0b001001 10000 100 40502 2028789869 73104 20037
0b000401 0b001301 10000 100 1369092 2028722625 225508 131428
0b000501 0b003a01 10000 100 4674581 2027515338 1466342 1208578
0b001001 0b000801 10000 100 14161 2028903780 79233 17830
0b000201 0b003201 10000 100 51959 2028018719 1046933 821016
0b003601 0b000801 10001 100 177825 2027963374 1276918 831569
0b003501 0b002601 10000 100 7038104 2028604591 637394 606718
0b003d01 0b003201 10000 100 13603 2029342697 13683 13622
0b001901 0b003f01 10000 100 52478 2028537868 828466 821061
0b003d01 0b003c01 10000 100 28564737 2026604309 2778255 2399028
0b003101 0b002b01 10001 100 75959 2029059757 340463 23008
0b001e01 0b002b01 10000 100 577056 2028606674 865360 865044
0b000801 0b003801 10000 100 898679 2028773011 897045 892006
0b001f01 0b002901 10000 100 1906 2028554328 1122815 816820
0b003301 0b003801 10000 100 1254696 2029732719 117844 117674
0b002e01 0b002c01 10001 100 1015783 2029981083 89419 89324
0b002801 0b000601 10000 100 1889445 2029085089 999150 975073
0b003c01 0b002301 10000 100 846989 2030188828 396464 87651
0b003101 0b000f01 10000 100 37066 2029112630 1647300 819771
0b003d01 0b001f01 10000 100 1946599 2028890049 1883237 979864
0b002b01 0b000201 10000 100 4223228 2029710205 1205616 1170738
0b003601 0b003001 10000 100 19668 2030906910 9921 9970
0b000d01 0b001901 10000 100 7802805 2029661766 1278884 670827
0b003901 0b000b01 10000 100 70351 2029771064 1185038 822560
0b000301 0b003401 10000 100 4985666 2028886868 2223778 1234659
0b001901 0b003c01 10000 100 13881713 2027968916 3142630 1980503
0b001301 0b002f01 10000 100 16789 2030314583 818117 818068
0b001001 0b002b01 10000 100 16992 2030025921 1137419 818084
0b001601 0b002101 10000 100 74639 2030340988 823234 822919
0b003101 0b000f01 10001 100 2397511 2030039622 1130516 1017669
0b000901 0b003701 10000 100 201259 2030371645 836807 833536
0b002b01 0b002901 10001 100 77580 2031216292 10610 10665
0b003601 0b002301 10000 100 223407 2031053947 342176 35372
0b001701 0b001101 10000 100 7522 2031460571 8902 8952
0b000e01 0b002001 10000 100 674170 2030274039 1259294 873185
0b003f01 0b001601 10000 100 2586 2030720098 816981 816878
0b002a01 0b000101 10000 100 713554 2030422944 1242620 876486
0b001001 0b003601 10001 100 1775417 2030636401 1062835 965513
0b002501 0b003501 10001 100 44860 2031608013 186546 20401
0b003e01 0b003701 10000 100 3409 2031783906 12894 12768
0b003501 0b002d01 10000 100 30233 2031790054 19269 19177
0b001b01 0b000801 10000 100 1624388 2031820599 155675 152831
0b001e01 0b000101 10000 100 72501 2032233655 22880 22720
0b000701 0b000301 10000 100 33455 2032346333 11080 11126
0b000001 0b002801 10000 100 181985 2031337764 1138334 831917
0b000601 0b002001 10000 100 44217 2031704922 824016 820370
0b002f01 0b002d01 10000 100 5026 2032591753 4518 4585
0b001f01 0b001801 10000 100 2836 2032599026 8645 8558
0b000001 0b002401 10000 100 616873 2031908102 870256 868379
0b002e01 0b000901 10000 100 35050 2031748490 1126023 819602
0b000701 0b002501 10000 100 638559 2031680403 1209375 870198
0b000301 0b001e01 10000 100 24503 2032926148 18764 18696
0b001c01 0b001d01 10000 100 118509 2033062482 14049 14097
0b001f01 0b002501 10002 100 21663 2031180726 1982639 818477
0b002101 0b001b01 10000 100 372352 2032048378 1183688 847880
0b003001 0b002301 10000 100 1054093 2032865133 429192 105018
0b001a01 0b001e01 10000 100 12127 2033362223 9290 9340
0b002b01 0b000101 10000 100 553322 2032231976 1245713 863053
0b000401 0b002701 10000 100 6091526 2032109235 1396555 1327375
0b000001 0b001501 10000 100 1737026 2033277850 302863 162276
0b001f01 0b003c01 10000 100 5948 2032872494 941542 817158
0b002401 0b003a01 10000 100 314198 2033500076 334765 42985
0b002401 0b001601 10000 100 15835 2033082760 833780 817988
0b003601 0b002d01 10001 100 193785 2033878990 49118 32887
0b001f01 0b002601 10000 100 943401 2032097918 1862534 895757
0b001501 0b001d01 10000 100 1262284 2033775127 238698 118312
0b002401 0b001f01 10000 100 195505 2032840854 1182833 833053
0b000b01 0b001601 10000 100 837137 2033935384 90955 86828
0b000c01 0b002b01 10000 100 41504 2033097836 1123539 820141
0b001001 0b003a01 10000 100 5826736 2032683184 1593833 1305174
0b002d01 0b003d01 10000 100 73985 2034258664 23506 22842
0b000f01 0b001201 10000 100 632711 2034213584 73847 69687
0b002301 0b000301 10000 100 93262 2030009961 4295287 824481
0b000801 0b000101 10000 100 101238 2034318455 22295 20970
0b003d01 0b002f01 10000 100 44472 2034043910 342656 20370
0b000e01 0b003301 10000 100 24381 2033295949 1101977 818706
0b001b01 0b003b01 10000 100 39379 2033578192 921882 819963
0b000701 0b000401 10000 100 557052 2034571075 50888 50866
0b001001 0b001a01 10001 100 21003 2034924178 15056 14244
0b003501 0b001901 10000 100 1155137 2033984332 1063697 913510
0b001601 0b003401 10000 100 4841 2034227052 828794 817066
0b001001 0b002301 10001 100 7913503 2033211403 1865723 1480130
0b002801 0b003a01 10001 100 72671 2035096624 29060 22734
0b001901 0b000701 10000 100 34658 2035135841 19792 19547
0b001101 0b001201 10000 100 4191979 2034813150 357198 355615
0b001201 0b003701 10000 100 1010555 2034284133 986436 901386
0b002001 0b003501 10000 100 77341 2035282610 23891 23126
0b002901 0b001601 10000 100 5139 2034243433 1142123 817094
0b002001 0b001c01 10000 100 1738 2034244415 1142102 816806
0b003301 0b003801 10001 100 3723 2035386957 12758 12793
0b003b01 0b000c01 10000 100 26544 2034714741 819091 818887
0b001e01 0b000701 10000 100 50567 2035524339 44173 20881
0b000801 0b003c01 10000 100 24068 2034762843 818667 818681
0b003401 0b003101 10000 100 5294299 2034766025 875288 452196
0b003001 0b002501 10000 100 157149 2035059960 633308 29818
0b001601 0b002601 10000 100 7790624 2034162000 1599027 1469827
0b003a01 0b002301 10001 100 96218 2035914041 70811 24709
0b001f01 0b001e01 10000 100 8199 2036145799 4784 4850
0b003301 0b000001 10000 100 70239 2035365730 822638 822551
0b000f01 0b001901 10000 100 57450 2036178537 27664 21458
0b000f01 0b000201 10000 100 52389 2036351493 18863 16874
0b000701 0b002001 10000 100 240534 2035170305 1221683 836828
0b001d01 0b001001 10000 100 8921364 2035629267 773089 760449
0b002901 0b001a01 10000 100 2811802 2034949730 1623999 1052402
0b003201 0b002d01 10000 100 7619099 2035440281 1173550 655428
0b000701 0b001201 10000 100 21266 2036714502 21741 18425
0b000401 0b002c01 10000 100 37506 2035930941 823151 819806
0b002c01 0b002e01 10001 100 978754 2036682995 86308 86219
0b001601 0b000901 10000 100 23361 2036803502 20891 18601
0b000401 0b002001 10000 100 48074 2036180880 824331 820694
0b003f01 0b002701 10000 100 4513892 2035899516 1267370 395085
0b000501 0b003201 10000 100 44261 2036051744 1244486 820373
0b000201 0b000701 10000 100 3841 2037301134 8675 8642
0b002401 0b003801 10000 100 4988 2035288705 2172990 17058
0b003801 0b003501 10000 100 8845393 2036687138 790704 754080
0b001301 0b000a01 10000 100 8944155 2036592748 978250 766521
0b001901 0b002f01 10000 100 54053 2036768356 828280 821195
0b003001 0b002b01 10000 100 2377729 2036408105 1189429 215989
0b000f01 0b002c01 10000 100 10972 2036629529 1131262 817580
0b000201 0b000d01 10000 100 125953 2037819738 23372 23040
0b003d01 0b003101 10000 100 3558327 2037243499 603092 310812
0b001e01 0b000201 10000 100 62307 2037906866 52962 21866
0b001901 0b001d01 10000 100 227812 2038068254 27826 27420
0b000401 0b001c01 10000 100 7133 2038172972 30314 17241
0b002401 0b002c01 10000 100 2530 2038033190 367601 12693
0b002f01 0b000701 10000 100 4669 2037397578 1025395 817052
0b003601 0b000601 10000 100 4384872 2037093766 1355916 1184288
0b001301 0b003101 10000 100 1954621 2036882454 1623113 980536
0b003401 0b003f01 10000 100 4666560 2038099603 411605 403726
0b001301 0b002701 10001 100 448383 2037182588 1433565 854254
0b000c01 0b001901 10000 100 18389618 2034826196 3793792 1558427
0b000001 0b000e01 10000 100 598665 2038577698 91533 62673
0b003f01 0b003601 10001 100 47257 2038678197 213534 16444
0b002201 0b000e01 10000 100 198518 2038150191 898428 833305
0b000e01 0b002c01 10000 100 9245 2038314944 818554 817438
0b002901 0b003701 10000 100 1535447 2038281968 1059619 145374
0b001b01 0b001c01 10000 100 38104 2039463426 11472 11518
0b003101 0b001f01 10000 100 8706788 2036101858 3558990 1546637
0b000c01 0b000101 10001 100 8558 2039653221 13165 13199
0b002901 0b000601 10000 100 4982996 2038088989 1622226 1234434
0b001701 0b001401 10000 100 1167359 2039626418 102178 102033
0b003701 0b002001 10000 100 17006983 2035715392 4022472 1442505
0b000001 0b003a01 10000 100 11482 2038927299 819268 817624
0b000601 0b002b01 10000 100 42160 2038801836 1233295 820197
0b003701 0b001f01 10000 100 2469 2039040214 1113731 816869
0b002e01 0b000801 10000 100 308684 2038398280 1975061 842541
0b001301 0b001c01 10000 100 355220 2040377691 42286 42264
0b002d01 0b000601 10000 100 3407 2039689210 817331 816947
0b003f01 0b003a01 10000 100 1529851 2040503324 187569 136583
0b001201 0b002601 10000 100 18570879 2037824105 2952378 2373642
0b000901 0b002c01 10000 100 359476 2039374314 1407327 846800
0b000201 0b000e01 10000 100 1710142 2040620189 163963 155861
0b002401 0b001b01 10000 100 72134 2039454555 1333105 822711
0b003b01 0b002d01 10000 100 9595480 2037701878 3089328 821127
0b002f01 0b003401 10000 100 16838 2040161873 631227 18052
0b000b01 0b000e01 10001 100 28183 2040892354 12956 10686
0b001001 0b003b01 10000 100 42162 2040121624 822435 820198
0b000b01 0b002401 10000 100 4842376 2038900722 2044341 1222647
0b000801 0b001301 10000 100 3374488 2040674275 305827 299559
0b003401 0b002901 10001 100 505 2041179501 24415 16684
0b001f01 0b002f01 10000 100 78334 2039648446 1590375 823230
0b003601 0b002301 10001 100 22413 2040960119 366205 18521
0b000c01 0b003201 10001 100 1233604 2040376825 1023819 920086
0b000c01 0b002b01 10001 100 769394 2040083292 1430474 881168
0b000601 0b000a01 10000 100 26703 2041539825 14940 14719
0b000b01 0b003a01 10000 100 13109 2040788196 825659 817762
0b001301 0b002e01 10000 100 7699 2039806355 1823082 817306
0b000c01 0b003001 10000 100 6962 2040832012 834542 817243
0b002e01 0b001001 10000 100 14417 2040870597 877865 817870
0b003701 0b002701 10001 100 82823 2041318728 436358 23584
0b002d01 0b001801 10000 100 3936135 2040556590 1214708 1146668
0b002901 0b000201 10001 100 264057 2040435921 1432017 838802
0b001801 0b003a01 10000 100 56359 2041110800 822039 821387
0b001601 0b001a01 10000 100 380311 2041943553 53947 44367
0b000e01 0b003a01 10000 100 18422 2041208414 818954 818206
0b003301 0b002501 10000 100 6317 2040665215 1367059 17172
0b003601 0b001701 10000 100 1315380 2041169428 961078 926943
0b001401 0b002a01 10000 100 68423 2040920783 1232988 822398
0b000101 0b001f01 10000 100 1500185 2042025194 143283 142418
0b000201 0b000301 10000 100 243813 2042247800 24585 24602
0b000d01 0b002f01 10000 100 6141406 2040367252 1910672 1331557
0b001101 0b002b01 10000 100 2716399 2040857142 1529661 1044405
0b000d01 0b003001 10000 100 16300 2041599097 818742 818029
0b000401 0b000501 10001 100 34437 2042424725 6987 7049
0b000a01 0b002201 10000 100 59016 2041483599 959478 821611
0b001501 0b002101 10000 100 29301 2040605773 1840146 819119
0b003d01 0b000601 10000 100 7968520 2036063933 6433186 1484742
0b000e01 0b002801 10000 100 1608714 2041644185 952423 951535
0b001f01 0b001701 10000 100 5385 2042716015 12899 12933
0b001401 0b001e01 10001 100 47346 2042787957 16508 16452
0b000d01 0b000901 10000 100 1376887 2042690456 138039 123758
0b001601 0b001301 10000 100 163741 2042824663 22023 22049
0b001401 0b003801 10000 100 4742 2042137431 817343 817058
0b001e01 0b002e01 10000 100 912806 2042164421 894149 893190
0b001301 0b003e01 10000 100 1763 2042287369 816791 816808
0b003301 0b001501 10000 100 52626 2042329849 822827 821073
0b000401 0b001e01 10000 100 5498 2043270256 17084 17102
0b003001 0b002e01 10000 100 8057 2043287741 17355 17319
0b002401 0b000c01 10000 100 174576 2042244361 1153517 831298
0b003901 0b000801 10000 100 12180878 2037430195 5977775 1837905
0b003d01 0b001401 10000 100 27586 2042610085 819045 818974
0b001e01 0b000e01 10000 100 31608 2043455096 19361 19291
0b000201 0b000801 10000 100 60883 2043778305 17624 17584
0b001901 0b000901 10000 100 10073 2043960846 25194 17488
0b003601 0b001001 10000 100 24517 2043169363 819229 818717
0b001e01 0b000501 10001 100 22533 2044019957 20314 18530
0b000401 0b002d01 10000 100 183339 2043218396 832053 832033
0b000201 0b001301 10000 100 57031 2044037648 31706 21425
0b003601 0b001201 10000 100 77392 2043267498 824258 823150
0b001901 0b001f01 10000 100 38889 2044106704 11616 11580
0b003401 0b002401 10000 100 33608 2044291120 19776 19459
0b003901 0b000a01 10001 100 79687 2043532490 830256 823342
0b001d01 0b003401 10000 100 57352 2043701224 830620 821470
0b001701 0b000201 10000 100 7421993 2043925477 661368 638899
0b001d01 0b002601 10000 100 1186146 2043686190 922182 916109
0b001301 0b003e01 10001 100 60678 2043861351 821744 821748
0b001301 0b000001 10000 100 70891 2044668903 22659 22583
0b001601 0b003e01 10000 100 49451 2043874580 820881 820808
0b000001 0b002401 10001 100 2934 2043892860 817060 816906
0b002d01 0b002f01 10000 100 13680 2045104310 5242 5308
0b003801 0b002701 10001 100 170697 2044313809 849593 30952
0b002501 0b002701 10000 100 6700 2045191405 5136 4722
0b003e01 0b002901 10000 100 1619373 2044818205 488489 152410
0b000d01 0b002f01 10001 100 4630 2044263044 1122694 817049
0b001501 0b002901 10000 100 67865 2044576401 822364 822350
0b003b01 0b002d01 10001 100 621214 2045032614 380598 68725
0b000401 0b003e01 10000 100 1599831 2044392194 1046400 950790
0b000b01 0b003101 10000 100 954553 2044576321 1007736 896691
0b002a01 0b003601 10001 100 58459 2045588151 25666 21543
0b001b01 0b003101 10000 100 75178 2045126299 827752 822966
0b000701 0b003201 10000 100 2250229 2045162159 1019603 1005322
0b003e01 0b003c01 10000 100 35269 2046306659 7057 7119
0b000e01 0b001401 10001 100 27320 2046414686 19109 18933
0b001601 0b003e01 10001 100 14641 2045679011 818125 817888
0b001d01 0b000201 10000 100 20769 2046574920 18617 18382
0b002601 0b002401 10000 100 2471859 2046646056 215944 211401
0b003701 0b001701 10000 100 8454 2046105466 817438 817370
0b001601 0b000901 10001 100 24959 2047011748 27838 18732
0b000f01 0b001901 10001 100 2165784 2046830731 217783 198220
0b000f01 0b003e01 10000 100 39748 2046291092 820853 819993
0b000c01 0b003601 10000 100 23812 2046417900 818643 818657
0b001301 0b001e01 10000 100 48021 2047296622 16482 16509
0b002101 0b001001 10000 100 12617 2046612446 818194 817719
0b003401 0b002501 10000 100 7839 2047684851 17509 17297
0b000701 0b002201 10000 100 915158 2046607846 1098678 893390
0b000301 0b002901 10000 100 31936 2046457418 1257778 819337
0b003801 0b002c01 10000 100 1040443 2047304110 473018 103872
0b000501 0b003a01 10001 100 3951062 2046565697 1221055 1147920
0b001a01 0b000201 10000 100 49341 2047771056 20884 20779
0b002f01 0b000501 10000 100 1426412 2046181768 1731085 936252
0b001f01 0b000601 10000 100 70291 2048044807 23498 22535
0b000501 0b003901 10000 100 43515 2047477828 822498 820310
0b001f01 0b000f01 10000 100 29592 2048283658 19527 19122
0b003901 0b001401 10000 100 1046211 2047462132 905630 904377
0b002301 0b002e01 10000 100 1594572 2048271665 152745 146170
0b002301 0b000501 10001 100 6707179 2046649501 1779671 1378993
0b000d01 0b000b01 10000 100 70253 2048424928 14172 14212
0b000b01 0b003101 10001 100 39726 2047700299 821847 819991
0b002801 0b002201 10000 100 161337 2048117588 571079 26009
0b002201 0b003001 10000 100 1192 2048890262 16743 16743
0b003b01 0b002801 10000 100 22978 2048997788 18696 18566
0b000a01 0b002801 10000 100 943914 2048438700 897545 895798
0b003301 0b001a01 10000 100 22781 2048650115 818786 818570
0b002201 0b000701 10001 100 1705942 2048481896 1010096 959686
0b001c01 0b003e01 10001 100 75056 2048751194 822950 822956
0b002901 0b002101 10001 100 621719 2049450900 148929 64606
0b003301 0b001e01 10000 100 11098 2048914754 817891 817593
0b003301 0b001b01 10000 100 78734 2048950457 824662 823262
0b002e01 0b000101 10000 100 8212 2048697858 1274010 817351
0b000a01 0b001001 10000 100 2849079 2049599127 527249 255510
0b003501 0b001001 10000 100 33867 2049401746 822265 819499
0b002801 0b000c01 10000 100 4261458 2046210529 4067797 1173942
0b001b01 0b002f01 10001 100 101629 2049052802 1227969 825182
0b003c01 0b000f01 10001 100 4646 2049536629 817254 817050
0b002a01 0b000f01 10000 100 859356 2048934631 1420824 888710
0b000d01 0b001601 10001 100 807546 2050178407 215875 84346
0b002d01 0b001101 10000 100 20163 2049574568 852290 818353
0b001301 0b000301 10000 100 47965 2050495547 39310 20661
0b003b01 0b003601 10000 100 11990 2050626092 13871 13485
0b001401 0b003201 10000 100 4017819 2049231466 1446296 1153514
0b003e01 0b002901 10001 100 43075 2050476543 323375 20254
0b002801 0b000301 10000 100 7667315 2045320951 5510923 1459490
0b000a01 0b003301 10000 100 1305 2050017157 818613 816772
0b000d01 0b002c01 10000 100 5941 2050025022 817229 817158
0b001301 0b002301 10000 100 3766388 2049596569 1253385 1132436
0b003801 0b003c01 10000 100 9255 2050949242 9048 9098
0b000f01 0b000601 10000 100 7818 2051080252 13101 13136
0b001b01 0b003001 10000 100 4235721 2049898338 1236209 1171783
0b000b01 0b000601 10000 100 22555 2051301527 14368 14372
0b002101 0b001001 10001 100 7864 2050091316 1226835 817319
0b003d01 0b000f01 10000 100 4446 2050757096 817095 817034
0b001e01 0b003d01 10000 100 22169 2050821427 832685 818521
0b000e01 0b002501 10001 100 7302 2050830291 844333 817274
0b002501 0b000a01 10000 100 132599 2050564060 1154032 827778
0b003301 0b001501 10001 100 367834 2050911021 942026 847499
0b002301 0b000a01 10000 100 421716 2017911235 34036309 852017
0b003801 0b001101 10000 100 23274 2051133110 875851 818614
0b002801 0b003601 10000 100 1872631 2051636939 391072 173642
0b003901 0b003d01 10000 100 83263 2052093795 18080 15303
0b000b01 0b001301 10000 100 1978042 2051909466 286901 182482
0b003301 0b001801 10000 100 1726534 2051146636 1103153 961414
0b001601 0b002d01 10000 100 9870831 2050243910 2013814 1644231
0b003201 0b003a01 10000 100 9015658 2051094995 1200598 768354
0b001b01 0b000601 10000 100 7176894 2051697095 641263 618351
0b002901 0b001301 10000 100 19635352 2049214828 3143365 2462890
0b001d01 0b003601 10000 100 127539 2051604501 832408 827354
0b001001 0b002901 10000 100 2691303 2051042134 1406954 1042301
0b001901 0b003f01 10001 100 23757 2051683401 820019 818652
0b002101 0b003c01 10000 100 89451 2052472235 31676 24141
0b003201 0b000701 10000 100 6286 2051719782 817660 817189
0b002001 0b003801 10000 100 47211 2052474601 129581 20601
0b001401 0b002801 10000 100 22645 2051786534 825174 818559
0b001701 0b003d01 10000 100 3399014 2051153369 1507652 1101637
0b003701 0b003e01 10000 100 775767 2052657223 77861 77521
0b001f01 0b001c01 10000 100 8717829 2052021614 792502 735063
0b003201 0b003f01 10000 100 1908028 2052765399 174218 172452
0b000b01 0b002801 10000 100 4873681 2051373942 1568952 1225270
0b003901 0b003401 10000 100 881635 2052895857 116911 86397
0b000501 0b003301 10000 100 1253937 2052147838 931824 921790
0b000701 0b002c01 10000 100 1781035 2051796340 1298854 965985
0b001c01 0b000701 10000 100 28727 2053115888 33672 19049
0b002e01 0b000101 10001 100 212929 2052317255 845964 834512
0b003001 0b003501 10000 100 620219 2053193756 112436 60322
0b003001 0b003201 10000 100 1313916 2053184587 168046 114319
0b000701 0b000d01 10000 100 37055 2053343180 18829 15590
0b002001 0b001801 10000 100 3562331 2052073551 1318236 1115328
0b003801 0b002a01 10000 100 925196 2053046086 403291 94211
0b000301 0b001c01 10000 100 2276979 2052621144 836676 207542
0b002e01 0b002601 10000 100 4938 2052826532 667401 12894
0b001901 0b000601 10000 100 16995 2053533051 18048 18064
0b002c01 0b001201 10000 100 175611 2052780370 878180 831384
0b001001 0b002301 10002 100 190277 2052905442 833164 832615
0b001a01 0b002801 10000 100 15363 2052656110 1122640 817950
0b001201 0b000e01 10000 100 83884 2053690952 129862 23673
0b000a01 0b000501 10000 100 526699 2053646612 199136 56639
0b000701 0b000501 10000 100 8094045 2053316192 742268 682768
0b001801 0b001501 10000 100 47507 2054093704 16570 16464
0b001f01 0b003801 10000 100 1172377 2053162052 1130944 914954
0b000a01 0b001001 10001 100 79735 2054352270 23411 23326
0b000401 0b002e01 10000 100 649354 2053194545 1233985 871104
0b002b01 0b000801 10000 100 1952085 2053652811 993612 980326
0b003201 0b001001 10000 100 310823 2053452164 1364179 842720
0b002701 0b003201 10000 100 721409 2054391091 513201 77125
0b000401 0b001301 10001 100 8804 2054997742 17720 17378
0b000b01 0b002a01 10000 100 9655793 2053070749 2031261 1626202
0b003901 0b003401 10001 100 20797 2055096245 15482 14224
0b000001 0b001901 10000 100 2607 2055144046 16896 16860
0b002e01 0b003201 10000 100 49385 2054631407 748428 20782
0b002101 0b001c01 10000 100 769907 2054527857 919717 881209
0b000101 0b001101 10000 100 287 2055464175 16527 16666
0b000101 0b002b01 10001 100 29400 2054809790 819135 819127
0b001b01 0b002a01 10000 100 4842650 2054090738 1643483 1222669
0b003401 0b000401 10000 100 31324 2054149817 1622113 819288
0b002501 0b000001 10000 100 929533 2054712383 1065797 894593
0b000101 0b002b01 10000 100 50996 2054622263 1270891 820935
0b001901 0b001801 10000 100 67845 2055889509 9852 9848
0b002801 0b001001 10000 100 6578 2054747857 1219227 817213
0b000001 0b000201 10000 100 4937014 2055560716 420905 418083
0b002701 0b002d01 10001 100 63959 2055961625 23320 17842
0b002301 0b001801 10000 100 38730 2055207537 821787 819908
0b002401 0b000c01 10001 100 189214 2055312778 837022 832526
0b000701 0b001001 10000 100 26997 2056162427 18892 18903
0b001901 0b001101 10000 100 6614 2056223161 13096 13036
0b001d01 0b002301 10000 100 49984 2055508458 820959 820850
0b002a01 0b002d01 10001 100 34823 2056403764 14066 11240
0b002801 0b002d01 10000 100 1362085 2056383872 125613 122520
0b000f01 0b003201 10000 100 961126 2054710789 1808209 897244
0b002a01 0b000c01 10000 100 3368 2055729640 816927 816944
0b000d01 0b000001 10000 100 37322 2056563640 15666 15611
0b003401 0b003d01 10001 100 1970876 2056575163 182674 177718
0b000f01 0b000901 10001 100 148045 2056799955 20708 20735
0b003301 0b002201 10000 100 22156 2056042433 974847 18500
0b000201 0b000b01 10000 100 1396014 2056912300 133073 129525
0b003e01 0b002d01 10000 100 24086 2056170134 953846 18662
0b001d01 0b002001 10000 100 23948 2055540263 1586744 818668
0b002b01 0b001601 10000 100 1859005 2056142439 994642 972522
0b003501 0b001601 10000 100 49764 2055155496 2021743 820833
0b001c01 0b001301 10000 100 2264 2057171190 12660 12672
0b000101 0b003601 10001 100 8434065 2055363625 1912075 1523775
0b000b01 0b000f01 10000 100 43000 2057427045 11964 11925
0b000001 0b000a01 10000 100 184303 2057584016 27987 27934
0b003401 0b003701 10000 100 589605 2057590804 53620 53594
0b002c01 0b001101 10000 100 6283 2056830011 817173 817189
0b001f01 0b003f01 10000 100 75934 2056083722 1698930 823026
0b000201 0b001e01 10000 100 3926 2057784435 53841 16969
0b002001 0b000501 10000 100 25626 2057041294 819052 818809
0b001501 0b003401 10001 100 23950515 2053160512 4716953 2824673
0b002f01 0b002201 10000 100 78989 2057953470 19167 19102
0b000201 0b002b01 10000 100 1601743 2057026140 956141 950951
0b003601 0b001a01 10000 100 27044 2057278945 819126 818931
0b001301 0b002c01 10000 100 2338 2057059665 1184424 816858
0b003201 0b001e01 10000 100 90679 2057709857 825988 824263
0b003d01 0b003501 10000 100 50862 2058612225 17296 16744
0b000a01 0b000001 10000 100 52646 2058701230 21152 16895
0b001101 0b000301 10000 100 6349 2058737144 17216 17174
0b003b01 0b001801 10000 100 29269 2057979040 819962 819116
0b001501 0b003801 10000 100 11742 2057986500 817974 817645
0b002e01 0b003a01 10000 100 75761 2058465482 481844 22992
0b000b01 0b001301 10001 100 8471971 2057513009 1575953 726930
0b000301 0b002201 10000 100 8254538 2057759835 1747750 1508722
0b001401 0b000a01 10000 100 1425091 2059238654 458712 136123
0b000901 0b001c01 10000 100 1811744 2059325056 632458 168537
0b001401 0b001f01 10000 100 43225 2060061988 16078 16106
0b001801 0b003801 10000 100 60283 2059225647 904952 821716
0b003601 0b001801 10000 100 1235165 2058920051 1271454 920219
0b000f01 0b002401 10000 100 37096 2059197698 1106094 819773
0b003a01 0b001e01 10000 100 3793293 2058918334 1407381 1134692
0b003301 0b001601 10000 100 6357 2059454764 998093 817195
0b003b01 0b003c01 10000 100 48340 2060508319 13337 12375
0b001601 0b000a01 10000 100 4393 2060354171 264339 17010
0b003b01 0b000201 10000 100 24733 2059505102 1117716 818734
0b001c01 0b001501 10000 100 3299 2060693849 12816 12759
0b000f01 0b003401 10000 100 3163497 2059585898 1161129 1081889
0b002101 0b002801 10000 100 2858739 2060458113 406107 252157
0b000501 0b003a01 10002 100 49990 2059850078 1139383 820851
0b003c01 0b001901 10000 100 1339112 2059620186 1500005 928934
0b002c01 0b001b01 10000 100 243083 2060565595 847247 837043
0b002601 0b002401 10001 100 13642 2061456707 5323 5305
0b002a01 0b000701 10000 100 2937149 2060291604 1280226 1062913
0b002001 0b002401 10000 100 2951212 2060823405 771716 255752
0b003501 0b000501 10000 100 75543 2059979589 1656272 822995
0b001901 0b002301 10001 100 33893 2060978577 819636 819502
0b003101 0b003b01 10000 100 67045 2061888699 20766 18104
0b001f01 0b001701 10001 100 872392 2061829300 135742 85623
0b001901 0b001b01 10000 100 1290106 2062058348 114912 112325
0b001b01 0b000601 10001 100 1752521 2061685629 621581 163573
0b001801 0b002e01 10000 100 7570 2061492138 817452 817296
0b003801 0b001401 10000 100 2343394 2060067556 2280681 1013132
0b000e01 0b000001 10000 100 41289 2062373011 97870 15944
0b002e01 0b001901 10001 100 9516247 2055322163 7178138 1614505
0b000d01 0b000001 10001 100 6046 2062509110 13040 12990
0b000001 0b001d01 10000 100 42918 2062537885 106216 20238
0b002001 0b001401 10000 100 24171 2061887449 823186 818689
0b000601 0b000901 10000 100 67258 2062725556 18097 18121
0b003801 0b002d01 10000 100 3134484 2061968202 776476 279437
0b001e01 0b001301 10000 100 6158998 2062211341 541868 528850
0b001501 0b001c01 10000 100 32380 2062767773 17087 15197
0b000501 0b000e01 10000 100 17862 2062830411 14085 13978
0b003201 0b000a01 10000 100 716809 2060212001 2688506 876758
0b001b01 0b001101 10000 100 28419 2062896970 14833 14864
0b001801 0b000801 10000 100 3396 2062890889 114093 16927
0b003901 0b000801 10001 100 196999 2061571808 1483331 833176
0b000a01 0b001b01 10000 100 295972 2062892205 267501 41454
0b000301 0b001501 10000 100 59884 2063050274 198716 21661
0b001901 0b003201 10000 100 56123 2060923328 2343618 821368
0b001201 0b002001 10000 100 583559 2061327883 1949251 865587
0b001501 0b003701 10000 100 474722 2060926203 2397627 856461
0b000601 0b000901 10001 100 55450 2063567224 142984 17131
0b001f01 0b000201 10000 100 12202 2063751314 17776 17666
0b003b01 0b000401 10000 100 801617 2060840797 3153160 883869
0b000601 0b002201 10001 100 723219 2063030248 1086255 877297
0b000e01 0b002401 10000 100 3294 2062746616 1408024 816938
0b002701 0b002301 10000 100 114517 2064184836 18309 17922
0b003b01 0b001001 10000 100 24886 2061253831 2961398 818746
0b001501 0b002601 10000 100 1491989 2063122098 1098440 941748
0b001a01 0b003401 10000 100 41298 2061307052 2925410 820125
0b003f01 0b003d01 10000 100 8620757 2063194463 1052923 726925
0b001001 0b002601 10000 100 13951 2063141621 1289351 817829
0b000e01 0b001f01 10000 100 67411 2064166117 275424 22294
0b001d01 0b002d01 10000 100 9805 2063657091 949887 817482
0b001401 0b001c01 10000 100 1083367 2064464795 178377 103311
0b000d01 0b000601 10000 100 3337338 2064181877 588587 292284
0b001b01 0b000a01 10001 100 3442181 2064239349 548390 305235
0b001201 0b001a01 10000 100 575051 2064726762 100322 60695
0b001f01 0b003701 10000 100 6487 2061776558 3140393 817205
0b002601 0b002801 10000 100 24997 2064519339 547502 14575
0b002f01 0b003501 10000 100 7815 2065251995 20305 17295
0b003401 0b002401 10001 100 113 2062174913 3155664 16652
0b003001 0b003901 10000 100 60830 2065315947 22593 17580
0b002001 0b001d01 10000 100 7038563 2061383172 4080272 1406774
0b002501 0b001e01 10000 100 41778 2062794867 2687449 820163
0b003701 0b001701 10001 100 63332 2061988627 3571694 821972
0b003a01 0b001001 10000 100 1019159 2064528688 1072582 902109
0b003b01 0b001a01 10000 100 24748 2064958354 821482 818735
0b001801 0b002301 10000 100 2984 2065039902 816982 816910
0b003701 0b000601 10000 100 110767 2061857809 4139632 825947
0b000801 0b003801 10001 100 6804546 2060966790 5218080 1387154
0b001401 0b003d01 10001 100 59146 2065268124 943622 821622
0b000f01 0b002d01 10000 100 75853 2065381991 880226 823020
0b000101 0b001a01 10000 100 8792018 2064659423 1766910 753766
0b003d01 0b003801 10000 100 5126 2066674013 8748 8753
0b003301 0b000501 10000 100 59915 2062850843 3915066 821683
0b000b01 0b001f01 10000 100 28684850 2060297134 6782014 2421578
0b000401 0b001501 10000 100 20152 2067196939 18400 18332
0b003301 0b001101 10000 100 6520402 2065124986 2110606 1363332
0b002b01 0b001501 10000 100 7196947 2062330864 4936896 1420052
0b001d01 0b002801 10000 100 1602035 2066405261 952759 950978
0b003301 0b003c01 10000 100 54114 2067343435 17077 17020
0b002401 0b000b01 10000 100 14678 2055328274 12463777 817891
0b003201 0b002b01 10000 100 64939 2067818630 22079 22084
0b002801 0b003301 10000 100 43040 2064530189 3463243 20252
0b003c01 0b000801 10000 100 6084 2067261998 817177 817173
0b001601 0b001b01 10000 100 27208 2068072336 16330 14764
0b003f01 0b002501 10000 100 9321215 2067362795 826093 798133
0b000c01 0b001a01 10000 100 3502108 2067890476 422034 310260
0b003701 0b003e01 10001 100 12889 2068313767 14168 13561
0b002f01 0b002301 10000 100 190677 2067828747 554249 28467
0b001101 0b001a01 10000 100 2257 2068425937 12637 12672
0b003701 0b002f01 10000 100 44878 2064475541 4069287 20403
0b002901 0b000c01 10000 100 7604 2067527788 1122598 817299
0b003901 0b002b01 10000 100 1431298 2064909968 3760819 136642
0b002e01 0b002101 10000 100 6127014 2068087912 595868 526172
0b003301 0b000301 10000 100 54276 2064395307 4470664 821213
0b000901 0b002001 10000 100 777284 2067995478 952321 881830
0b000a01 0b003d01 10002 100 29707692 2057728592 11347048 3307354
0b003a01 0b001801 10000 100 32904 2064845227 4465950 819419
0b000601 0b001601 10000 100 179064 2069309791 44586 31656
0b002f01 0b002d01 10001 100 9285 2069367638 4875 4941
0b000201 0b003c01 10000 100 72586 2068573530 823240 822747
0b000001 0b003e01 10000 100 24474 2065025995 4415934 818713
0b003e01 0b002901 10002 100 784087 2068954509 543599 82381
0b003201 0b003e01 10000 100 9312 2069500716 13993 13263
0b000c01 0b001d01 10000 100 7580503 2062319770 7199046 652191
0b003101 0b003c01 10000 100 44994 2069595201 20507 16252
0b002a01 0b001b01 10001 100 55745 2068832508 823766 821334
0b002201 0b001601 10001 100 59351 2064193901 5478649 821638
0b003c01 0b000f01 10002 100 34523 2065178283 4518527 819556
0b001101 0b002f01 10000 100 69967 2068942285 828394 822526
0b000501 0b003501 10000 100 2200827 2068694589 1150042 1001178
0b002101 0b002501 10000 100 9049 2069937443 9392 9082
0b001c01 0b003c01 10000 100 4026011 2068733765 1314113 1154204
0b000801 0b003201 10000 100 6458161 2064890180 5324086 1358115
0b003201 0b003701 10000 100 75687 2070573346 14627 14666
0b003301 0b002901 10000 100 6498 2070333741 321118 17186
0b003a01 0b000701 10000 100 2030221 2065556898 5168165 986876
0b000901 0b000e01 10000 100 3378686 2070499273 296111 291590
0b000701 0b002301 10000 100 57745 2069630872 1176738 821502
0b001301 0b003a01 10000 100 37429 2070091210 819840 819800
0b003501 0b002401 10002 100 52768 2069602874 1363377 21064
0b001701 0b000701 10000 100 19718915 2069092633 1877226 1669874
0b003b01 0b002901 10000 100 25337 2071132191 18787 18766
0b001001 0b002b01 10001 100 24715 2070402634 818745 818733
0b003c01 0b003501 10000 100 767393 2071248369 124871 76820
0b003e01 0b002d01 10001 100 57524 2071359116 21482 21464
0b001501 0b002c01 10000 100 1507897 2070383018 1069966 943082
0b000c01 0b003101 10000 100 18810446 2059917818 11635646 2393729
0b002101 0b003f01 10000 100 16304 2057953336 13606280 18009
0b000101 0b003501 10000 100 3154 2066799813 4760310 816927
0b002201 0b002d01 10000 100 16389 2071576211 13823 13856
0b000701 0b002801 10000 100 6010856 2069930965 1700322 1320610
0b000601 0b003601 10000 100 11115 2066999433 4684932 817595
0b000501 0b001601 10001 100 75111 2071682181 23185 22940
0b002901 0b001601 10001 100 37860 2070606198 1141048 819834
0b003201 0b002801 10000 100 9968 2067634255 4114953 17475
0b003501 0b000801 10000 100 153528 2071165727 830371 829533
0b001701 0b003701 10000 100 714546 2067332724 4714765 876569
0b000701 0b003401 10001 100 79328 2071258684 824437 823313
0b002801 0b001801 10000 100 30332 2071277307 819277 819205
0b001e01 0b002101 10000 100 1925 2071531409 816972 816821
0b001b01 0b003701 10000 100 172801 2067732749 4648777 831148
0b003101 0b001501 10000 100 24234 2068287730 4244266 818694
0b001c01 0b000d01 10000 100 188975 2072501439 49509 32483
0b003a01 0b001701 10000 100 949496 2071859970 976523 896267
0b003201 0b000c01 10000 100 756201 2068668240 4185191 880062
0b001d01 0b003401 10001 100 39485 2068914876 4215036 819972
0b000701 0b000f01 10000 100 126463 2073113501 23069 23084
0b002401 0b002101 10000 100 20844246 2071421212 1834518 1755904
0b003601 0b000301 10000 100 45298 2072524153 825529 820460
0b002a01 0b003c01 10000 100 120586 2072994012 362926 26751
0b003a01 0b000a01 10000 100 1520683 2069252956 4202379 944155
0b001a01 0b001f01 10000 100 8814844 2072657845 815324 747357
0b000201 0b001b01 10000 100 2823 2073460176 18187 16877
0b001f01 0b002f01 10001 100 12061 2072386121 1126237 817674
0b001801 0b003301 10000 100 1147489 2072546276 996017 912867
0b000e01 0b003801 10001 100 26616 2072759131 819984 818892
0b001e01 0b001801 10000 100 8848735 2072691277 896303 750198
0b000a01 0b003401 10000 100 2583422 2072346677 1283523 1033256
0b002801 0b000c01 10001 100 22578 2072578378 1128321 818554
0b000a01 0b003c01 10000 100 1097211 2072571051 1151533 908653
0b001601 0b002c01 10000 100 43303 2072921855 820288 820293
0b001401 0b001301 10000 100 1405279 2073817727 131508 126141
0b001901 0b001d01 10001 100 27396 2073958230 12799 10619
0b003c01 0b002a01 10000 100 28104 2070842113 3132742 18999
0b003301 0b000b01 10000 100 7939 2073032994 941966 817325
0b000601 0b003701 10000 100 72348 2070173986 3834230 822728
0b002501 0b001401 10000 100 5390 2073250575 818074 817114
0b002d01 0b001a01 10000 100 1296020 2073138543 1004443 925322
0b001901 0b000a01 10001 100 4475 2074214261 108807 17017
0b003201 0b000201 10000 100 4576987 2072908764 1452815 1200394
0b000b01 0b003901 10000 100 47866 2073592294 823110 820673
0b000d01 0b002301 10000 100 1224728 2073539896 1011450 919342
0b002701 0b003201 10001 100 408002 2066578493 7977299 50850
0b001501 0b003c01 10000 100 1615 2073786414 943101 816796
0b000901 0b002901 10000 100 17993 2073923326 827529 818168
0b000e01 0b002901 10000 100 9904 2073864990 897298 817490
0b002f01 0b001101 10000 100 45445 2073606387 1227546 820472
0b000501 0b001301 10000 100 8374 2075013049 200368 17344
0b002d01 0b001c01 10000 100 75495 2074233636 1344358 822991
0b002b01 0b003801 10000 100 24362 2075603944 26113 18684
0b000f01 0b000401 10000 100 5528 2075680221 13748 12945
0b001001 0b003c01 10000 100 9644356 2070846136 5044697 1625245
0b002a01 0b001a01 10000 100 29266 2074559005 1350168 819116
0b001201 0b002301 10000 100 2433276 2074316068 1594025 1020668
0b000a01 0b000801 10000 100 7622607 2075260778 666949 643240
0b000301 0b000801 10000 100 40667 2076016891 16022 15890
0b003101 0b002e01 10000 100 1158117 2072228909 3962399 113739
0b000801 0b000b01 10000 100 1890 2076284534 4251 4318
0b000001 0b002001 10000 100 76540 2074739162 1652163 823078
0b002101 0b003b01 10000 100 3331050 2076070585 479929 295918
0b001901 0b000a01 10000 100 28637269 2073451872 3258281 2417591
0b003d01 0b002e01 10001 100 4213833 2072535391 4207713 369928
0b000f01 0b001401 10000 100 29622222 2073352306 3399416 2500170
0b003701 0b000101 10000 100 4866777 2071652680 5109029 1224691
0b000101 0b002401 10000 100 757292 2075846341 920281 880154
0b000f01 0b002801 10000 100 3696077 2075316314 1461123 1126542
0b000f01 0b001c01 10000 100 1496915 2076610725 174500 142141
0b001101 0b000401 10000 100 82852 2076668310 121323 23586
0b000001 0b001401 10000 100 40651 2076916177 43433 20049
0b003301 0b000d01 10002 100 3913113 2072192193 4769668 1144738
0b002b01 0b000001 10001 100 5787224 2075178956 1845346 1301863
0b003301 0b002401 10000 100 4622195 2072739286 4379666 404167
0b000901 0b002601 10000 100 941823 2076241492 897695 895623
0b000d01 0b003201 10000 100 5824407 2072074128 5095418 1304980
0b003601 0b001901 10001 100 89355 2072969534 4220598 824154
0b001101 0b002001 10000 100 744223 2076351352 880682 879058
0b000701 0b000a01 10000 100 67493 2077224453 18138 18140
0b000c01 0b002a01 10000 100 17336 2076456096 853471 818116
0b000001 0b003301 10000 100 6835 2073154229 4257375 817233
0b002d01 0b003101 10000 100 29732 2076732584 697099 19133
0b001f01 0b003701 10001 100 9598 2073190655 4254002 817466
0b000e01 0b000c01 10001 100 3884 2077492129 4419 4486
0b003f01 0b000401 10000 100 24044 2073619825 3971374 818679
0b003f01 0b000e01 10001 100 38349 2073859592 3918411 819877
0b001801 0b002f01 10000 100 1471498 2076509605 1270843 940032
0b001701 0b003a01 10000 100 77386 2073722468 4091783 823150
0b001401 0b000c01 10001 100 60617 2077844933 23477 21723
0b002401 0b001701 10000 100 8534 2076695960 1306226 817377
0b001401 0b000501 10000 100 208909 2077949476 57687 34155
0b001901 0b002f01 10001 100 978763 2076587384 1459538 898720
0b000001 0b000601 10000 100 1332852 2078097951 200156 120066
0b001501 0b002c01 10001 100 5873926 2076044041 2258476 1309130
0b001301 0b003a01 10001 100 35282 2074440189 3927218 819620
0b003601 0b003f01 10000 100 1367613 2078272418 129648 127142
0b001301 0b003801 10000 100 1467495 2077578901 941690 939696
0b001c01 0b002b01 10000 100 60448 2077521840 1163409 821730
0b000b01 0b001401 10000 100 27859 2078714736 19849 18976
0b002701 0b000b01 10000 100 13675 2077098376 1715671 817807
0b003301 0b001101 10001 100 602534 2075528137 3379534 867178
0b000001 0b000601 10001 100 6186892 2078391885 532587 527029
0b001001 0b002001 10000 100 28660 2077181681 1801205 819064
0b003801 0b001501 10000 100 24099 2078167849 818670 818683
0b000001 0b003c01 10000 100 2061 2075499177 3487435 816836
0b002401 0b002601 10000 100 30195 2078991251 6716 6694
0b003e01 0b001801 10000 100 29950 2075681009 3364046 819171
0b003a01 0b001f01 10000 100 15044 2078356246 845672 817924
0b002b01 0b000901 10000 100 2126056 2077015745 2337826 994912
0b003a01 0b002f01 10000 100 51612 2076883964 2565759 20968
0b002201 0b000001 10000 100 23116 2078380619 1242488 818601
0b001d01 0b001701 10000 100 1533 2079627664 12575 12610
0b003e01 0b000d01 10000 100 5667 2077204308 2626407 817136
0b000201 0b002301 10000 100 871800 2077988587 1856041 889752
0b002801 0b000601 10001 100 1985229 2077004940 2851211 983104
0b002a01 0b003201 10000 100 74804 2078177365 1681790 22912
0b001d01 0b003301 10000 100 6400 2079113764 817948 817198
0b002901 0b002001 10000 100 41140 2079921349 19968 15932
0b001c01 0b002301 10000 100 160849 2079149125 838503 830146
0b002501 0b001501 10000 100 76785 2071979522 8032371 823098
0b000f01 0b003a01 10000 100 13260 2079337830 817954 817774
0b002e01 0b003d01 10000 100 939149 2078047246 2135765 95381
0b000401 0b001401 10000 100 87296 2080159649 39391 23961
0b001d01 0b002901 10000 100 2147 2077827812 2388840 816843
0b003c01 0b000601 10000 100 64172 2079461274 887911 822043
0b002a01 0b000401 10000 100 4484 2079200109 1172272 817037
0b000501 0b000f01 10000 100 9866 2080412523 13277 13307
0b001101 0b003801 10000 100 49299 2077981798 2524090 820795
0b001e01 0b002801 10001 100 455762 2078030939 2497115 854872
0b002c01 0b000301 10000 100 79580 2079707393 826535 823333
0b000301 0b003101 10000 100 961437 2079657883 928631 897269
0b000e01 0b001001 10000 100 7966612 2079838991 761359 684562
0b000a01 0b002301 10000 100 16954940 2076404403 4244083 2238162
0b002b01 0b001e01 10000 100 6000 2078434639 2247707 817163
0b003601 0b003501 10000 100 664466 2080636709 59909 59870
0b001901 0b002801 10000 100 20636 2078643437 2058049 818391
0b002e01 0b003901 10000 100 43300 2077574948 3183622 20272
0b001f01 0b001b01 10000 100 567100 2080761145 56160 55869
0b002601 0b000201 10000 100 22329 2065465290 15495654 818534
0b001b01 0b001501 10000 100 26070 2081025755 14722 14669
0b003e01 0b002e01 10000 100 4817 2081183530 17025 17044
0b001f01 0b000301 10000 100 12743 2081156419 59545 17709
0b000301 0b000201 10000 100 6920 2081224747 4674 4740
0b000901 0b000801 10001 100 196335 2081287296 20587 20623
0b003701 0b000a01 10000 100 5713192 2078978199 2355076 1295657
0b000301 0b000e01 10000 100 65515 2081368717 18093 17974
0b001001 0b001301 10000 100 42774 2081387696 9511 7747
0b000d01 0b000101 10000 100 77230 2081396558 20950 18957
0b003301 0b000901 10001 100 16553 2080858559 818125 818049
0b003a01 0b002e01 10000 100 37807 2081050230 670478 19810
0b001f01 0b002101 10000 100 27245783 2077075434 4795357 3100947
0b003801 0b001601 10000 100 111907 2081026314 984730 826042
0b002501 0b001001 10000 100 4216 2073988170 8023356 817016
0b001001 0b000101 10000 100 4051049 2081013449 1050825 356283
0b000201 0b002301 10001 100 28609 2079899290 2205154 819060
0b003101 0b001401 10000 100 24820 2081245899 889297 818741
0b000801 0b000601 10000 100 69967 2082131169 19297 18346
0b003b01 0b000d01 10000 100 17461 2081478349 818747 818126
0b003b01 0b002301 10000 100 16009 2081776306 553578 17986
0b002001 0b002c01 10000 100 7163920 2081621826 723281 613103
0b003b01 0b000c01 10001 100 20236 2081609185 820827 818359
0b000501 0b001b01 10000 100 4107867 2081833249 683984 361044
0b003f01 0b001401 10000 100 30799 2081758420 835108 819242
0b000601 0b000e01 10000 100 929314 2082623284 90509 90396
0b001701 0b000c01 10000 100 262014 2082766126 41052 38611
0b001f01 0b003901 10000 100 29229 2081988575 829543 819113
0b000501 0b000401 10000 100 22272 2082985778 5970 6030
0b003601 0b002901 10002 100 685813 2081863176 1133536 74139
0b003b01 0b003c01 10001 100 5640 2083033792 9036 8794
0b002301 0b003001 10001 100 18764 2081830901 1342896 18214
0b000301 0b000801 10001 100 61426 2083284880 54940 17632
0b001701 0b001a01 10000 100 2985544 2083010637 333539 262789
0b003901 0b001301 10000 100 65713 2082512981 841879 822170
0b001001 0b003c01 10001 100 6958 2082535126 826598 817243
0b000a01 0b003101 10000 100 2801194 2082349327 1170007 1051515
0b001c01 0b000901 10000 100 2421689 2083243316 290952 219675
0b000b01 0b000001 10000 100 8477 2083521344 13326 13192
0b003801 0b003301 10000 100 6136788 2082654891 983080 526989
0b003401 0b002c01 10000 100 5817101 2081785843 1921455 504349
0b003b01 0b000501 10000 100 191017 2082836608 907950 832678
0b003401 0b000e01 10001 100 56302 2082980286 849027 821383
0b000401 0b003201 10000 100 98948 2083055186 825881 824956
0b002101 0b000e01 10000 100 481681 2044754349 39155376 857045
0b003701 0b003001 10000 100 3740772 2083779750 447856 321947
0b000901 0b001f01 10000 100 23217 2084234953 18686 18589
0b003201 0b003501 10000 100 7580 2084285506 8947 8957
0b002e01 0b002701 10001 100 9639 2084329898 14009 13289
0b001601 0b000c01 10000 100 497180 2084307276 64014 58326
0b001901 0b000001 10000 100 4995545 2083372884 1000658 435468
0b000501 0b003e01 10000 100 125725 2083594144 843496 827201
0b002f01 0b003b01 10000 100 13985296 2081869012 2606816 1189169
0b002301 0b001201 10001 100 1356837 2083550632 996749 930417
0b000601 0b002901 10000 100 1081668 2083237517 1321579 907348
0b000401 0b003a01 10000 100 8175 2083753699 817376 817348
0b002001 0b001201 10000 100 185703 2083374923 1200959 832230
0b003501 0b000101 10000 100 6147370 2082990217 1594768 1332057
0b002b01 0b000d01 10000 100 1481 2083405866 1179293 816786
0b003701 0b001401 10000 100 173476 2083777843 843834 831206
0b003401 0b002401 10002 100 2258065 2084420816 260785 205959
0b002801 0b000601 10002 100 69576 2083832881 919212 822494
0b003001 0b002701 10000 100 8105972 2082218065 2778425 696244
0b000301 0b002101 10000 100 3121487 2083263038 1827172 1078367
0b003b01 0b003401 10000 100 992024 2085123664 101756 95655
0b002b01 0b000f01 10000 100 1946656 2083983802 1261325 979868
0b003e01 0b003b01 10000 100 14222182 2084034783 1219452 1200710
0b003801 0b000301 10000 100 4204141 2083831764 1442370 1169138
0b000c01 0b001901 10001 100 3811 2085406513 16941 16960
0b002a01 0b000e01 10000 100 9337 2084492070 1155588 817445
0b003601 0b000401 10000 100 4605929 2084232282 1436974 1202821
0b003101 0b000301 10000 100 1027715 2084810359 948596 902824
0b000601 0b003e01 10000 100 23757 2084966249 819591 818652
0b003701 0b001101 10000 100 602969 2085072709 888470 867213
0b001a01 0b000801 10000 100 2559076 2085662140 545914 231196
0b000701 0b000b01 10000 100 7700127 2085708514 839658 658062
0b000501 0b002a01 10001 100 57700 2085742060 930206 821498
0b003e01 0b003001 10000 100 5897448 2085853638 952195 506924
0b000d01 0b002101 10000 100 32085 2085269172 1546542 819353
0b001d01 0b002f01 10000 100 332925 2085750899 1188834 844572
0b003701 0b000801 10000 100 29533 2086174552 819161 819137
0b000001 0b002501 10000 100 387085 2085144038 1905403 849116
0b001c01 0b002f01 10000 100 21029 2086162945 915208 818426
0b003501 0b001d01 10000 100 53103 2086281528 830466 821115
0b000401 0b001201 10001 100 1152260 2086946354 309976 113248
0b000101 0b000001 10000 100 7981 2087448227 4762 4829
0b002201 0b003901 10000 100 54837 2086969499 514949 21238
0b000d01 0b002b01 10000 100 7535852 2085790124 1739850 1448466
0b002001 0b000b01 10000 100 167579 2086542870 994090 830711
0b001b01 0b001501 10001 100 51198 2087554094 16832 16775
0b003b01 0b001001 10001 100 221432 2086756818 842215 835227
0b003801 0b000b01 10000 100 198443 2086763997 841228 833299
0b002901 0b002d01 10000 100 105321 2087593910 23948 17152
0b002c01 0b000f01 10000 100 60551 2086633475 989849 821738
0b003801 0b002e01 10000 100 25266 2087612538 305894 18761
0b000001 0b001201 10000 100 1580658 2087735352 240332 149163
0b002901 0b003701 10001 100 8121843 2086672552 1347472 697575
0b000b01 0b003b01 10000 100 3429928 2086673065 1392804 1104225
0b001c01 0b002c01 10000 100 73514 2086893115 1293720 822825
0b000e01 0b002001 10001 100 2675902 2086695633 1579288 1041008
0b003f01 0b001f01 10000 100 2382432 2087292061 1026485 1016405
0b003b01 0b000e01 10000 100 913290 2087576503 898771 893232
0b002701 0b003001 10000 100 168377 2088485586 58671 30759
0b000b01 0b002a01 10001 100 1272360 2087635074 926854 923337
0b001401 0b003201 10001 100 7026 2087761035 817475 817252
0b002d01 0b001901 10000 100 62277 2087395562 1187951 821884
0b000401 0b002c01 10001 100 8992780 2086637811 2183791 1570615
0b003b01 0b002401 10000 100 85090 2088885359 24096 23777
0b000201 0b003a01 10001 100 1994 2088109853 823582 816827
0b000a01 0b000e01 10000 100 4632576 2088562533 397406 396716
0b002301 0b000f01 10000 100 20812283 2085397631 3673546 2561564
0b003f01 0b000401 10001 100 64155 2088265556 822397 822042
0b000701 0b002e01 10000 100 494 2088029294 1156428 816703
0b001301 0b002001 10000 100 49009 2087548733 1799026 820772
0b000201 0b000b01 10001 100 316522 2089400074 39370 39019
0b002001 0b001e01 10000 100 2739 2087982772 1604179 816890
0b000501 0b000601 10000 100 73878 2089763400 10361 10354
0b002f01 0b001101 10001 100 30291 2088737775 1164808 819202
0b001d01 0b001e01 10000 100 25883 2089920879 6267 6330
0b001c01 0b000a01 10000 100 28295 2090150487 19420 19014
0b000301 0b003b01 10000 100 6306 2089368739 817364 817191
0b003101 0b001601 10000 100 1389550 2089310060 934784 933161
0b002a01 0b000d01 10000 100 191856 2089063159 1183164 832745
0b003d01 0b001601 10000 100 102979 2089535618 829072 825293
0b003901 0b003801 10000 100 396921 2090527199 37854 37438
0b000c01 0b001e01 10000 100 28942 2090564542 19063 19066
0b002601 0b003e01 10000 100 1632920 2090589354 171298 153544
0b003b01 0b003701 10000 100 1689193 2090428365 379068 154105
0b002301 0b000501 10000 100 29153952 2014491750 76487791 3260927
0b000001 0b002e01 10000 100 30435 2089929285 1131593 819213
0b000501 0b000d01 10000 100 28245 2091103946 14820 14850
0b001e01 0b000301 10000 100 1423846 2091022184 234187 136015
0b001401 0b003f01 10000 100 621102 2090312071 956566 868736
0b003a01 0b002801 10000 100 3605449 2090594857 700842 318922
0b002601 0b001d01 10000 100 311830 2034170594 57175294 842804
0b001301 0b003601 10000 100 1649 2090602216 816782 816799
0b001601 0b002f01 10000 100 1496366 2090105074 1389672 942117
0b001801 0b002601 10001 100 21935 2090229025 1265993 818499
0b003301 0b000a01 10000 100 575439 2090604998 915401 864906
0b001101 0b002b01 10001 100 1878557 2090099761 1424349 974159
0b002301 0b002001 10000 100 1524544 2091718027 137151 131979
0b003901 0b001801 10000 100 128910 2091191860 828764 827468
0b003301 0b003e01 10001 100 54972 2092048024 17230 17088
0b003a01 0b000f01 10000 100 2678354 2091162532 1043836 1041215
0b002f01 0b000c01 10000 100 1094 2091466092 816740 816755
0b002c01 0b001101 10001 100 65476 2091229874 1132522 822151
0b000301 0b003c01 10000 100 3098310 2091245155 1132564 1076424
0b001401 0b001201 10000 100 109643 2092383507 17479 17513
0b000201 0b001f01 10000 100 1914149 2092103986 312508 177125
0b001d01 0b002001 10001 100 52860 2091591097 825513 821092
0b001d01 0b001701 10001 100 72364 2092789878 18609 18549
0b000c01 0b003801 10000 100 2803 2092103491 816914 816895
0b001701 0b002901 10000 100 20766 2092164089 818457 818401
0b000201 0b001e01 10001 100 18831 2093158306 23080 18219
0b002001 0b000301 10000 100 3921 2091890435 1334744 816989
0b003301 0b000801 10000 100 1912061 2092285845 983469 976970
0b001f01 0b002901 10001 100 8597345 2091315229 1993421 1537463
0b000b01 0b002901 10000 100 23883 2092088559 1303219 818662
0b002101 0b002801 10001 100 44893 2093490012 16551 16244
0b001f01 0b002601 10001 100 47928 2092158551 1366200 820678
0b003201 0b003701 10001 100 6069980 2092841320 693198 517227
0b000201 0b003001 10000 100 42669 2092730324 825870 820238
0b000e01 0b000f01 10000 100 16486308 2092231690 1401533 1386374
0b003201 0b003a01 10001 100 4702170 2093188100 674251 406713
0b000001 0b002801 10001 100 4257347 2092371282 1519062 1173598
0b000a01 0b002d01 10000 100 4918053 2092789004 1235126 1228993
0b001101 0b001b01 10001 100 2964 2094023379 12693 12728
0b001701 0b003501 10000 100 19806 2093252156 819722 818321
0b003c01 0b000101 10001 100 46442 2093263687 824567 820555
0b003c01 0b002b01 10000 100 7407407 2092805209 1302414 637679
0b002101 0b003401 10001 100 423 2094164396 30762 16677
0b000601 0b003001 10001 100 1921375 2093291531 1013721 977750
0b001601 0b001001 10000 100 25719 2094343405 10433 10477
0b000e01 0b002c01 10001 100 132149 2092999848 1466873 827742
0b003301 0b002901 10001 100 4807080 2093491166 1029222 419669
0b002c01 0b003201 10000 100 71793 2094336417 359314 22659
0b002001 0b000201 10000 100 1460 2093876333 819686 816784
0b000301 0b003e01 10000 100 52784 2094015315 821173 821086
0b001f01 0b001e01 10001 100 3464 2094980989 4385 4452
0b003201 0b003c01 10000 100 1644 2095195161 12583 12619
0b000e01 0b000801 10000 100 48338 2095199897 12331 12375
0b000601 0b002801 10000 100 71687 2094552500 823523 822671
0b003301 0b003101 10000 100 2716715 2095120354 353595 231930
0b003c01 0b002901 10000 100 2375096 2094721857 806839 215771
0b002701 0b002301 10001 100 4292532 2094948860 596864 368207
0b000c01 0b001201 10000 100 15730 2095614182 18459 17959
0b003301 0b001701 10000 100 26153 2094857247 819010 818855
0b001701 0b002201 10000 100 368767 2094311256 1375922 847578
0b001101 0b001201 10001 100 1374681 2096386397 119566 119414
0b003c01 0b003d01 10001 100 1869287 2096973025 161115 160883
0b001701 0b000701 10001 100 2808 2097315025 16972 16876
0b000b01 0b002601 10000 100 199462 2094814857 2534830 833384
0b003c01 0b001301 10000 100 24177 2096627697 819675 818690
0b002301 0b001601 10000 100 50390 2097184201 824085 820887
0b001401 0b001f01 10001 100 9872 2098094828 13301 13308
0b001d01 0b002201 10000 100 8803923 2095767128 2342184 1554781
0b002501 0b003f01 10000 100 18270 2097818419 721337 18174
0b000601 0b002f01 10000 100 1917712 2098032099 980727 977442
0b002501 0b001501 10001 100 3487862 2094415312 5026563 1109082
0b003501 0b002901 10000 100 2331777 2099248669 654008 212137
0b002101 0b002201 10001 100 6183253 2099495092 550554 522566
0b002501 0b003601 10000 100 7382 2091802818 9987609 17261
0b002b01 0b000701 10000 100 26369212 2096439139 5821125 3027457
0b003b01 0b001401 10000 100 22426301 2098771120 3808782 2696883
0b002201 0b001f01 10000 100 5176224 2092321059 11878213 1250637
0b002101 0b003701 10000 100 208629 2089747218 14525772 34132
0b002401 0b001b01 10001 100 72530 2067583184 41669565 822742
0b002201 0b003e01 10000 100 186318 2085270073 24589553 32263
0b002b01 0b001601 10001 100 21889727 2094942162 16833756 2651895
0b002501 0b000601 10001 100 1417468 2032156245 82656019 935502
0b002501 0b003a01 10000 100 119367 2060780600 54368673 26650
0b002501 0b002001 10001 100 1265803 2061965879 61464276 114445
0b002201 0b001601 10000 100 1543328 2047082944 79481095 946055
0b002201 0b003f01 10000 100 1718255 2087896574 47334869 160701
0b002501 0b000201 10000 100 1839630 2028195670 107319359 970896
0b002101 0b000401 10000 100 1830992 2078543348 64961525 970170
0b002101 0b003101 10000 100 4307980 2037371891 108303846 377821
0b002701 0b002801 10000 100 3174211 2034900991 113797158 278608
0b002101 0b001701 10000 100 2802819 2038296243 115644786 1051649
0b002301 0b003c01 10000 100 4171235 2056129438 100487373 366359
0b002401 0b003f01 10000 100 1615990 2033406944 123749464 152124
0b002501 0b002e01 10000 100 939487 2038276311 122106649 91248
0b002701 0b003701 10000 100 1140379 2087825066 75292315 112251
0b002701 0b001901 10000 100 9800963 2015191730 152057052 1638372
0b002601 0b003601 10000 100 2767904 2046239079 123161470 248701
0b002501 0b003101 10000 100 9948518 2017819865 152243709 850725
0b002601 0b003801 10000 100 3114657 2042200343 128924759 277774
0b002301 0b003101 10000 100 9498087 2040648621 133139288 812963
0b002101 0b000c01 10000 100 5795650 2093818016 93436310 1302568
0b002001 0b001a01 10000 100 9937720 2028696458 188452178 1649839
0b002601 0b002001 10001 100 9761026 2051132754 167491763 826688
0b002501 0b002001 10000 100 14535392 2049068516 211297906 1226969
0b002501 0b000c01 10000 100 23612445 2054563556 234484385 2796329
0b002501 0b001801 10000 100 15147351 2035108652 254408777 2086616
0b002501 0b001701 10000 100 28928674 2016404312 295890815 3242041
0b002701 0b001901 10001 100 21581114 2071212719 252163172 2626024
