0b003501 0b002b01 10000 100 3251 2000158047 16987 16915
0b001001 0b001401 10000 100 64792 2000269362 13711 13752
0b000f01 0b000901 10000 100 22662 2000341135 10173 10221
0b001501 0b001e01 10000 100 157337 2000461404 25663 25673
0b001401 0b001b01 10000 100 6603 2000644505 13000 13035
0b002301 0b003001 10000 100 41462 2000694860 20105 20118
0b000501 0b001201 10000 100 2404 2000771888 16894 16843
0b001001 0b003401 10000 100 188459 2000045279 832475 832462
0b001201 0b000901 10000 100 68380 2001075000 22783 22375
0b003701 0b001e01 10000 100 773350 2000238105 892888 881500
0b002d01 0b002901 10000 100 14762 2001128619 9565 9558
0b000b01 0b002b01 10000 100 166888 2000324040 830661 830652
0b003101 0b001a01 10000 100 523676 2000295056 870333 860566
0b002901 0b000401 10000 100 2789769 2000141214 1050999 1050555
0b002201 0b001e01 10000 100 16699 2000486514 821288 818061
0b001b01 0b000001 10000 100 37035 2001307466 19735 19748
0b000201 0b003a01 10000 100 2175 2000668027 816835 816845
0b001a01 0b003601 10000 100 22181 2000778822 820358 818522
0b001801 0b003501 10000 100 18689 2000865859 819833 818228
0b002601 0b002001 10000 100 829540 2001668186 77951 77870
0b001201 0b001f01 10000 100 2791569 2001541512 247013 246526
0b001001 0b003201 10000 100 4632115 2000627216 1210705 1205019
0b003701 0b000b01 10000 100 21117 2001070306 820013 818433
0b002601 0b000001 10000 100 24343 2001120489 818832 818703
0b002d01 0b000201 10000 100 67385 2001154860 822305 822311
0b000001 0b003d01 10000 100 1348 2001175942 818094 816775
0b001b01 0b002b01 10000 100 77211 2001320969 823283 823136
0b001101 0b000601 10000 100 31036 2002181536 19419 19245
0b003101 0b001801 10000 100 124166 2001445417 827075 827073
0b002701 0b002d01 10000 100 1527 2002304495 12708 12609
0b002001 0b002501 10000 100 185458 2002325998 23849 23870
0b003301 0b003e01 10000 100 377687 2002357974 44591 44146
0b002e01 0b002c01 10000 100 20760 2002477980 5895 5901
0b000c01 0b003b01 10000 100 994708 2001713889 912811 900057
0b000c01 0b003c01 10000 100 10761282 2000820775 1843712 1718888
0b003401 0b003301 10000 100 174134 2002634099 37513 22922
0b000b01 0b001001 10000 100 45835 2002725776 23468 20483
0b000b01 0b000e01 10000 100 7324 2002875624 8886 8936
0b001401 0b001e01 10000 100 2263176 2002786160 202554 202227
0b003c01 0b002601 10000 100 1457992 2002684749 324039 138878
0b001a01 0b003d01 10000 100 129366 2002206527 838322 827508
0b001d01 0b002a01 10000 100 1421281 2002134766 947001 935822
0b001701 0b003001 10000 100 63492 2002257598 850340 821985
0b002a01 0b001f01 10000 100 4052 2002208149 936182 817003
0b000801 0b003001 10000 100 2626585 2002168451 1057380 1036874
0b001601 0b003701 10000 100 25071 2002497647 820812 818765
0b003401 0b000f01 10000 100 133342 2002594935 840132 827841
0b002101 0b003201 10000 100 1920512 2003328215 187987 177657
0b002c01 0b000401 10000 100 9291416 2001927639 1620394 1595654
0b002e01 0b002901 10000 100 2402087 2003441082 210047 209714
0b003301 0b001401 10000 100 888421 2002933509 898816 891147
0b001601 0b001d01 10000 100 50330 2003841674 20817 16702
0b001001 0b001a01 10000 100 22176 2003863367 14310 14342
0b001401 0b000c01 10000 100 56174 2004062924 32582 21352
0b002a01 0b001d01 10000 100 6600 2003295529 817327 817214
0b003701 0b002e01 10000 100 162837 2003651467 510921 30292
0b000a01 0b001801 10000 100 38987 2004201495 19979 19908
0b001201 0b001f01 10001 100 44204 2004237276 16160 16189
0b002801 0b003c01 10000 100 1850780 2001575008 2735765 171810
0b000e01 0b002501 10000 100 1339 2003213970 1216130 816774
0b001b01 0b003801 10000 100 31290 2003645054 819389 819286
0b001701 0b003601 10000 100 8636 2003719679 828605 817385
0b002e01 0b002301 10000 100 3088425 2003679586 1021587 271415
0b003a01 0b002301 10000 100 1885 2004205574 542432 16798
0b003501 0b002201 10000 100 74283 2004209149 555451 22870
0b001b01 0b003c01 10000 100 191725 2004215384 849549 832735
0b002201 0b000601 10000 100 23650 2004355615 818724 818644
0b001701 0b000301 10000 100 57905 2005192641 21724 21495
0b000801 0b003901 10000 100 3626 2004448903 839099 816965
0b002401 0b003b01 10000 100 78106 2005261372 39353 23191
0b002801 0b003a01 10000 100 79829 2005340433 23430 23333
0b000c01 0b003301 10000 100 10175 2004576457 839828 817516
0b000e01 0b001c01 10000 100 33815 2005437569 19965 19475
0b002701 0b001801 10000 100 1268260 2004559292 928995 922993
0b002901 0b003a01 10000 100 46756 2005368836 144312 20560
0b001601 0b002501 10000 100 22417538 2002274755 3248068 2696148
0b001b01 0b002201 10000 100 30213 2004598269 931379 819196
0b001f01 0b000e01 10000 100 17808 2005593971 18133 18133
0b001101 0b000701 10000 100 546763 2005554152 64901 62481
0b002c01 0b003301 10000 100 1219124 2005371082 269386 118854
0b002901 0b002b01 10000 100 2124 2005694992 4274 4341
0b001101 0b002e01 10000 100 165771 2004867862 840446 830559
0b001e01 0b000c01 10000 100 2089667 2005605121 194267 191838
0b003e01 0b002701 10000 100 1523340 2005657497 164819 144359
0b003201 0b003401 10000 100 38909 2005859896 12188 11582
0b000401 0b001701 10000 100 4522203 2002558921 3313546 395784
0b001801 0b000601 10000 100 63517 2005870610 22201 21967
0b000701 0b003401 10000 100 25743371 2002614256 3365367 2974986
0b000001 0b001101 10000 100 1610950 2006077143 151940 151702
0b002001 0b001501 10000 100 49883 2005434091 820849 820842
0b003301 0b000901 10000 100 4872 2005455538 817068 817068
0b002f01 0b003301 10000 100 2277419 2005152112 1234814 207581
0b003701 0b002601 10000 100 849646 2006268053 222625 87875
0b000401 0b000b01 10000 100 16249 2006830123 15257 13845
0b003c01 0b000f01 10000 100 125935 2006052540 828397 827218
0b001101 0b001b01 10000 100 1704211 2006699413 191805 155364
0b003b01 0b002c01 10000 100 8362091 2004766005 2191169 717721
0b003001 0b001501 10000 100 63171 2006326640 842746 821959
0b000601 0b003c01 10000 100 609783 2006328880 868775 867785
0b001a01 0b002e01 10000 100 48141 2006428146 822009 820699
0b000701 0b002401 10000 100 54813 2006439840 822759 821256
0b003101 0b002b01 10000 100 1975 2007219753 46237 16805
0b001301 0b000201 10000 100 8472 2007295706 18244 17352
0b003601 0b001901 10000 100 2442691 2006155847 1238191 1021456
0b000201 0b003701 10000 100 262574 2006623155 976483 838675
0b003e01 0b001101 10000 100 64158 2006806362 824108 822042
0b003f01 0b001301 10000 100 58399 2006655112 996674 821558
0b003801 0b003601 10000 100 8141477 2007032210 719434 695063
0b000e01 0b003b01 10000 100 3936659 2006729260 1178606 1146710
0b003601 0b000801 10000 100 1284254 2006959842 1031506 924334
0b000701 0b002701 10000 100 73906 2007172020 831831 822856
0b001001 0b002701 10000 100 1971246 2006806312 1226741 981932
0b003f01 0b000e01 10000 100 79155 2007340082 823594 823299
0b003801 0b001901 10000 100 41532 2007332250 832665 820143
0b000b01 0b001901 10000 100 178177 2008147618 33820 31581
0b001901 0b002301 10000 100 3419649 2006888315 1343878 1103364
0b000501 0b001601 10000 100 3510863 2007824924 559423 310991
0b003c01 0b003d01 10000 100 14569 2008412701 5317 5383
0b003201 0b002401 10000 100 78966 2008438310 23525 23260
0b002901 0b002801 10000 100 3777694 2008207941 321419 320883
0b001601 0b002401 10000 100 9436308 2006607508 1984382 1607802
0b003701 0b000c01 10000 100 1185 2007622985 1015912 816762
0b002201 0b000701 10000 100 147323 2007758491 943081 829014
0b003701 0b001d01 10000 100 111269 2007953933 826014 825991
0b000201 0b002201 10000 100 1775476 2007805042 1083372 965517
0b003a01 0b001b01 10000 100 459493 2008068952 894455 855185
0b002701 0b003101 10000 100 4382903 2008577959 388023 384102
0b002a01 0b000601 10000 100 13379135 2006930043 2100680 1938370
0b001001 0b000b01 10000 100 3331472 2007209164 1832632 295952
0b000e01 0b001601 10000 100 31435 2009081608 21747 19277
0b002c01 0b003a01 10000 100 35025 2009159155 21936 19580
0b003401 0b001801 10000 100 4461882 2008037354 1285767 1190744
0b000d01 0b002d01 10000 100 277228 2008489468 841036 839905
0b001801 0b001301 10000 100 7349 2009325679 13064 13098
0b003401 0b001801 10001 100 60333 2008673583 822313 821720
0b000101 0b003601 10000 100 64549 2009035213 824887 822073
0b003401 0b002901 10000 100 29540 2009918652 19524 19118
0b001d01 0b002401 10000 100 25368 2009194212 818779 818789
0b001a01 0b002c01 10000 100 7739 2009298149 817377 817309
0b003101 0b000b01 10000 100 4530811 2008977868 1227876 1196523
0b001401 0b001001 10000 100 35365 2010240699 11277 11287
0b002a01 0b000501 10000 100 618069 2009336027 921984 868482
0b003901 0b001a01 10000 100 903486 2009363256 917244 892410
0b001701 0b000401 10000 100 38964 2010293993 20235 19906
0b001e01 0b002801 10000 100 5965 2009590376 817374 817160
0b000501 0b003801 10000 100 9247953 2008640320 1794293 1592008
0b000601 0b000401 10000 100 74078 2010509364 10430 10374
0b003601 0b003801 10000 100 2764710 2009250472 1439668 244274
0b001801 0b001601 10000 100 90 2010813635 12090 12491
0b002901 0b002101 10000 100 1700 2010839309 12588 12623
0b000301 0b003501 10000 100 4209480 2009579161 1286332 1169584
0b001101 0b000801 10000 100 23928 2010854607 18634 18646
0b002901 0b002301 10000 100 33980 2010888618 15650 15328
0b003501 0b001801 10000 100 184453 2009962489 967254 832126
0b003701 0b001e01 10001 100 777191 2009912738 1018272 881822
0b000401 0b001201 10000 100 73724 2010903520 35055 22822
0b001801 0b003b01 10000 100 976165 2009994773 985194 898504
0b000c01 0b001601 10000 100 121531 2011094487 27198 26830
0b003601 0b001e01 10000 100 1724966 2010181166 995523 961281
0b000401 0b000501 10000 100 1838663 2010885591 319100 158314
0b002401 0b003701 10000 100 6575824 2009256469 1954369 567957
0b002201 0b000201 10000 100 4966231 2009908536 1365596 1233031
0b003c01 0b003101 10000 100 4239 2011301593 12803 12838
0b003501 0b000c01 10000 100 73622 2010542807 826065 822833
0b000301 0b001201 10000 100 32365 2011381027 20120 19355
0b002401 0b002701 10000 100 19616 2011496363 5741 5806
0b000401 0b000d01 10000 100 19386816 2006809619 4702392 1637871
0b001001 0b002f01 10000 100 5738859 2009929964 1609279 1297806
0b000c01 0b003d01 10000 100 1368956 2010460405 1082816 931433
0b001801 0b002601 10000 100 3770 2010759558 817500 816976
0b000a01 0b003d01 10000 100 885388 2010633170 965239 890893
0b000401 0b003501 10000 100 1303837 2010572526 1239852 925974
0b002c01 0b003c01 10000 100 1268982 2011711985 131887 123031
0b000c01 0b000101 10000 100 7482 2011909660 13286 13109
0b000801 0b002301 10000 100 1608723 2011005964 979547 951536
0b002701 0b001601 10000 100 59453 2011229564 857950 821646
0b003c01 0b000b01 10000 100 5958915 2010544916 1551464 1316255
0b000a01 0b003501 10000 100 3710 2011320915 817012 816972
0b000101 0b001801 10000 100 114254 2012010204 153118 26221
0b001701 0b000b01 10000 100 5467 2012237638 17252 17100
0b001801 0b001901 10000 100 73436 2012280966 10263 10319
0b003301 0b000401 10000 100 16007 2011348189 966519 818005
0b003601 0b002c01 10000 100 38476 2012328478 34707 19867
0b002401 0b000801 10000 100 4786139 2010894190 1618679 1217933
0b001501 0b002301 10000 100 5903 2011693249 822406 817155
0b002101 0b002401 10000 100 928 2012545171 8398 8398
0b002a01 0b003001 10000 100 1471875 2012417301 147612 140042
0b003601 0b003c01 10000 100 154394 2012658362 30315 25426
0b002401 0b000501 10000 100 2025 2011872410 823927 816833
0b001001 0b000b01 10001 100 140360 2012587545 145481 28410
0b001a01 0b001b01 10000 100 47751 2012752229 8108 8164
0b002501 0b000601 10000 100 8012235 2011205622 1816873 1488408
0b001001 0b003601 10000 100 110509 2012324650 826099 825926
0b002c01 0b000701 10000 100 1989652 2012103693 1096007 983473
0b002c01 0b001701 10000 100 8668 2012409320 817456 817388
0b001a01 0b000901 10000 100 913104 2013130222 96992 93198
0b001301 0b002701 10000 100 39261 2012424102 822227 819954
0b002b01 0b000001 10000 100 441157 2012333630 925449 853649
0b002b01 0b002901 10000 100 60436 2013286175 9171 9229
0b000501 0b002301 10000 100 57307 2012511802 830542 821467
0b001301 0b003c01 10000 100 528892 2012454594 912110 861002
0b002c01 0b002e01 10000 100 71472 2013358359 10098 10154
0b003601 0b002801 10000 100 4939615 2012893438 485781 430778
0b003301 0b000d01 10000 100 1165965 2012320520 1133032 914414
0b000601 0b003001 10000 100 3645818 2012302454 1197965 1122326
0b003001 0b001001 10000 100 117609 2012758213 830718 826521
0b001801 0b003101 10000 100 72649 2012769522 823292 822752
0b002701 0b000001 10000 100 4507061 2012223049 1395094 1194535
0b002e01 0b002b01 10000 100 14845 2013696969 9516 9565
0b003201 0b002301 10000 100 23131214 2003318718 10461046 1955964
0b001301 0b001201 10000 100 24189 2013877141 6127 6191
0b003701 0b003301 10000 100 7130 2013921648 8954 8921
0b001d01 0b000f01 10000 100 31283 2014146009 27296 19265
0b003401 0b001001 10000 100 1279532 2013261121 1000338 923937
0b000e01 0b003801 10000 100 27820 2013505455 819695 818993
0b002301 0b003e01 10000 100 9868 2014356113 80459 17467
0b001e01 0b000501 10000 100 1789150 2014422469 181389 166645
0b001f01 0b002501 10000 100 998421 2013697035 975279 900369
0b000701 0b003d01 10000 100 755880 2013873826 899866 880033
0b003201 0b000801 10000 100 1625032 2013867320 955701 952906
0b000c01 0b002601 10000 100 40438 2013961144 882485 820052
0b000c01 0b003201 10000 100 973630 2014131750 902190 898290
0b001001 0b002301 10000 100 29318 2014161305 874674 819120
0b001101 0b001301 10000 100 1075403 2015012907 94428 94324
0b001401 0b002f01 10000 100 9698821 2013434122 1740690 1629809
0b002501 0b002f01 10000 100 64613 2015316308 17873 17898
0b000d01 0b003401 10000 100 72426 2014591471 822756 822734
0b000501 0b002c01 10000 100 2438090 2014370360 1098104 1021072
0b003801 0b003701 10000 100 32823 2015471970 17877 15232
0b003601 0b002901 10000 100 189088 2015113119 433521 32496
0b003401 0b001c01 10000 100 27151 2014820312 818926 818939
0b001501 0b000301 10000 100 16013937 2009770016 6049900 1359248
0b001e01 0b000601 10000 100 7593 2015852327 25615 17278
0b002a01 0b002d01 10000 100 45397 2015870360 14220 12128
0b001c01 0b003e01 10000 100 54335 2015073498 822214 821218
0b001901 0b003501 10000 100 470735 2015057414 858078 856127
0b003701 0b000401 10000 100 5347 2015160890 817439 817110
0b003501 0b001701 10000 100 604677 2015237889 882052 867357
0b003501 0b000601 10000 100 1735 2015351202 816830 816806
0b003401 0b000e01 10000 100 29433 2015360756 820388 819129
0b002a01 0b000b01 10000 100 8375662 2014192211 1998579 1518876
0b000601 0b003901 10000 100 31261 2015234986 1016790 819283
0b001601 0b002801 10000 100 203641 2015460685 858814 833734
0b002f01 0b002801 10000 100 76028 2016408631 14658 14697
0b003601 0b000001 10000 100 29482 2015620139 825052 819133
0b000301 0b001a01 10000 100 16427556 2008802885 7720630 1393928
0b003101 0b000601 10000 100 32523 2015803791 831130 819388
0b003701 0b002901 10000 100 22851 2016638541 18800 18556
0b002a01 0b001f01 10001 100 132067 2015436669 1360782 827736
0b001b01 0b002f01 10000 100 3246819 2015310223 1773106 1088874
0b002901 0b003c01 10000 100 16530 2016372354 742712 18027
0b000601 0b001b01 10000 100 3204865 2016537539 631038 285336
0b001b01 0b000a01 10000 100 2917437 2016775652 412247 261240
0b000901 0b001801 10000 100 1365 2017082290 125149 16756
0b003801 0b000701 10000 100 9056667 2015391303 2040087 1575972
0b003601 0b002b01 10000 100 54798 2016645387 829057 21235
0b003f01 0b003601 10000 100 163345 2017444416 32056 26177
0b002801 0b003401 10000 100 3299164 2016074328 1452031 293245
0b001701 0b002c01 10000 100 50450 2015980359 1547069 820891
0b003301 0b001001 10000 100 4703 2016747066 817038 817055
0b003801 0b002601 10000 100 139381 2016139856 1509733 28328
0b000901 0b000801 10000 100 42602 2017649528 7672 7733
0b001401 0b003101 10000 100 1971814 2016809578 991867 981977
0b000e01 0b001801 10000 100 49766 2017817586 20898 20813
0b000301 0b003901 10000 100 954 2017096505 816693 816740
0b002c01 0b003601 10000 100 43142 2017637386 322334 20260
0b000601 0b002e01 10000 100 991262 2016279732 1692829 899770
0b002701 0b000701 10000 100 77794 2017175728 825476 823183
0b001701 0b001501 10000 100 1461724 2017913287 126878 126712
0b001501 0b001701 10000 100 5450 2018113517 4552 4619
0b001001 0b001201 10000 100 21314 2018174877 5885 5949
0b002a01 0b001601 10000 100 1218083 2016523573 1730667 918787
0b003301 0b002701 10000 100 1187 2018364143 16915 16742
0b002701 0b001901 10000 100 9800963 2015191730 3216400 1638372
0b002e01 0b000f01 10000 100 26562 2016863587 1546776 818888
0b003201 0b002601 10000 100 22452 2018403925 18713 18524
0b001601 0b002401 10001 100 28505 2016825305 1640197 819051
0b002201 0b001c01 10000 100 62775 2017078187 1397350 821923
0b003301 0b000d01 10001 100 79506 2017678538 823742 823327
0b002e01 0b000501 10000 100 14622 2017155727 1348082 817887
0b000d01 0b001601 10000 100 8771 2018526400 17465 17376
0b003b01 0b003f01 10000 100 9394927 2017799817 797442 795990
0b001601 0b002501 10001 100 2653464 2017414419 1330386 1039128
0b002501 0b003501 10000 100 3798729 2017261860 1622598 335126
0b000e01 0b000c01 10000 100 38012 2018924256 7289 7350
0b002001 0b000901 10000 100 26784 2017947364 1138482 818906
0b002301 0b000a01 10000 100 421716 2017911235 1198831 852017
0b000101 0b002e01 10000 100 46808 2017983028 1219073 820585
0b000901 0b001401 10000 100 3527496 2018009176 1196141 312387
0b002101 0b002201 10000 100 691 2019227771 4126 4219
0b002c01 0b003101 10000 100 969080 2018649520 600346 97891
0b001c01 0b003401 10000 100 148007 2018427094 838991 829072
0b000901 0b000201 10000 100 445607 2019215699 75253 49841
0b002e01 0b001c01 10000 100 81810 2018577355 823525 823519
0b002901 0b002b01 10001 100 48502 2019499085 8168 8228
0b002301 0b002601 10000 100 629125 2019487778 113894 61069
0b003f01 0b003401 10000 100 16327 2019626672 13889 13851
0b003901 0b002701 10000 100 21561 2019225925 574704 18449
0b003901 0b001e01 10000 100 39638 2019070601 819973 819984
0b002f01 0b003101 10000 100 360365 2020031351 47229 46855
0b001a01 0b002301 10000 100 116616 2019256769 826776 826438
0b002f01 0b000d01 10000 100 1401197 2019176642 934355 934139
0b002801 0b000701 10000 100 4263 2018828667 1291806 817020
0b001201 0b000401 10000 100 1543342 2019926342 244834 146036
0b002301 0b002701 10000 100 4633530 2019372806 827394 396796
0b000c01 0b002d01 10000 100 79019 2019100431 1120290 823288
0b000201 0b003b01 10000 100 1938701 2019164884 1063441 979201
0b000c01 0b000801 10000 100 493572 2020232549 49730 49702
0b002401 0b001d01 10000 100 791 2018887270 1458608 816727
0b000c01 0b002301 10000 100 155549 2019536769 830490 829702
0b003d01 0b002e01 10000 100 972317 2020323294 101397 98161
0b003801 0b002701 10000 100 47212 2020412086 26002 20601
0b001401 0b003d01 10000 100 42132 2019961271 820639 820195
0b002e01 0b001901 10000 100 2362 2019688527 1114463 816860
0b000801 0b002f01 10000 100 139553 2020006289 834346 828361
0b002301 0b001201 10000 100 35203 2020173551 819602 819614
0b002301 0b000501 10000 100 29153952 2014491750 6553908 3260927
0b003d01 0b000701 10000 100 1760856 2020128204 1013542 964290
0b002901 0b001801 10000 100 37514 2020066727 1120053 819807
0b000601 0b001201 10000 100 41655 2021365738 25826 20133
0b002f01 0b000201 10000 100 409094 2020666558 851009 850961
0b003701 0b003601 10000 100 8733 2021531480 4827 4893
0b002601 0b003a01 10000 100 53930 2021616728 21318 21161
0b000e01 0b002101 10000 100 432 2020560070 1113173 816698
0b001601 0b002201 10000 100 1852391 2020737667 979461 971966
0b000e01 0b001801 10001 100 557056 2021509763 220307 63347
0b000f01 0b001301 10000 100 15657 2021731933 173418 17954
0b003001 0b001c01 10000 100 2860821 2020969575 1061684 1056511
0b002801 0b002501 10000 100 1122579 2021997448 110314 106598
0b000601 0b002501 10000 100 1418125 2021322216 942092 935558
0b001901 0b000501 10000 100 4077 2022266601 17268 16985
0b002901 0b000501 10000 100 11030 2021536537 817585 817588
0b002001 0b003201 10000 100 7307461 2010127638 12280470 629299
0b000801 0b002c01 10000 100 1644986 2021544930 959271 954575
0b001c01 0b003b01 10000 100 90415 2021695353 825251 824242
0b001c01 0b000401 10000 100 34607 2022529610 19545 19542
0b000d01 0b000801 10000 100 56821 2022539891 13042 13084
0b002501 0b001701 10000 100 28928674 2016404312 6170612 3242041
0b003601 0b002901 10001 100 1643691 2022447372 160663 154448
0b002b01 0b001701 10000 100 57454 2021995335 822394 821479
0b001c01 0b003001 10000 100 63287 2022027813 823241 821968
0b003101 0b000001 10000 100 1857371 2021783446 1072245 972384
0b002501 0b001a01 10000 100 62513 2022091470 823608 821902
0b003a01 0b000501 10000 100 8813 2022272953 817393 817399
0b002001 0b003b01 10000 100 28602 2023083313 20032 19039
0b001401 0b002601 10000 100 5767187 2021795555 1319864 1300184
0b002801 0b002601 10000 100 19282 2023104758 14095 14099
0b000a01 0b000301 10000 100 7851 2023109131 13272 13138
0b000301 0b001901 10000 100 29904 2023108388 19579 19147
0b000801 0b002d01 10000 100 5840 2022382858 817145 817150
0b000a01 0b003d01 10001 100 1368722 2022261006 958214 931414
0b003c01 0b000101 10000 100 24798 2022483192 830296 818739
0b001501 0b003401 10000 100 21400 2022646538 818540 818456
0b002501 0b003101 10000 100 9948518 2017819865 5719824 850725
0b000801 0b001501 10000 100 1495583 2023421191 254832 142031
0b002a01 0b001b01 10000 100 58732 2022984485 823644 821585
0b002301 0b000a01 10001 100 65597 2023030514 822298 822161
0b001501 0b001a01 10000 100 48335 2023944259 16554 16534
0b000a01 0b000301 10001 100 42606 2024010827 17162 16053
0b000301 0b000d01 10000 100 22811 2024040997 14525 14393
0b003901 0b000201 10000 100 36027 2023232071 847710 819684
0b000c01 0b001601 10001 100 4565537 2021193309 2944097 399416
0b003801 0b002901 10000 100 58139 2024117992 21507 21517
0b001f01 0b002e01 10000 100 191777 2023465129 849030 832739
0b000a01 0b003e01 10000 100 28582 2023460449 859853 819057
0b000b01 0b000301 10000 100 8387716 2022010620 2325310 715707
0b003201 0b003d01 10000 100 76868 2024312634 31720 18925
0b003201 0b003801 10000 100 749450 2024272000 132005 75316
0b001301 0b003901 10000 100 4262983 2023260083 1206432 1174068
0b003401 0b003d01 10000 100 886176 2024688083 86886 86780
0b001c01 0b000401 10001 100 17208 2024867626 18069 18085
0b001a01 0b003601 10001 100 1830664 2023916041 970615 970144
0b003501 0b000901 10000 100 3290980 2023810425 1103756 1092575
0b000a01 0b002001 10000 100 68071 2024098568 825191 822370
0b001501 0b001401 10000 100 28505 2024925345 6572 6551
0b003f01 0b003701 10000 100 55528 2024925030 17218 17137
0b001601 0b003a01 10000 100 27256 2024202025 818934 818948
0b001b01 0b001d01 10000 100 41866 2025042351 11785 11830
0b002901 0b000201 10000 100 13790 2024343661 817804 817816
0b003601 0b002d01 10000 100 9295 2025222487 17404 17422
0b003201 0b001301 10000 100 1224359 2024284717 978687 919312
0b000d01 0b000301 10000 100 843159 2025213023 93353 83173
0b001e01 0b003901 10000 100 3258494 2024341752 1210553 1089854
0b000c01 0b002c01 10000 100 160284 2024747996 830285 830100
0b001801 0b002c01 10000 100 1243 2024852087 816749 816767
0b002501 0b003001 10000 100 61048 2025679418 26793 21761
0b001401 0b000d01 10000 100 2888832 2024343952 1405171 258840
0b001f01 0b002501 10001 100 535633 2024900931 861637 861568
0b002101 0b003401 10000 100 1400671 2025661443 139410 134073
0b001501 0b000601 10000 100 1103997 2025848191 110849 109199
0b003401 0b001401 10000 100 52905 2025177101 822175 821095
0b001d01 0b000d01 10000 100 9662 2026020869 17520 17451
0b002b01 0b003e01 10000 100 1619301 2025893293 166528 152404
0b003901 0b000a01 10000 100 5706 2025332366 817423 817139
0b002e01 0b002701 10000 100 247041 2026208592 33199 33195
0b003a01 0b002601 10000 100 33894 2026223159 19790 19482
0b001a01 0b001201 10000 100 919444 2026163046 89679 89568
0b003201 0b002e01 10000 100 23102 2026266922 18564 18580
0b000101 0b003a01 10000 100 1573402 2025702030 985512 948576
0b002501 0b000501 10000 100 165250 2025909771 844409 830517
0b000b01 0b001201 10000 100 765323 2026712324 114258 80807
0b000f01 0b000e01 10000 100 206740 2026826243 21667 21494
0b003e01 0b002401 10000 100 21188 2026955135 18403 18419
0b003701 0b002201 10000 100 133404 2027136350 27828 27826
0b002701 0b003e01 10000 100 68349 2027148980 22364 22372
0b000601 0b002601 10000 100 1943898 2026180243 1018620 979636
0b001e01 0b002f01 10000 100 142 2026416655 816195 816675
0b000501 0b002a01 10000 100 9094 2026489161 817409 817425
0b002601 0b002701 10000 100 13668 2027450932 5241 5307
0b000e01 0b001401 10000 100 14497662 2022848755 4733889 1232125
0b003e01 0b000201 10000 100 21583 2026843366 818457 818471
0b000801 0b001f01 10000 100 193631 2027650967 49213 32875
0b001801 0b000d01 10000 100 7801 2027688098 33666 17294
0b000b01 0b003001 10000 100 3651087 2026743165 1156786 1122770
0b002201 0b003b01 10000 100 66921 2027911239 24526 22250
0b001801 0b001a01 10000 100 18131 2027953655 5618 5683
0b000901 0b002a01 10000 100 87301 2027399437 823978 823982
0b001201 0b000a01 10000 100 15439 2028274475 19149 17936
0b003e01 0b003901 10000 100 63982 2028278341 20796 13684
0b002a01 0b003601 10000 100 37932 2028323512 22901 19820
0b002d01 0b000401 10000 100 1053 2027547545 816734 816751
0b001c01 0b002201 10000 100 1931187 2027461284 979133 978573
0b003f01 0b002e01 10000 100 412615 2028415767 58171 51235
0b000801 0b002c01 10001 100 1809 2027660427 816827 816812
0b000a01 0b003901 10000 100 21729 2027734687 820271 818482
0b002601 0b002d01 10000 100 473142 2028642216 56040 52151
0b000501 0b003a01 10000 100 4674581 2027515338 1232807 1208578
0b003601 0b000801 10001 100 177825 2027963374 835936 831569
0b000001 0b001001 10000 100 40502 2028789869 26656 20037
0b000201 0b003201 10000 100 51959 2028018719 825291 821016
0b002801 0b002101 10000 100 24602 2028834030 14512 14544
0b000401 0b001301 10000 100 1369092 2028722625 136751 131428
0b001001 0b000801 10000 100 14161 2028903780 19052 17830
0b001801 0b002501 10000 100 13213 2028243390 819859 817770
0b003101 0b002b01 10001 100 75959 2029059757 35797 23008
0b002501 0b000201 10000 100 1839630 2028195670 990891 970896
0b003501 0b002601 10000 100 7038104 2028604591 630213 606718
0b003d01 0b003201 10000 100 13603 2029342697 14176 13622
0b001901 0b003f01 10000 100 52478 2028537868 831131 821061
0b001f01 0b002901 10000 100 1906 2028554328 817019 816820
0b001e01 0b002b01 10000 100 577056 2028606674 1047957 865044
0b000801 0b003801 10000 100 898679 2028773011 896836 892006
0b003301 0b003801 10000 100 1254696 2029732719 117840 117674
0b003101 0b000f01 10000 100 37066 2029112630 861326 819771
0b003d01 0b001f01 10000 100 1946599 2028890049 1171827 979864
0b002801 0b000601 10000 100 1889445 2029085089 981490 975073
0b002e01 0b002c01 10001 100 1015783 2029981083 89419 89324
0b003c01 0b002301 10000 100 846989 2030188828 91107 87651
0b000301 0b003401 10000 100 4985666 2028886868 1490281 1234659
0b003d01 0b003c01 10000 100 28564737 2026604309 3929946 2399028
0b003901 0b000b01 10000 100 70351 2029771064 828559 822560
0b001901 0b003c01 10000 100 13881713 2027968916 2727629 1980503
0b002001 0b001a01 10000 100 9937720 2028696458 2126060 1649839
0b002301 0b000301 10000 100 93262 2030009961 824735 824481
0b001001 0b002b01 10000 100 16992 2030025921 818397 818084
0b002b01 0b000201 10000 100 4223228 2029710205 1202592 1170738
0b003601 0b003001 10000 100 19668 2030906910 9921 9970
0b003601 0b002301 10000 100 223407 2031053947 36391 35372
0b003101 0b000f01 10001 100 2397511 2030039622 1057592 1017669
0b001301 0b002f01 10000 100 16789 2030314583 818141 818068
0b001601 0b002101 10000 100 74639 2030340988 823349 822919
0b000e01 0b002001 10000 100 674170 2030274039 898463 873185
0b000d01 0b001901 10000 100 7802805 2029661766 1519601 670827
0b000901 0b003701 10000 100 201259 2030371645 834351 833536
0b002b01 0b002901 10001 100 77580 2031216292 10610 10665
0b002a01 0b000101 10000 100 713554 2030422944 876678 876486
0b001701 0b001101 10000 100 7522 2031460571 8902 8952
0b003f01 0b001601 10000 100 2586 2030720098 816861 816878
0b001001 0b003601 10001 100 1775417 2030636401 972807 965513
0b002501 0b003501 10001 100 44860 2031608013 20389 20401
0b003701 0b002701 10000 100 181388 2031681343 41507 31849
0b003e01 0b003701 10000 100 3409 2031783906 12940 12768
0b003501 0b002d01 10000 100 30233 2031790054 19432 19177
0b001b01 0b000801 10000 100 1624388 2031820599 153071 152831
0b001f01 0b002501 10002 100 21663 2031180726 818463 818477
0b002401 0b003e01 10000 100 4103972 2031646562 362206 360717
0b000201 0b002101 10000 100 653681 2031233278 879584 871465
0b000001 0b002801 10000 100 181985 2031337764 832650 831917
0b001e01 0b000101 10000 100 72501 2032233655 22712 22720
0b000701 0b000301 10000 100 33455 2032346333 11080 11126
0b000601 0b002001 10000 100 44217 2031704922 823980 820370
0b000701 0b002501 10000 100 638559 2031680403 874000 870198
0b002e01 0b000901 10000 100 35050 2031748490 820101 819602
0b002f01 0b002d01 10000 100 5026 2032591753 4518 4585
0b001f01 0b001801 10000 100 2836 2032599026 8507 8558
0b000001 0b002401 10000 100 616873 2031908102 868460 868379
0b002101 0b001b01 10000 100 372352 2032048378 849203 847880
0b000301 0b001e01 10000 100 24503 2032926148 18724 18696
0b003001 0b002301 10000 100 1054093 2032865133 106259 105018
0b001f01 0b002601 10000 100 943401 2032097918 963762 895757
0b001c01 0b001d01 10000 100 118509 2033062482 14049 14097
0b002501 0b000601 10001 100 1417468 2032156245 978971 935502
0b002b01 0b000101 10000 100 553322 2032231976 906462 863053
0b001a01 0b001e01 10000 100 12127 2033362223 9290 9340
0b000001 0b001501 10000 100 1737026 2033277850 162534 162276
0b000401 0b002701 10000 100 6091526 2032109235 1398927 1327375
0b002401 0b003f01 10000 100 1615990 2033406944 178759 152124
0b002401 0b003a01 10000 100 314198 2033500076 96205 42985
0b002401 0b001f01 10000 100 195505 2032840854 834722 833053
0b001f01 0b003c01 10000 100 5948 2032872494 817576 817158
0b002401 0b001601 10000 100 15835 2033082760 832864 817988
0b000c01 0b002b01 10000 100 41504 2033097836 820130 820141
0b003601 0b002d01 10001 100 193785 2033878990 49882 32887
0b001001 0b003a01 10000 100 5826736 2032683184 1333567 1305174
0b000b01 0b001601 10000 100 837137 2033935384 89451 86828
0b003d01 0b002f01 10000 100 44472 2034043910 24032 20370
0b000e01 0b003301 10000 100 24381 2033295949 818692 818706
0b002d01 0b003d01 10000 100 73985 2034258664 22844 22842
0b001501 0b001d01 10000 100 1262284 2033775127 507617 118312
0b000f01 0b001201 10000 100 632711 2034213584 74911 69687
0b000801 0b000101 10000 100 101238 2034318455 20951 20970
0b001b01 0b003b01 10000 100 39379 2033578192 819961 819963
0b000701 0b000401 10000 100 557052 2034571075 50888 50866
0b001001 0b002301 10001 100 7913503 2033211403 1570482 1480130
0b001001 0b001a01 10001 100 21003 2034924178 15922 14244
0b003501 0b001901 10000 100 1155137 2033984332 1008565 913510
0b001601 0b003401 10000 100 4841 2034227052 820356 817066
0b003001 0b002501 10000 100 157149 2035059960 49337 29818
0b002601 0b001d01 10000 100 311830 2034170594 953753 842804
0b002801 0b003a01 10001 100 72671 2035096624 36664 22734
0b002901 0b001601 10000 100 5139 2034243433 908054 817094
0b002001 0b001c01 10000 100 1738 2034244415 908029 816806
0b001901 0b000701 10000 100 34658 2035135841 19983 19547
0b001101 0b001201 10000 100 4191979 2034813150 357610 355615
0b003401 0b003101 10000 100 5294299 2034766025 455924 452196
0b002701 0b002801 10000 100 3174211 2034900991 360808 278608
0b001201 0b003701 10000 100 1010555 2034284133 991262 901386
0b002001 0b003501 10000 100 77341 2035282610 23423 23126
0b002401 0b003801 10000 100 4988 2035288705 104537 17058
0b003301 0b003801 10001 100 3723 2035386957 12758 12793
0b003b01 0b000c01 10000 100 26544 2034714741 819132 818887
0b000801 0b003c01 10000 100 24068 2034762843 818667 818681
0b001e01 0b000701 10000 100 50567 2035524339 125608 20881
0b001601 0b002601 10000 100 7790624 2034162000 1717263 1469827
0b003a01 0b002301 10001 100 96218 2035914041 62929 24709
0b000701 0b002001 10000 100 240534 2035170305 893747 836828
0b001f01 0b001e01 10000 100 8199 2036145799 4784 4850
0b002901 0b001a01 10000 100 2811802 2034949730 1223514 1052402
0b003301 0b000001 10000 100 70239 2035365730 822545 822551
0b000f01 0b001901 10000 100 57450 2036178537 28322 21458
0b000f01 0b000201 10000 100 52389 2036351493 16847 16874
0b001d01 0b001001 10000 100 8921364 2035629267 791760 760449
0b000701 0b001201 10000 100 21266 2036714502 26949 18425
0b000401 0b002c01 10000 100 37506 2035930941 820570 819806
0b002c01 0b002e01 10001 100 978754 2036682995 86308 86219
0b001601 0b000901 10000 100 23361 2036803502 126117 18601
0b000401 0b002001 10000 100 48074 2036180880 823827 820694
0b000501 0b003201 10000 100 44261 2036051744 994379 820373
0b003001 0b002b01 10000 100 2377729 2036408105 697717 215989
0b000201 0b000701 10000 100 3841 2037301134 8787 8642
0b000f01 0b002c01 10000 100 10972 2036629529 818076 817580
0b002501 0b001801 10000 100 15147351 2035108652 2343490 2086616
0b001001 0b003401 10001 100 74603 2036573764 896985 822916
0b003801 0b003501 10000 100 8845393 2036687138 798356 754080
0b001901 0b002f01 10000 100 54053 2036768356 834698 821195
0b001301 0b000a01 10000 100 8944155 2036592748 1019305 766521
0b000201 0b000d01 10000 100 125953 2037819738 23112 23040
0b003d01 0b000601 10000 100 7968520 2036063933 1798001 1484742
0b001e01 0b000201 10000 100 62307 2037906866 27329 21866
0b003101 0b001f01 10000 100 8706788 2036101858 1839423 1546637
0b002401 0b002c01 10000 100 2530 2038033190 12761 12693
0b001301 0b002701 10001 100 448383 2037182588 905948 854254
0b001901 0b001d01 10000 100 227812 2038068254 27702 27420
0b000401 0b001c01 10000 100 7133 2038172972 22557 17241
0b002f01 0b000701 10000 100 4669 2037397578 817290 817052
0b003501 0b002401 10000 100 3241700 2036601547 1631697 288425
0b001301 0b003101 10000 100 1954621 2036882454 1433584 980536
0b003601 0b000601 10000 100 4384872 2037093766 1281761 1184288
0b002501 0b002e01 10000 100 939487 2038276311 130417 91248
0b003401 0b003f01 10000 100 4666560 2038099603 414637 403726
0b000001 0b002201 10000 100 330926 2037693589 861705 844405
0b000001 0b000e01 10000 100 598665 2038577698 67968 62673
0b003d01 0b003101 10000 100 3558327 2037243499 1433031 310812
0b003f01 0b003601 10001 100 47257 2038678197 17677 16444
0b002901 0b003701 10000 100 1535447 2038281968 684963 145374
0b002201 0b000e01 10000 100 198518 2038150191 886888 833305
0b000e01 0b002c01 10000 100 9245 2038314944 826369 817438
0b002e01 0b000801 10000 100 308684 2038398280 943501 842541
0b001b01 0b001c01 10000 100 38104 2039463426 11472 11518
0b002901 0b000601 10000 100 4982996 2038088989 1430458 1234434
0b002101 0b001701 10000 100 2802819 2038296243 1286616 1051649
0b000601 0b002b01 10000 100 42160 2038801836 821750 820197
0b000c01 0b000101 10001 100 8558 2039653221 13165 13199
0b002601 0b002901 10000 100 8813 2039668027 13388 13219
0b001701 0b001401 10000 100 1167359 2039626418 102153 102033
0b000001 0b003a01 10000 100 11482 2038927299 819154 817624
0b003901 0b000801 10000 100 12180878 2037430195 2385345 1837905
0b003701 0b001f01 10000 100 2469 2039040214 816909 816869
0b002101 0b003101 10000 100 4307980 2037371891 2541626 377821
0b002f01 0b003401 10000 100 16838 2040161873 19361 18052
0b003001 0b002401 10000 100 28642 2040220823 21247 19042
0b002401 0b001b01 10000 100 72134 2039454555 823823 822711
0b001201 0b002601 10000 100 18570879 2037824105 2484591 2373642
0b000901 0b002c01 10000 100 359476 2039374314 938486 846800
0b000b01 0b002401 10000 100 4842376 2038900722 1486370 1222647
0b001301 0b001c01 10000 100 355220 2040377691 45872 42264
0b001f01 0b002f01 10000 100 78334 2039648446 823477 823230
0b002d01 0b000601 10000 100 3407 2039689210 819011 816947
0b001301 0b002e01 10000 100 7699 2039806355 818969 817306
0b003f01 0b003a01 10000 100 1529851 2040503324 160716 136583
0b003301 0b002501 10000 100 6317 2040665215 18006 17172
0b000201 0b000e01 10000 100 1710142 2040620189 207656 155861
0b003201 0b002d01 10000 100 7619099 2035440281 5454572 655428
0b003f01 0b002701 10000 100 4513892 2035899516 5006690 395085
0b000b01 0b000e01 10001 100 28183 2040892354 37211 10686
0b001001 0b003b01 10000 100 42162 2040121624 823557 820198
0b000801 0b001301 10000 100 3374488 2040674275 311485 299559
0b000c01 0b002b01 10001 100 769394 2040083292 904308 881168
0b003601 0b002301 10001 100 22413 2040960119 90534 18521
0b003401 0b002901 10001 100 505 2041179501 22265 16684
0b002a01 0b000501 10001 100 3440525 2040150343 1141095 1105115
0b002901 0b000201 10001 100 264057 2040435921 857709 838802
0b001501 0b002101 10000 100 29301 2040605773 820194 819119
0b003701 0b002701 10001 100 82823 2041318728 113738 23584
0b000c01 0b003201 10001 100 1233604 2040376825 1108813 920086
0b000601 0b000a01 10000 100 26703 2041539825 14688 14719
0b000b01 0b003a01 10000 100 13109 2040788196 825426 817762
0b000c01 0b003001 10000 100 6962 2040832012 829062 817243
0b002701 0b003401 10000 100 39552 2041559615 128175 19957
0b002e01 0b001001 10000 100 14417 2040870597 823889 817870
0b002d01 0b001801 10000 100 3936135 2040556590 1159351 1146668
0b001401 0b002a01 10000 100 68423 2040920783 912604 822398
0b000401 0b002601 10000 100 8478 2041082568 817524 817372
0b001801 0b003a01 10000 100 56359 2041110800 821607 821387
0b001601 0b001a01 10000 100 380311 2041943553 44393 44367
0b000d01 0b002f01 10000 100 6141406 2040367252 1655507 1331557
0b000e01 0b003a01 10000 100 18422 2041208414 818388 818206
0b001101 0b002b01 10000 100 2716399 2040857142 1234717 1044405
0b003601 0b001701 10000 100 1315380 2041169428 931090 926943
0b000101 0b001f01 10000 100 1500185 2042025194 142639 142418
0b000201 0b000301 10000 100 243813 2042247800 24573 24602
0b000a01 0b002201 10000 100 59016 2041483599 822863 821611
0b000d01 0b003001 10000 100 16300 2041599097 818514 818029
0b000401 0b000501 10001 100 34437 2042424725 6987 7049
0b002601 0b003801 10000 100 3114657 2042200343 298291 277774
0b000c01 0b001901 10000 100 18389618 2034826196 7679726 1558427
0b000e01 0b002801 10000 100 1608714 2041644185 1058323 951535
0b001f01 0b001701 10000 100 5385 2042716015 12899 12933
0b001401 0b001e01 10001 100 47346 2042787957 16424 16452
0b000d01 0b000901 10000 100 1376887 2042690456 123927 123758
0b001601 0b001301 10000 100 163741 2042824663 22023 22049
0b003701 0b002201 10001 100 4811205 2039486772 3402740 420014
0b001401 0b003801 10000 100 4742 2042137431 817045 817058
0b001e01 0b002e01 10000 100 912806 2042164421 893318 893190
0b002401 0b000c01 10000 100 174576 2042244361 845915 831298
0b001301 0b003e01 10000 100 1763 2042287369 816791 816808
0b003301 0b001501 10000 100 52626 2042329849 821064 821073
0b003b01 0b002d01 10000 100 9595480 2037701878 5500465 821127
0b000401 0b001e01 10000 100 5498 2043270256 17084 17102
0b003001 0b002e01 10000 100 8057 2043287741 17305 17319
0b003d01 0b001401 10000 100 27586 2042610085 819213 818974
0b001e01 0b000e01 10000 100 31608 2043455096 19277 19291
0b003701 0b002001 10000 100 17006983 2035715392 7884973 1442505
0b000201 0b000801 10000 100 60883 2043778305 17559 17584
0b002301 0b003101 10000 100 9498087 2040648621 3313109 812963
0b001901 0b000901 10000 100 10073 2043960846 25000 17488
0b003601 0b001001 10000 100 24517 2043169363 819139 818717
0b001e01 0b000501 10001 100 22533 2044019957 20299 18530
0b000401 0b002d01 10000 100 183339 2043218396 832297 832033
0b000201 0b001301 10000 100 57031 2044037648 29774 21425
0b003601 0b001201 10000 100 77392 2043267498 823217 823150
0b001901 0b001f01 10000 100 38889 2044106704 11535 11580
0b003401 0b002401 10000 100 33608 2044291120 19692 19459
0b003801 0b002701 10001 100 170697 2044313809 30960 30952
0b003901 0b000a01 10001 100 79687 2043532490 830004 823342
0b001d01 0b003401 10000 100 57352 2043701224 826168 821470
0b001701 0b000201 10000 100 7421993 2043925477 647844 638899
0b001d01 0b002601 10000 100 1186146 2043686190 921102 916109
0b001301 0b003e01 10001 100 60678 2043861351 821740 821748
0b001301 0b000001 10000 100 70891 2044668903 22575 22583
0b001601 0b003e01 10000 100 49451 2043874580 820798 820808
0b000001 0b002401 10001 100 2934 2043892860 817060 816906
0b003e01 0b002901 10000 100 1619373 2044818205 158262 152410
0b000d01 0b002f01 10001 100 4630 2044263044 817044 817049
0b003b01 0b002d01 10001 100 621214 2045032614 68805 68725
0b002d01 0b002f01 10000 100 13680 2045104310 5242 5308
0b002501 0b002701 10000 100 6700 2045191405 4656 4722
0b000401 0b003e01 10000 100 1599831 2044392194 957744 950790
0b001501 0b002901 10000 100 67865 2044576401 822343 822350
0b000b01 0b003101 10000 100 954553 2044576321 897579 896691
0b002a01 0b003601 10001 100 58459 2045588151 21533 21543
0b002101 0b000e01 10000 100 481681 2044754349 857104 857045
0b001b01 0b003101 10000 100 75178 2045126299 822960 822966
0b000701 0b003201 10000 100 2250229 2045162159 1005664 1005322
0b003e01 0b003c01 10000 100 35269 2046306659 7057 7119
0b000e01 0b001401 10001 100 27320 2046414686 18918 18933
0b001601 0b003e01 10001 100 14641 2045679011 817873 817888
0b001d01 0b000201 10000 100 20769 2046574920 18533 18382
0b002801 0b000301 10000 100 7667315 2045320951 1460699 1459490
0b002601 0b002401 10000 100 2471859 2046646056 213829 211401
0b003701 0b001701 10000 100 8454 2046105466 817354 817370
0b000f01 0b001901 10001 100 2165784 2046830731 206244 198220
0b001601 0b000901 10001 100 24959 2047011748 26173 18732
0b000f01 0b003e01 10000 100 39748 2046291092 819982 819993
0b000c01 0b003601 10000 100 23812 2046417900 818659 818657
0b000301 0b002901 10000 100 31936 2046457418 819329 819337
0b001301 0b001e01 10000 100 48021 2047296622 16482 16509
0b002f01 0b000501 10000 100 1426412 2046181768 1146835 936252
0b003801 0b002c01 10000 100 1040443 2047304110 108575 103872
0b002101 0b001001 10000 100 12617 2046612446 817703 817719
0b000701 0b002201 10000 100 915158 2046607846 910817 893390
0b003401 0b002501 10000 100 7839 2047684851 17299 17297
0b002601 0b003601 10000 100 2767904 2046239079 1489718 248701
0b002801 0b000c01 10000 100 4261458 2046210529 1523048 1173942
0b000501 0b003a01 10001 100 3951062 2046565697 1193387 1147920
0b001a01 0b000201 10000 100 49341 2047771056 20767 20779
0b001f01 0b000601 10000 100 70291 2048044807 22527 22535
0b002801 0b002201 10000 100 161337 2048117588 26903 26009
0b002201 0b001601 10000 100 1543328 2047082944 1079962 946055
0b002301 0b000501 10001 100 6707179 2046649501 1532670 1378993
0b000501 0b003901 10000 100 43515 2047477828 820479 820310
0b001f01 0b000f01 10000 100 29592 2048283658 19107 19122
0b003901 0b001401 10000 100 1046211 2047462132 904527 904377
0b002301 0b002e01 10000 100 1594572 2048271665 146390 146170
0b000d01 0b000b01 10000 100 70253 2048424928 14172 14212
0b000b01 0b003101 10001 100 39726 2047700299 820120 819991
0b002201 0b003001 10000 100 1192 2048890262 16791 16743
0b003b01 0b002801 10000 100 22978 2048997788 18550 18566
0b000a01 0b002801 10000 100 943914 2048438700 895939 895798
0b002201 0b000701 10001 100 1705942 2048481896 966796 959686
0b003301 0b001a01 10000 100 22781 2048650115 818701 818570
0b002e01 0b000101 10000 100 8212 2048697858 817335 817351
0b001c01 0b003e01 10001 100 75056 2048751194 822950 822956
0b002901 0b002101 10001 100 621719 2049450900 175798 64606
0b003301 0b001e01 10000 100 11098 2048914754 817698 817593
0b003301 0b001b01 10000 100 78734 2048950457 823722 823262
0b002a01 0b000f01 10000 100 859356 2048934631 888830 888710
0b001b01 0b002f01 10001 100 101629 2049052802 825272 825182
0b003501 0b001001 10000 100 33867 2049401746 820918 819499
0b000d01 0b001601 10001 100 807546 2050178407 162791 84346
0b003c01 0b000f01 10001 100 4646 2049536629 817034 817050
0b002d01 0b001101 10000 100 20163 2049574568 852730 818353
0b001401 0b003201 10000 100 4017819 2049231466 1238437 1153514
0b003e01 0b002901 10001 100 43075 2050476543 20626 20254
0b001301 0b000301 10000 100 47965 2050495547 32364 20661
0b003501 0b002401 10001 100 65597 2050608857 22505 22141
0b003b01 0b003601 10000 100 11990 2050626092 13451 13485
0b000a01 0b003301 10000 100 1305 2050017157 816801 816772
0b000d01 0b002c01 10000 100 5941 2050025022 832270 817158
0b001301 0b002301 10000 100 3766388 2049596569 1324271 1132436
0b003801 0b003c01 10000 100 9255 2050949242 9048 9098
0b002101 0b001001 10001 100 7864 2050091316 921607 817319
0b000f01 0b000601 10000 100 7818 2051080252 13101 13136
0b001b01 0b003001 10000 100 4235721 2049898338 1219322 1171783
0b000b01 0b000601 10000 100 22555 2051301527 14340 14372
0b002501 0b000a01 10000 100 132599 2050564060 828878 827778
0b003d01 0b000f01 10000 100 4446 2050757096 817179 817034
0b001e01 0b003d01 10000 100 22169 2050821427 818614 818521
0b000e01 0b002501 10001 100 7302 2050830291 840551 817274
0b000a01 0b001001 10000 100 2849079 2049599127 2205857 255510
0b002901 0b001301 10000 100 19635352 2049214828 2682411 2462890
0b001601 0b002d01 10000 100 9870831 2050243910 1688040 1644231
0b003301 0b001501 10001 100 367834 2050911021 1093814 847499
0b003801 0b001101 10000 100 23274 2051133110 872493 818614
0b000b01 0b001301 10000 100 1978042 2051909466 198917 182482
0b003901 0b003d01 10000 100 83263 2052093795 15265 15303
0b001001 0b002901 10000 100 2691303 2051042134 1089565 1042301
0b002801 0b003601 10000 100 1872631 2051636939 581214 173642
0b002501 0b002001 10000 100 14535392 2049068516 3185407 1226969
0b003301 0b001801 10000 100 1726534 2051146636 1112252 961414
0b001b01 0b000601 10000 100 7176894 2051697095 632827 618351
0b001701 0b003d01 10000 100 3399014 2051153369 1267591 1101637
0b001d01 0b003601 10000 100 127539 2051604501 827445 827354
0b002001 0b003801 10000 100 47211 2052474601 24702 20601
0b002101 0b003c01 10000 100 89451 2052472235 28105 24141
0b001901 0b003f01 10001 100 23757 2051683401 818735 818652
0b003201 0b000701 10000 100 6286 2051719782 817189 817189
0b001401 0b002801 10000 100 22645 2051786534 822342 818559
0b000b01 0b002801 10000 100 4873681 2051373942 1244212 1225270
0b003701 0b003e01 10000 100 775767 2052657223 77609 77521
0b000701 0b002c01 10000 100 1781035 2051796340 968899 965985
0b001f01 0b001c01 10000 100 8717829 2052021614 800650 735063
0b002e01 0b002601 10000 100 4938 2052826532 12983 12894
0b002601 0b002001 10001 100 9761026 2051132754 1744248 826688
0b003901 0b003401 10000 100 881635 2052895857 86634 86397
0b000301 0b001c01 10000 100 2276979 2052621144 366032 207542
0b000501 0b003301 10000 100 1253937 2052147838 923989 921790
0b003201 0b003f01 10000 100 1908028 2052765399 308622 172452
0b001c01 0b000701 10000 100 28727 2053115888 19189 19049
0b003801 0b002a01 10000 100 925196 2053046086 95633 94211
0b002e01 0b000101 10001 100 212929 2052317255 851914 834512
0b003201 0b003a01 10000 100 9015658 2051094995 2145612 768354
0b003001 0b003501 10000 100 620219 2053193756 112436 60322
0b003001 0b003201 10000 100 1313916 2053184587 166562 114319
0b000701 0b000d01 10000 100 37055 2053343180 18829 15590
0b002001 0b001801 10000 100 3562331 2052073551 1301364 1115328
0b001a01 0b002801 10000 100 15363 2052656110 819230 817950
0b001901 0b000601 10000 100 16995 2053533051 18048 18064
0b002c01 0b001201 10000 100 175611 2052780370 873642 831384
0b001001 0b002301 10002 100 190277 2052905442 833004 832615
0b000a01 0b000501 10000 100 526699 2053646612 145048 56639
0b001201 0b000e01 10000 100 83884 2053690952 129809 23673
0b000701 0b000501 10000 100 8094045 2053316192 731356 682768
0b001801 0b001501 10000 100 47507 2054093704 16592 16464
0b000401 0b002e01 10000 100 649354 2053194545 925755 871104
0b001f01 0b003801 10000 100 1172377 2053162052 1014254 914954
0b003201 0b001001 10000 100 310823 2053452164 844030 842720
0b002701 0b003201 10000 100 721409 2054391091 77221 77125
0b000a01 0b001001 10001 100 79735 2054352270 129723 23326
0b002b01 0b000801 10000 100 1952085 2053652811 993836 980326
0b002e01 0b003201 10000 100 49385 2054631407 26062 20782
0b000b01 0b002a01 10000 100 9655793 2053070749 1682393 1626202
0b003401 0b000401 10000 100 31324 2054149817 824744 819288
0b000401 0b001301 10001 100 8804 2054997742 88135 17378
0b003901 0b003401 10001 100 20797 2055096245 15868 14224
0b000001 0b001901 10000 100 2607 2055144046 33855 16860
0b001b01 0b002a01 10000 100 4842650 2054090738 1232007 1222669
0b000101 0b002b01 10000 100 50996 2054622263 823325 820935
0b000101 0b001101 10000 100 287 2055464175 16387 16666
0b002101 0b001c01 10000 100 769907 2054527857 956154 881209
0b002801 0b001001 10000 100 6578 2054747857 817468 817213
0b000101 0b002b01 10001 100 29400 2054809790 819308 819127
0b002501 0b000001 10000 100 929533 2054712383 972704 894593
0b000f01 0b003201 10000 100 961126 2054710789 983291 897244
0b001901 0b001801 10000 100 67845 2055889509 9928 9848
0b003501 0b001601 10000 100 49764 2055155496 822372 820833
0b000001 0b000201 10000 100 4937014 2055560716 418805 418083
0b002301 0b001801 10000 100 38730 2055207537 820726 819908
0b003301 0b002201 10000 100 22156 2056042433 21014 18500
0b002701 0b002d01 10001 100 63959 2055961625 183967 17842
0b002401 0b000b01 10000 100 14678 2055328274 823509 817891
0b002401 0b000c01 10001 100 189214 2055312778 848981 832526
0b000701 0b001001 10000 100 26997 2056162427 18940 18903
0b001501 0b003401 10001 100 23950515 2053160512 3026246 2824673
0b003e01 0b002d01 10000 100 24086 2056170134 39725 18662
0b001901 0b001101 10000 100 6614 2056223161 13229 13036
0b001d01 0b002301 10000 100 49984 2055508458 820849 820850
0b002a01 0b002d01 10001 100 34823 2056403764 14150 11240
0b002801 0b002d01 10000 100 1362085 2056383872 125613 122520
0b002a01 0b000c01 10000 100 3368 2055729640 817095 816944
0b000d01 0b000001 10000 100 37322 2056563640 15650 15611
0b003401 0b003d01 10001 100 1970876 2056575163 221668 177718
0b000f01 0b000901 10001 100 148045 2056799955 20975 20735
0b000101 0b003601 10001 100 8434065 2055363625 1532953 1523775
0b001f01 0b003f01 10000 100 75934 2056083722 823308 823026
0b001d01 0b002001 10000 100 23948 2055540263 1440268 818668
0b000201 0b000b01 10000 100 1396014 2056912300 133073 129525
0b002b01 0b001601 10000 100 1859005 2056142439 972922 972522
0b001c01 0b001301 10000 100 2264 2057171190 12637 12672
0b003101 0b002601 10000 100 5830286 2055696648 1648213 505453
0b000b01 0b000f01 10000 100 43000 2057427045 11880 11925
0b002301 0b003c01 10000 100 4171235 2056129438 1313836 366359
0b000001 0b000a01 10000 100 184303 2057584016 28737 27934
0b003401 0b003701 10000 100 589605 2057590804 53620 53594
0b002c01 0b001101 10000 100 6283 2056830011 817173 817189
0b000501 0b002201 10000 100 29551 2056494234 1364612 819139
0b002001 0b000501 10000 100 25626 2057041294 818796 818809
0b000201 0b001e01 10000 100 3926 2057784435 80458 16969
0b002e01 0b001901 10001 100 9516247 2055322163 2644920 1614505
0b002101 0b003f01 10000 100 16304 2057953336 17992 18009
0b002f01 0b002201 10000 100 78989 2057953470 19287 19102
0b000201 0b002b01 10000 100 1601743 2057026140 956690 950951
0b003601 0b001a01 10000 100 27044 2057278945 818930 818931
0b001301 0b002c01 10000 100 2338 2057059665 1109989 816858
0b002e01 0b003a01 10000 100 75761 2058465482 33399 22992
0b003201 0b001e01 10000 100 90679 2057709857 827725 824263
0b003d01 0b003501 10000 100 50862 2058612225 16988 16744
0b000a01 0b000001 10000 100 52646 2058701230 21234 16895
0b001101 0b000301 10000 100 6349 2058737144 17192 17174
0b002501 0b000c01 10000 100 23612445 2054563556 4197343 2796329
0b003b01 0b001801 10000 100 29269 2057979040 819103 819116
0b001501 0b003801 10000 100 11742 2057986500 817649 817645
0b000401 0b002601 10001 100 48770 2057885494 938730 820749
0b000301 0b002201 10000 100 8254538 2057759835 1514446 1508722
0b001401 0b000a01 10000 100 1425091 2059238654 349387 136123
0b000901 0b001c01 10000 100 1811744 2059325056 554123 168537
0b003601 0b001801 10000 100 1235165 2058920051 1024098 920219
0b001801 0b003801 10000 100 60283 2059225647 826968 821716
0b001401 0b001f01 10000 100 43225 2060061988 16082 16106
0b000f01 0b002401 10000 100 37096 2059197698 950001 819773
0b003301 0b001601 10000 100 6357 2059454764 817305 817195
0b003a01 0b001e01 10000 100 3793293 2058918334 1356778 1134692
0b001601 0b000a01 10000 100 4393 2060354171 17216 17010
0b003b01 0b000201 10000 100 24733 2059505102 1001567 818734
0b003b01 0b003c01 10000 100 48340 2060508319 12331 12375
0b000f01 0b003401 10000 100 3163497 2059585898 1090711 1081889
0b001c01 0b001501 10000 100 3299 2060693849 12816 12759
0b002101 0b002801 10000 100 2858739 2060458113 252579 252157
0b003c01 0b001901 10000 100 1339112 2059620186 1160039 928934
0b000501 0b003a01 10002 100 49990 2059850078 1029413 820851
0b002001 0b002401 10000 100 2951212 2060823405 256173 255752
0b003501 0b000501 10000 100 75543 2059979589 1238105 822995
0b002501 0b003a01 10000 100 119367 2060780600 440470 26650
0b002a01 0b000701 10000 100 2937149 2060291604 1083972 1062913
0b002c01 0b001b01 10000 100 243083 2060565595 841269 837043
0b002601 0b002401 10001 100 13642 2061456707 5239 5305
0b003801 0b001401 10000 100 2343394 2060067556 1594217 1013132
0b003201 0b000a01 10000 100 716809 2060212001 1478648 876758
0b001901 0b002301 10001 100 33893 2060978577 819820 819502
0b000601 0b002201 10000 100 20105 2060981960 819045 818349
0b003101 0b003b01 10000 100 67045 2061888699 18352 18104
0b001f01 0b001701 10001 100 872392 2061829300 92869 85623
0b000b01 0b001301 10001 100 8471971 2057513009 4414161 726930
0b000a01 0b003d01 10002 100 29707692 2057728592 4308907 3307354
0b002501 0b002001 10001 100 1265803 2061965879 114596 114445
0b001901 0b001b01 10000 100 1290106 2062058348 112464 112325
0b001201 0b002001 10000 100 583559 2061327883 865919 865587
0b001b01 0b000601 10001 100 1752521 2061685629 538316 163573
0b003801 0b002d01 10000 100 3134484 2061968202 302039 279437
0b001901 0b003201 10000 100 56123 2060923328 1354704 821368
0b001801 0b002e01 10000 100 7570 2061492138 824917 817296
0b001501 0b003701 10000 100 474722 2060926203 1436528 856461
0b000e01 0b000001 10000 100 41289 2062373011 19290 15944
0b000d01 0b000001 10001 100 6046 2062509110 12956 12990
0b000001 0b001d01 10000 100 42918 2062537885 29376 20238
0b003901 0b000801 10001 100 196999 2061571808 1048235 833176
0b003b01 0b001001 10000 100 24886 2061253831 1390866 818746
0b003b01 0b000401 10000 100 801617 2060840797 1815148 883869
0b001a01 0b003401 10000 100 41298 2061307052 1393110 820125
0b002001 0b001401 10000 100 24171 2061887449 829703 818689
0b000601 0b000901 10000 100 67258 2062725556 18097 18121
0b001e01 0b001301 10000 100 6158998 2062211341 538340 528850
0b003401 0b002401 10001 100 113 2062174913 587431 16652
0b001501 0b001c01 10000 100 32380 2062767773 15484 15197
0b000501 0b000e01 10000 100 17862 2062830411 13981 13978
0b002001 0b001d01 10000 100 7038563 2061383172 1492358 1406774
0b001801 0b000801 10000 100 3396 2062890889 18248 16927
0b001b01 0b001101 10000 100 28419 2062896970 16875 14864
0b000a01 0b001b01 10000 100 295972 2062892205 45530 41454
0b003e01 0b002001 10000 100 1502838 2062224012 742500 142638
0b000301 0b001501 10000 100 59884 2063050274 31193 21661
0b003701 0b000601 10000 100 110767 2061857809 1324523 825947
0b003701 0b001701 10001 100 63332 2061988627 1193961 821972
0b001f01 0b003701 10000 100 6487 2061776558 1453863 817205
0b000801 0b003801 10001 100 6804546 2060966790 2538915 1387154
0b000e01 0b002401 10000 100 3294 2062746616 816921 816938
0b000601 0b000901 10001 100 55450 2063567224 17104 17131
0b000c01 0b003101 10000 100 18810446 2059917818 3672263 2393729
0b002501 0b001e01 10000 100 41778 2062794867 825900 820163
0b003301 0b000501 10000 100 59915 2062850843 821783 821683
0b001f01 0b000201 10000 100 12202 2063751314 17656 17666
0b002b01 0b001501 10000 100 7196947 2062330864 1495062 1420052
0b000601 0b002201 10001 100 723219 2063030248 884770 877297
0b003f01 0b003d01 10000 100 8620757 2063194463 728237 726925
0b001001 0b002601 10000 100 13951 2063141621 818903 817829
0b001501 0b002601 10000 100 1491989 2063122098 947869 941748
0b000e01 0b001f01 10000 100 67411 2064166117 23801 22294
0b002701 0b002301 10000 100 114517 2064184836 17889 17922
0b000d01 0b000601 10000 100 3337338 2064181877 292783 292284
0b001d01 0b002d01 10000 100 9805 2063657091 817573 817482
0b003701 0b002f01 10000 100 44878 2064475541 20390 20403
0b002601 0b002801 10000 100 24997 2064519339 14544 14575
0b002801 0b003301 10000 100 43040 2064530189 20467 20252
0b001b01 0b000a01 10001 100 3442181 2064239349 313053 305235
0b001401 0b001c01 10000 100 1083367 2064464795 131454 103311
0b001201 0b001a01 10000 100 575051 2064726762 109304 60695
0b002201 0b001601 10001 100 59351 2064193901 821907 821638
0b003901 0b002b01 10000 100 1431298 2064909968 139172 136642
0b003301 0b000301 10000 100 54276 2064395307 851777 821213
0b002f01 0b003501 10000 100 7815 2065251995 20273 17295
0b003001 0b003901 10000 100 60830 2065315947 23353 17580
0b003a01 0b001001 10000 100 1019159 2064528688 948455 902109
0b003a01 0b001801 10000 100 32904 2064845227 819904 819419
0b003b01 0b001a01 10000 100 24748 2064958354 820736 818735
0b001801 0b002301 10000 100 2984 2065039902 817097 816910
0b000001 0b003e01 10000 100 24474 2065025995 866431 818713
0b003c01 0b000f01 10002 100 34523 2065178283 822359 819556
0b001401 0b003d01 10001 100 59146 2065268124 940962 821622
0b000f01 0b002d01 10000 100 75853 2065381991 882254 823020
0b002601 0b000201 10000 100 22329 2065465290 818735 818534
0b000801 0b003201 10000 100 6458161 2064890180 1417793 1358115
0b002701 0b003201 10001 100 408002 2066578493 51724 50850
0b003301 0b001101 10000 100 6520402 2065124986 1515329 1363332
0b003a01 0b000701 10000 100 2030221 2065556898 1118734 986876
0b003d01 0b003801 10000 100 5126 2066674013 8702 8753
0b002a01 0b002601 10000 100 26134 2066710249 14643 14674
0b000101 0b001a01 10000 100 8792018 2064659423 2303755 753766
0b000c01 0b001d01 10000 100 7580503 2062319770 4798765 652191
0b000401 0b001501 10000 100 20152 2067196939 18939 18332
0b001d01 0b002801 10000 100 1602035 2066405261 954834 950978
0b003301 0b003c01 10000 100 54114 2067343435 16993 17020
0b000101 0b003501 10000 100 3154 2066799813 817183 816927
0b003201 0b002801 10000 100 9968 2067634255 18229 17475
0b000601 0b003601 10000 100 11115 2066999433 817831 817595
0b003201 0b002b01 10000 100 64939 2067818630 22075 22084
0b002f01 0b002301 10000 100 190677 2067828747 28462 28467
0b003c01 0b000801 10000 100 6084 2067261998 817165 817173
0b001601 0b001b01 10000 100 27208 2068072336 16161 14764
0b003f01 0b002501 10000 100 9321215 2067362795 800442 798133
0b001701 0b003701 10000 100 714546 2067332724 876666 876569
0b003701 0b003e01 10001 100 12889 2068313767 13527 13561
0b002901 0b000c01 10000 100 7604 2067527788 817369 817299
0b002401 0b001b01 10001 100 72530 2067583184 828749 822742
0b001101 0b001a01 10000 100 2257 2068425937 12694 12672
0b001b01 0b003701 10000 100 172801 2067732749 831510 831148
0b000901 0b002001 10000 100 777284 2067995478 947158 881830
0b003e01 0b002901 10002 100 784087 2068954509 82779 82381
0b003101 0b001501 10000 100 24234 2068287730 819185 818694
0b002e01 0b002101 10000 100 6127014 2068087912 1204377 526172
0b000601 0b001601 10000 100 179064 2069309791 36062 31656
0b002f01 0b002d01 10001 100 9285 2069367638 4875 4941
0b000201 0b003c01 10000 100 72586 2068573530 824568 822747
0b003201 0b003e01 10000 100 9312 2069500716 13966 13263
0b003201 0b000c01 10000 100 756201 2068668240 880374 880062
0b003101 0b003c01 10000 100 44994 2069595201 19999 16252
0b003501 0b002401 10002 100 52768 2069602874 32459 21064
0b002a01 0b001b01 10001 100 55745 2068832508 821788 821334
0b000c01 0b001a01 10000 100 3502108 2067890476 1840433 310260
0b001d01 0b003401 10001 100 39485 2068914876 821702 819972
0b001101 0b002f01 10000 100 69967 2068942285 828330 822526
0b000501 0b003501 10000 100 2200827 2068694589 1215408 1001178
0b002101 0b002501 10000 100 9049 2069937443 9032 9082
0b001c01 0b003c01 10000 100 4026011 2068733765 1314193 1154204
0b003a01 0b000a01 10000 100 1520683 2069252956 1036177 944155
0b003301 0b002901 10000 100 6498 2070333741 17563 17186
0b000701 0b002301 10000 100 57745 2069630872 823342 821502
0b003201 0b003701 10000 100 75687 2070573346 15299 14666
0b000901 0b000e01 10000 100 3378686 2070499273 292079 291590
0b003c01 0b002a01 10000 100 28104 2070842113 18984 18999
0b001301 0b003a01 10000 100 37429 2070091210 819794 819800
0b000601 0b003701 10000 100 72348 2070173986 828931 822728
0b003b01 0b002901 10000 100 25337 2071132191 18751 18766
0b001001 0b002b01 10001 100 24715 2070402634 818732 818733
0b003c01 0b003501 10000 100 767393 2071248369 82780 76820
0b003e01 0b002d01 10001 100 57524 2071359116 21678 21464
0b002901 0b001601 10001 100 37860 2070606198 820492 819834
0b000701 0b002801 10000 100 6010856 2069930965 1509588 1320610
0b001501 0b002c01 10000 100 1507897 2070383018 1070043 943082
0b002201 0b002d01 10000 100 16389 2071576211 13823 13856
0b000501 0b001601 10001 100 75111 2071682181 31258 22940
0b003501 0b000801 10000 100 153528 2071165727 835642 829533
0b000701 0b003401 10001 100 79328 2071258684 826093 823313
0b002801 0b001801 10000 100 30332 2071277307 822537 819205
0b003d01 0b002501 10000 100 74068 2072269935 32680 22853
0b001e01 0b002101 10000 100 1925 2071531409 881788 816821
0b003101 0b002e01 10000 100 1158117 2072228909 222257 113739
0b001001 0b003c01 10000 100 9644356 2070846136 1629842 1625245
0b001c01 0b000d01 10000 100 188975 2072501439 51807 32483
0b002501 0b001501 10000 100 76785 2071979522 930748 823098
0b003a01 0b001701 10000 100 949496 2071859970 1081567 896267
0b002a01 0b003c01 10000 100 120586 2072994012 105038 26751
0b000701 0b000f01 10000 100 126463 2073113501 23541 23084
0b002401 0b002101 10000 100 20844246 2071421212 1779367 1755904
0b003701 0b000101 10000 100 4866777 2071652680 1563044 1224691
0b001f01 0b002f01 10001 100 12061 2072386121 930339 817674
0b003601 0b000301 10000 100 45298 2072524153 825023 820460
0b002801 0b000c01 10001 100 22578 2072578378 831456 818554
0b003301 0b000d01 10002 100 3913113 2072192193 1327052 1144738
0b001801 0b003301 10000 100 1147489 2072546276 1005898 912867
0b000201 0b001b01 10000 100 2823 2073460176 96972 16877
0b000e01 0b003801 10001 100 26616 2072759131 821084 818892
0b000a01 0b003401 10000 100 2583422 2072346677 1303820 1033256
0b000d01 0b003201 10000 100 5824407 2072074128 1577037 1304980
0b000a01 0b003c01 10000 100 1097211 2072571051 1149012 908653
0b001601 0b002c01 10000 100 43303 2072921855 822031 820293
0b003601 0b001901 10001 100 89355 2072969534 863215 824154
0b000b01 0b001f01 10000 100 28684850 2060297134 13565200 2421578
0b001401 0b001301 10000 100 1405279 2073817727 138410 126141
0b003301 0b000b01 10000 100 7939 2073032994 927677 817325
0b002701 0b001901 10001 100 21581114 2071212719 2752099 2626024
0b001901 0b001d01 10001 100 27396 2073958230 11300 10619
0b000001 0b003301 10000 100 6835 2073154229 817221 817233
0b001f01 0b003701 10001 100 9598 2073190655 817691 817466
0b002501 0b001401 10000 100 5390 2073250575 817353 817114
0b003d01 0b002e01 10001 100 4213833 2072535391 1573273 369928
0b002d01 0b001a01 10000 100 1296020 2073138543 975278 925322
0b001901 0b000a01 10001 100 4475 2074214261 17175 17017
0b003201 0b000201 10000 100 4576987 2072908764 1370283 1200394
0b003301 0b002401 10000 100 4622195 2072739286 1549094 404167
0b000b01 0b003901 10000 100 47866 2073592294 823886 820673
0b002f01 0b001101 10000 100 45445 2073606387 820682 820472
0b003f01 0b000401 10000 100 24044 2073619825 819761 818679
0b001a01 0b001f01 10000 100 8814844 2072657845 1785030 747357
0b000d01 0b002301 10000 100 1224728 2073539896 1004864 919342
0b001701 0b003a01 10000 100 77386 2073722468 825361 823150
0b001501 0b003c01 10000 100 1615 2073786414 816779 816796
0b003f01 0b000e01 10001 100 38349 2073859592 822243 819877
0b000e01 0b002901 10000 100 9904 2073864990 817598 817490
0b000901 0b002901 10000 100 17993 2073923326 818245 818168
0b001e01 0b001801 10000 100 8848735 2072691277 2086257 750198
0b002501 0b001001 10000 100 4216 2073988170 869383 817016
0b000501 0b001301 10000 100 8374 2075013049 17326 17344
0b002d01 0b001c01 10000 100 75495 2074233636 823186 822991
0b003b01 0b002501 10000 100 48654 2075315103 20913 20720
0b001301 0b003a01 10001 100 35282 2074440189 902464 819620
0b002a01 0b001a01 10000 100 29266 2074559005 819115 819116
0b001701 0b000701 10000 100 19718915 2069092633 6303077 1669874
0b001201 0b002301 10000 100 2433276 2074316068 1123158 1020668
0b000001 0b002001 10000 100 76540 2074739162 823081 823078
0b002501 0b003d01 10000 100 48051 2075591945 20660 20672
0b002b01 0b003801 10000 100 24362 2075603944 20849 18684
0b000f01 0b000401 10000 100 5528 2075680221 13563 12945
0b000a01 0b000801 10000 100 7622607 2075260778 650651 643240
0b000301 0b000801 10000 100 40667 2076016891 16222 15890
0b000801 0b000b01 10000 100 1890 2076284534 4251 4318
0b000001 0b003c01 10000 100 2061 2075499177 817560 816836
0b000401 0b002701 10001 100 40393 2075500347 822725 820048
0b002101 0b003b01 10000 100 3331050 2076070585 301404 295918
0b003301 0b001101 10001 100 602534 2075528137 867258 867178
0b003e01 0b001801 10000 100 29950 2075681009 820491 819171
0b000f01 0b002801 10000 100 3696077 2075316314 1220844 1126542
0b002b01 0b000001 10001 100 5787224 2075178956 1375219 1301863
0b002901 0b002701 10000 100 1340747 2076448056 125068 124889
0b001101 0b000401 10000 100 82852 2076668310 33943 23586
0b000101 0b002401 10000 100 757292 2075846341 888081 880154
0b002d01 0b003101 10000 100 29732 2076732584 19340 19133
0b000f01 0b001c01 10000 100 1496915 2076610725 156900 142141
0b003a01 0b002f01 10000 100 51612 2076883964 99598 20968
0b000001 0b001401 10000 100 40651 2076916177 78844 20049
0b000901 0b002601 10000 100 941823 2076241492 895864 895623
0b001101 0b002001 10000 100 744223 2076351352 879178 879058
0b000701 0b000a01 10000 100 67493 2077224453 19370 18140
0b000c01 0b002a01 10000 100 17336 2076456096 866006 818116
0b000e01 0b000c01 10001 100 3884 2077492129 4419 4486
0b001501 0b002c01 10001 100 5873926 2076044041 1515490 1309130
0b001801 0b002f01 10000 100 1471498 2076509605 1255356 940032
0b001901 0b002f01 10001 100 978763 2076587384 1250749 898720
0b002401 0b001701 10000 100 8534 2076695960 1149877 817377
0b001401 0b000c01 10001 100 60617 2077844933 21713 21723
0b002e01 0b003901 10000 100 43300 2077574948 408130 20272
0b000101 0b002201 10000 100 95624 2076874054 1186454 824678
0b001401 0b000501 10000 100 208909 2077949476 134427 34155
0b003e01 0b000d01 10000 100 5667 2077204308 888234 817136
0b001901 0b002001 10000 100 2379 2077000530 1118140 816861
0b002e01 0b003d01 10000 100 939149 2078047246 99264 95381
0b000001 0b000601 10000 100 1332852 2078097951 120228 120066
0b001001 0b002001 10000 100 28660 2077181681 1204073 819064
0b003601 0b003f01 10000 100 1367613 2078272418 127325 127142
0b001c01 0b002b01 10000 100 60448 2077521840 896432 821730
0b001301 0b003801 10000 100 1467495 2077578901 939952 939696
0b002701 0b000b01 10000 100 13675 2077098376 1482726 817807
0b000b01 0b001401 10000 100 27859 2078714736 19093 18976
0b001101 0b003801 10000 100 49299 2077981798 925463 820795
0b000201 0b002301 10000 100 871800 2077988587 927926 889752
0b000001 0b000601 10001 100 6186892 2078391885 528063 527029
0b002301 0b002f01 10000 100 1859631 2078758828 175998 168392
0b003801 0b001501 10000 100 24099 2078167849 818670 818683
0b002401 0b002601 10000 100 30195 2078991251 6632 6694
0b002b01 0b000901 10000 100 2126056 2077015745 2076441 994912
0b002a01 0b003201 10000 100 74804 2078177365 959673 22912
0b002801 0b000601 10001 100 1985229 2077004940 2163134 983104
0b002201 0b000001 10000 100 23116 2078380619 818875 818601
0b003a01 0b001f01 10000 100 15044 2078356246 931164 817924
0b002101 0b000401 10000 100 1830992 2078543348 984409 970170
0b001d01 0b001701 10000 100 1533 2079627664 12575 12610
0b001d01 0b002901 10000 100 2147 2077827812 1948387 816843
0b000a01 0b002301 10000 100 16954940 2076404403 3401660 2238162
0b003701 0b002401 10000 100 1098822 2079713523 108978 108765
0b001d01 0b003301 10000 100 6400 2079113764 817232 817198
0b002901 0b002001 10000 100 41140 2079921349 19328 15932
0b002a01 0b000401 10000 100 4484 2079200109 826463 817037
0b001c01 0b002301 10000 100 160849 2079149125 881827 830146
0b001e01 0b002801 10001 100 455762 2078030939 2030248 854872
0b000f01 0b003a01 10000 100 13260 2079337830 817870 817774
0b000401 0b001401 10000 100 87296 2080159649 34220 23961
0b002b01 0b001e01 10000 100 6000 2078434639 1843398 817163
0b003701 0b000a01 10000 100 5713192 2078978199 1319080 1295657
0b003c01 0b000601 10000 100 64172 2079461274 842106 822043
0b000501 0b000f01 10000 100 9866 2080412523 13273 13307
0b001901 0b002801 10000 100 20636 2078643437 1846457 818391
0b002c01 0b000301 10000 100 79580 2079707393 826946 823333
0b000301 0b003101 10000 100 961437 2079657883 901153 897269
0b003601 0b003501 10000 100 664466 2080636709 59909 59870
0b001f01 0b001b01 10000 100 567100 2080761145 55908 55869
0b002701 0b002e01 10000 100 2738 2081000785 12708 12710
0b001b01 0b001501 10000 100 26070 2081025755 14638 14669
0b003a01 0b002e01 10000 100 37807 2081050230 19797 19810
0b003e01 0b002e01 10000 100 4817 2081183530 17025 17044
0b000301 0b000201 10000 100 6920 2081224747 4674 4740
0b001f01 0b000301 10000 100 12743 2081156419 95151 17709
0b000901 0b000801 10001 100 196335 2081287296 20587 20623
0b001f01 0b002101 10000 100 27245783 2077075434 4284139 3100947
0b000201 0b002301 10001 100 28609 2079899290 1462710 819060
0b000301 0b000e01 10000 100 65515 2081368717 18073 17974
0b001001 0b001301 10000 100 42774 2081387696 7915 7747
0b000d01 0b000101 10000 100 77230 2081396558 22126 18957
0b003301 0b000901 10001 100 16553 2080858559 818034 818049
0b002301 0b003001 10001 100 18764 2081830901 18474 18214
0b003801 0b001601 10000 100 111907 2081026314 826849 826042
0b003b01 0b002301 10000 100 16009 2081776306 357926 17986
0b000801 0b000601 10000 100 69967 2082131169 18582 18346
0b003101 0b001401 10000 100 24820 2081245899 904063 818741
0b000501 0b001b01 10000 100 4107867 2081833249 384173 361044
0b003b01 0b000d01 10000 100 17461 2081478349 818207 818126
0b002001 0b002c01 10000 100 7163920 2081621826 710966 613103
0b003601 0b002901 10002 100 685813 2081863176 548812 74139
0b003b01 0b000c01 10001 100 20236 2081609185 823555 818359
0b003f01 0b001401 10000 100 30799 2081758420 842348 819242
0b002d01 0b002001 10000 100 171838 2082558242 58438 26887
0b000601 0b000e01 10000 100 929314 2082623284 90645 90396
0b001701 0b000c01 10000 100 262014 2082766126 41289 38611
0b001f01 0b003901 10000 100 29229 2081988575 827715 819113
0b000501 0b000401 10000 100 22272 2082985778 5966 6030
0b003b01 0b003c01 10001 100 5640 2083033792 25344 8794
0b001001 0b000101 10000 100 4051049 2081013449 2184293 356283
0b003401 0b002c01 10000 100 5817101 2081785843 1412944 504349
0b003801 0b003301 10000 100 6136788 2082654891 544459 526989
0b001701 0b001a01 10000 100 2985544 2083010637 265271 262789
0b000301 0b000801 10001 100 61426 2083284880 54916 17632
0b003901 0b001301 10000 100 65713 2082512981 841707 822170
0b001001 0b003c01 10001 100 6958 2082535126 824933 817243
0b000a01 0b003101 10000 100 2801194 2082349327 1101026 1051515
0b000b01 0b000001 10000 100 8477 2083521344 13494 13192
0b003b01 0b000501 10000 100 191017 2082836608 924321 832678
0b000401 0b003201 10000 100 98948 2083055186 827874 824956
0b003401 0b000e01 10001 100 56302 2082980286 933656 821383
0b003701 0b003001 10000 100 3740772 2083779750 342013 321947
0b002001 0b001201 10000 100 185703 2083374923 832965 832230
0b002b01 0b000d01 10000 100 1481 2083405866 816772 816786
0b000901 0b001f01 10000 100 23217 2084234953 18665 18589
0b000601 0b002901 10000 100 1081668 2083237517 1026930 907348
0b003201 0b003501 10000 100 7580 2084285506 8930 8957
0b001c01 0b000901 10000 100 2421689 2083243316 1053133 219675
0b002e01 0b002701 10001 100 9639 2084329898 13998 13289
0b003001 0b002701 10000 100 8105972 2082218065 2154322 696244
0b002f01 0b003b01 10000 100 13985296 2081869012 2503443 1189169
0b001601 0b000c01 10000 100 497180 2084307276 71250 58326
0b003501 0b000101 10000 100 6147370 2082990217 1472258 1332057
0b000301 0b002101 10000 100 3121487 2083263038 1220397 1078367
0b000501 0b003e01 10000 100 125725 2083594144 900430 827201
0b002301 0b001201 10001 100 1356837 2083550632 943981 930417
0b000401 0b003a01 10000 100 8175 2083753699 817414 817348
0b003701 0b001401 10000 100 173476 2083777843 843816 831206
0b003401 0b002401 10002 100 2258065 2084420816 206301 205959
0b002801 0b000601 10002 100 69576 2083832881 828611 822494
0b001301 0b002701 10002 100 25428627 2080005251 4728640 2948597
0b002b01 0b000f01 10000 100 1946656 2083983802 1170818 979868
0b000901 0b002601 10001 100 39820 2084360590 820895 819999
0b003801 0b000301 10000 100 4204141 2083831764 1373971 1169138
0b003b01 0b003401 10000 100 992024 2085123664 101439 95655
0b003e01 0b003b01 10000 100 14222182 2084034783 1221823 1200710
0b002201 0b003e01 10000 100 186318 2085270073 33009 32263
0b002a01 0b000e01 10000 100 9337 2084492070 817782 817445
0b000c01 0b001901 10001 100 3811 2085406513 17049 16960
0b003601 0b000401 10000 100 4605929 2084232282 1348013 1202821
0b003101 0b000301 10000 100 1027715 2084810359 904177 902824
0b000601 0b003e01 10000 100 23757 2084966249 819631 818652
0b003701 0b001101 10000 100 602969 2085072709 894318 867213
0b000001 0b002501 10000 100 387085 2085144038 849993 849116
0b000d01 0b002101 10000 100 32085 2085269172 868356 819353
0b003e01 0b003001 10000 100 5897448 2085853638 507832 506924
0b001901 0b000001 10000 100 4995545 2083372884 3221897 435468
0b001d01 0b002f01 10000 100 332925 2085750899 848446 844572
0b000501 0b002a01 10001 100 57700 2085742060 883648 821498
0b002201 0b003901 10000 100 54837 2086969499 21227 21238
0b003701 0b000801 10000 100 29533 2086174552 820014 819137
0b001c01 0b002f01 10000 100 21029 2086162945 836754 818426
0b003501 0b001d01 10000 100 53103 2086281528 821430 821115
0b000401 0b001201 10001 100 1152260 2086946354 317923 113248
0b000101 0b000001 10000 100 7981 2087448227 4762 4829
0b000d01 0b002b01 10000 100 7535852 2085790124 1676302 1448466
0b001b01 0b001501 10001 100 51198 2087554094 17084 16775
0b002001 0b000b01 10000 100 167579 2086542870 1041290 830711
0b003b01 0b001001 10001 100 221432 2086756818 844692 835227
0b002901 0b002d01 10000 100 105321 2087593910 17706 17152
0b003801 0b000b01 10000 100 198443 2086763997 884457 833299
0b002c01 0b000f01 10000 100 60551 2086633475 1029313 821738
0b003801 0b002e01 10000 100 25266 2087612538 114879 18761
0b000e01 0b001001 10000 100 7966612 2079838991 7941919 684562
0b001c01 0b002c01 10000 100 73514 2086893115 893154 822825
0b000001 0b001201 10000 100 1580658 2087735352 158412 149163
0b000b01 0b003b01 10000 100 3429928 2086673065 1340941 1104225
0b002701 0b003701 10000 100 1140379 2087825066 244088 112251
0b002201 0b003f01 10000 100 1718255 2087896574 196222 160701
0b000e01 0b002001 10001 100 2675902 2086695633 1406064 1041008
0b002301 0b000f01 10000 100 20812283 2085397631 2794646 2561564
0b002d01 0b001901 10000 100 62277 2087395562 828366 821884
0b003f01 0b001f01 10000 100 2382432 2087292061 1026707 1016405
0b001a01 0b000801 10000 100 2559076 2085662140 2743677 231196
0b003b01 0b000e01 10000 100 913290 2087576503 906037 893232
0b001301 0b002001 10000 100 49009 2087548733 935790 820772
0b000401 0b002c01 10001 100 8992780 2086637811 1860614 1570615
0b002701 0b003001 10000 100 168377 2088485586 35245 30759
0b001401 0b003201 10001 100 7026 2087761035 817256 817252
0b000b01 0b002a01 10001 100 1272360 2087635074 944088 923337
0b002001 0b001e01 10000 100 2739 2087982772 849544 816890
0b000701 0b002e01 10000 100 494 2088029294 816412 816703
0b000701 0b000b01 10000 100 7700127 2085708514 3198886 658062
0b003b01 0b002401 10000 100 85090 2088885359 23919 23777
0b000201 0b003a01 10001 100 1994 2088109853 816809 816827
0b000a01 0b000e01 10000 100 4632576 2088562533 402694 396716
0b003f01 0b000401 10001 100 64155 2088265556 822150 822042
0b002501 0b000201 10001 100 21126 2088473115 818420 818434
0b002901 0b003701 10001 100 8121843 2086672552 2673224 697575
0b000201 0b000b01 10001 100 316522 2089400074 39034 39019
0b002f01 0b001101 10001 100 30291 2088737775 819228 819202
0b000501 0b000601 10000 100 73878 2089763400 10298 10354
0b002101 0b003701 10000 100 208629 2089747218 34146 34132
0b002a01 0b000d01 10000 100 191856 2089063159 845013 832745
0b001d01 0b001e01 10000 100 25883 2089920879 6267 6330
0b001c01 0b000a01 10000 100 28295 2090150487 19176 19014
0b000301 0b003b01 10000 100 6306 2089368739 817182 817191
0b003101 0b001601 10000 100 1389550 2089310060 1003679 933161
0b003d01 0b001601 10000 100 102979 2089535618 825384 825293
0b001901 0b000a01 10000 100 28637269 2073451872 17073074 2417591
0b003901 0b003801 10000 100 396921 2090527199 37434 37438
0b003b01 0b003701 10000 100 1689193 2090428365 154339 154105
0b000c01 0b001e01 10000 100 28942 2090564542 19471 19066
0b000001 0b002e01 10000 100 30435 2089929285 819285 819213
0b000501 0b000d01 10000 100 28245 2091103946 14840 14850
0b001801 0b002601 10001 100 21935 2090229025 945826 818499
0b001601 0b002f01 10000 100 1496366 2090105074 1070077 942117
0b001e01 0b000301 10000 100 1423846 2091022184 177759 136015
0b001101 0b002b01 10001 100 1878557 2090099761 1101983 974159
0b001401 0b003f01 10000 100 621102 2090312071 942510 868736
0b002601 0b003e01 10000 100 1632920 2090589354 697804 153544
0b001301 0b003601 10000 100 1649 2090602216 816782 816799
0b003301 0b000a01 10000 100 575439 2090604998 952930 864906
0b002501 0b003601 10000 100 7382 2091802818 43875 17261
0b002301 0b002001 10000 100 1524544 2091718027 132155 131979
0b000f01 0b001401 10000 100 29622222 2073352306 18552160 2500170
0b003901 0b001801 10000 100 128910 2091191860 829268 827468
0b002c01 0b001101 10001 100 65476 2091229874 822514 822151
0b003301 0b003e01 10001 100 54972 2092048024 17074 17088
0b000801 0b002501 10000 100 24848 2091260570 819366 818743
0b003a01 0b000f01 10000 100 2678354 2091162532 1075394 1041215
0b002f01 0b000c01 10000 100 1094 2091466092 816767 816755
0b000201 0b001f01 10000 100 1914149 2092103986 182832 177125
0b000301 0b003c01 10000 100 3098310 2091245155 1076903 1076424
0b001401 0b001201 10000 100 109643 2092383507 17479 17513
0b001d01 0b002001 10001 100 52860 2091591097 825454 821092
0b002001 0b000301 10000 100 3921 2091890435 816984 816989
0b001d01 0b001701 10001 100 72364 2092789878 18593 18549
0b000b01 0b002901 10000 100 23883 2092088559 829198 818662
0b000c01 0b003801 10000 100 2803 2092103491 816878 816895
0b001f01 0b002901 10001 100 8597345 2091315229 1627835 1537463
0b001f01 0b002601 10001 100 47928 2092158551 821121 820678
0b001701 0b002901 10000 100 20766 2092164089 818683 818401
0b003a01 0b002801 10000 100 3605449 2090594857 2411378 318922
0b000201 0b001e01 10001 100 18831 2093158306 24518 18219
0b003301 0b000801 10000 100 1912061 2092285845 984761 976970
0b002101 0b002801 10001 100 44893 2093490012 16458 16244
0b003201 0b003701 10001 100 6069980 2092841320 692694 517227
0b000201 0b003001 10000 100 42669 2092730324 820837 820238
0b002201 0b001f01 10000 100 5176224 2092321059 1268439 1250637
0b000e01 0b000f01 10000 100 16486308 2092231690 1400049 1386374
0b000001 0b002801 10001 100 4257347 2092371282 1315130 1173598
0b003201 0b003a01 10001 100 4702170 2093188100 570608 406713
0b000e01 0b002c01 10001 100 132149 2092999848 849818 827742
0b003301 0b002901 10001 100 4807080 2093491166 478742 419669
0b000a01 0b002d01 10000 100 4918053 2092789004 1244126 1228993
0b001101 0b001b01 10001 100 2964 2094023379 12693 12728
0b001701 0b003501 10000 100 19806 2093252156 818531 818321
0b003c01 0b000101 10001 100 46442 2093263687 820905 820555
0b002101 0b003401 10001 100 423 2094164396 16372 16677
0b000601 0b003001 10001 100 1921375 2093291531 988778 977750
0b001601 0b001001 10000 100 25719 2094343405 10429 10477
0b002c01 0b003201 10000 100 71793 2094336417 22707 22659
0b002001 0b000201 10000 100 1460 2093876333 817078 816784
0b000301 0b003e01 10000 100 52784 2094015315 821137 821086
0b001f01 0b001e01 10001 100 3464 2094980989 4385 4452
0b003c01 0b002901 10000 100 2375096 2094721857 318833 215771
0b002101 0b000c01 10000 100 5795650 2093818016 1312722 1302568
0b001701 0b002201 10000 100 368767 2094311256 862907 847578
0b003201 0b003c01 10000 100 1644 2095195161 12583 12619
0b000e01 0b000801 10000 100 48338 2095199897 12331 12375
0b002701 0b002301 10001 100 4292532 2094948860 368843 368207
0b003301 0b003101 10000 100 2716715 2095120354 232297 231930
0b000601 0b002801 10000 100 71687 2094552500 827292 822671
0b003c01 0b002b01 10000 100 7407407 2092805209 2677713 637679
0b002501 0b001501 10001 100 3487862 2094415312 1113299 1109082
0b000c01 0b001201 10000 100 15730 2095614182 19145 17959
0b000b01 0b002601 10000 100 199462 2094814857 844415 833384
0b003301 0b001701 10000 100 26153 2094857247 819598 818855
0b001101 0b001201 10001 100 1374681 2096386397 119566 119414
0b003c01 0b003d01 10001 100 1869287 2096973025 161115 160883
0b001701 0b000701 10001 100 2808 2097315025 17198 16876
0b001d01 0b002201 10000 100 8803923 2095767128 1591315 1554781
0b003c01 0b001301 10000 100 24177 2096627697 819772 818690
0b002501 0b003f01 10000 100 18270 2097818419 18158 18174
0b002b01 0b001601 10001 100 21889727 2094942162 3017976 2651895
0b002301 0b001601 10000 100 50390 2097184201 825028 820887
0b001401 0b001f01 10001 100 9872 2098094828 13274 13308
0b000601 0b002f01 10000 100 1917712 2098032099 985514 977442
0b003501 0b002901 10000 100 2331777 2099248669 218987 212137
0b002101 0b002201 10001 100 6183253 2099495092 523488 522566
0b002b01 0b000701 10000 100 26369212 2096439139 4046930 3027457
0b003b01 0b001401 10000 100 22426301 2098771120 2813618 2696883
