0b003501 0b002b01 10000 100 3251 2000158047 16929 16915
0b001001 0b001401 10000 100 64792 2000269362 13644 13752
0b000f01 0b000901 10000 100 22662 2000341135 10147 10221
0b001501 0b001e01 10000 100 157337 2000461404 25500 25673
0b001401 0b001b01 10000 100 6603 2000644505 12989 13035
0b002301 0b003001 10000 100 41462 2000694860 20056 20118
0b000501 0b001201 10000 100 2404 2000771888 16871 16843
0b001001 0b003401 10000 100 188459 2000045279 832278 832462
0b001201 0b000901 10000 100 68380 2001075000 22655 22375
0b003701 0b001e01 10000 100 773350 2000238105 891290 881500
0b002d01 0b002901 10000 100 14762 2001128619 9547 9558
0b000b01 0b002b01 10000 100 166888 2000324040 830486 830652
0b003101 0b001a01 10000 100 523676 2000295056 869041 860566
0b002901 0b000401 10000 100 2789769 2000141214 1048202 1050555
0b002201 0b001e01 10000 100 16699 2000486514 821251 818061
0b001b01 0b000001 10000 100 37035 2001307466 19690 19748
0b000201 0b003a01 10000 100 2175 2000668027 816821 816845
0b001a01 0b003601 10000 100 22181 2000778822 820285 818522
0b001801 0b003501 10000 100 18689 2000865859 819766 818228
0b002601 0b002001 10000 100 829540 2001668186 77119 77870
0b001201 0b001f01 10000 100 2791569 2001541512 244217 246526
0b001001 0b003201 10000 100 4632115 2000627216 1206047 1205019
0b003701 0b000b01 10000 100 21117 2001070306 819939 818433
0b002601 0b000001 10000 100 24343 2001120489 818843 818703
0b002d01 0b000201 10000 100 67385 2001154860 822241 822311
0b000001 0b003d01 10000 100 1348 2001175942 818072 816775
0b001b01 0b002b01 10000 100 77211 2001320969 823056 823136
0b001101 0b000601 10000 100 31036 2002181536 19378 19245
0b003101 0b001801 10000 100 124166 2001445417 826943 827073
0b002701 0b002d01 10000 100 1527 2002304495 12707 12609
0b002001 0b002501 10000 100 185458 2002325998 23660 23870
0b003301 0b003e01 10000 100 377687 2002357974 43788 44146
0b002e01 0b002c01 10000 100 20760 2002477980 5855 5901
0b000c01 0b003b01 10000 100 994708 2001713889 901025 900057
0b003401 0b003301 10000 100 174134 2002634099 29881 22922
0b000b01 0b001001 10000 100 45835 2002725776 23344 20483
0b000b01 0b000e01 10000 100 7324 2002875624 8875 8936
0b001401 0b001e01 10000 100 2263176 2002786160 200285 202227
0b001a01 0b003d01 10000 100 129366 2002206527 838090 827508
0b001d01 0b002a01 10000 100 1421281 2002134766 945362 935822
0b001701 0b003001 10000 100 63492 2002257598 830665 821985
0b002a01 0b001f01 10000 100 4052 2002208149 934167 817003
0b003c01 0b002601 10000 100 1457992 2002684749 485792 138878
0b001601 0b003701 10000 100 25071 2002497647 820763 818765
0b000801 0b003001 10000 100 2626585 2002168451 1257420 1036874
0b003401 0b000f01 10000 100 133342 2002594935 839402 827841
0b002101 0b003201 10000 100 1920512 2003328215 183997 177657
0b002c01 0b000401 10000 100 9291416 2001927639 1599126 1595654
0b000c01 0b003c01 10000 100 10761282 2000820775 2804388 1718888
0b002e01 0b002901 10000 100 2402087 2003441082 207641 209714
0b003301 0b001401 10000 100 888421 2002933509 897526 891147
0b001601 0b001d01 10000 100 50330 2003841674 20733 16702
0b001001 0b001a01 10000 100 22176 2003863367 14282 14342
0b001401 0b000c01 10000 100 56174 2004062924 27531 21352
0b002a01 0b001d01 10000 100 6600 2003295529 817325 817214
0b003701 0b002e01 10000 100 162837 2003651467 514673 30292
0b000a01 0b001801 10000 100 38987 2004201495 19849 19908
0b001201 0b001f01 10001 100 44204 2004237276 16111 16189
0b000e01 0b002501 10000 100 1339 2003213970 1218362 816774
0b001b01 0b003801 10000 100 31290 2003645054 832911 819286
0b001701 0b003601 10000 100 8636 2003719679 823744 817385
0b001b01 0b003c01 10000 100 191725 2004215384 853581 832735
0b002201 0b000601 10000 100 23650 2004355615 818807 818644
0b001701 0b000301 10000 100 57905 2005192641 21420 21495
0b003a01 0b002301 10000 100 1885 2004205574 1009240 16798
0b003501 0b002201 10000 100 74283 2004209149 1031656 22870
0b000801 0b003901 10000 100 3626 2004448903 840920 816965
0b002401 0b003b01 10000 100 78106 2005261372 57732 23191
0b002801 0b003a01 10000 100 79829 2005340433 53108 23333
0b000c01 0b003301 10000 100 10175 2004576457 862526 817516
0b000e01 0b001c01 10000 100 33815 2005437569 19421 19475
0b002701 0b001801 10000 100 1268260 2004559292 943597 922993
0b001f01 0b000e01 10000 100 17808 2005593971 18092 18133
0b002f01 0b003301 10000 100 2277419 2005152112 477027 207581
0b002901 0b003a01 10000 100 46756 2005368836 264337 20560
0b001101 0b000701 10000 100 546763 2005554152 95019 62481
0b002901 0b002b01 10000 100 2124 2005694992 4270 4341
0b001101 0b002e01 10000 100 165771 2004867862 844064 830559
0b001e01 0b000c01 10000 100 2089667 2005605121 199436 191838
0b003b01 0b002c01 10000 100 8362091 2004766005 1093039 717721
0b002c01 0b003301 10000 100 1219124 2005371082 502091 118854
0b003201 0b003401 10000 100 38909 2005859896 17919 11582
0b001801 0b000601 10000 100 63517 2005870610 31977 21967
0b002001 0b001501 10000 100 49883 2005434091 821214 820842
0b001601 0b002501 10000 100 22417538 2002274755 4028512 2696148
0b003701 0b002601 10000 100 849646 2006268053 276727 87875
0b003301 0b000901 10000 100 4872 2005455538 1178328 817068
0b001b01 0b002201 10000 100 30213 2004598269 2158147 819196
0b000401 0b000b01 10000 100 16249 2006830123 15192 13845
0b003c01 0b000f01 10000 100 125935 2006052540 827583 827218
0b001101 0b001b01 10000 100 1704211 2006699413 188419 155364
0b003e01 0b002701 10000 100 1523340 2005657497 1239145 144359
0b003001 0b001501 10000 100 63171 2006326640 838846 821959
0b001a01 0b002e01 10000 100 48141 2006428146 820633 820699
0b000701 0b002401 10000 100 54813 2006439840 821184 821256
0b001301 0b000201 10000 100 8472 2007295706 18214 17352
0b000601 0b003c01 10000 100 609783 2006328880 1046484 867785
0b003f01 0b001301 10000 100 58399 2006655112 851034 821558
0b000201 0b003701 10000 100 262574 2006623155 1000613 838675
0b003e01 0b001101 10000 100 64158 2006806362 822549 822042
0b001001 0b000b01 10000 100 3331472 2007209164 454168 295952
0b003801 0b003601 10000 100 8141477 2007032210 707380 695063
0b003101 0b002b01 10000 100 1975 2007219753 543508 16805
0b000e01 0b003b01 10000 100 3936659 2006729260 1205229 1146710
0b000701 0b002701 10000 100 73906 2007172020 830839 822856
0b003f01 0b000e01 10000 100 79155 2007340082 823647 823299
0b000701 0b003401 10000 100 25743371 2002614256 5559262 2974986
0b000b01 0b001901 10000 100 178177 2008147618 32104 31581
0b003801 0b001901 10000 100 41532 2007332250 867085 820143
0b003c01 0b003d01 10000 100 14569 2008412701 5302 5383
0b003201 0b002401 10000 100 78966 2008438310 29703 23260
0b002901 0b002801 10000 100 3777694 2008207941 317641 320883
0b003701 0b000c01 10000 100 1185 2007622985 969951 816762
0b001001 0b002701 10000 100 1971246 2006806312 1920965 981932
0b002201 0b000701 10000 100 147323 2007758491 989675 829014
0b003601 0b000801 10000 100 1284254 2006959842 1822649 924334
0b003701 0b001d01 10000 100 111269 2007953933 830354 825991
0b001901 0b002301 10000 100 3419649 2006888315 2133484 1103364
0b002a01 0b000601 10000 100 13379135 2006930043 2157957 1938370
0b000e01 0b001601 10000 100 31435 2009081608 71282 19277
0b001801 0b001301 10000 100 7349 2009325679 13106 13098
0b000d01 0b002d01 10000 100 277228 2008489468 850891 839905
0b003401 0b001801 10001 100 60333 2008673583 874775 821720
0b003201 0b002301 10000 100 23131214 2003318718 6322804 1955964
0b002701 0b003101 10000 100 4382903 2008577959 1240085 384102
0b003a01 0b001b01 10000 100 459493 2008068952 1785726 855185
0b000101 0b003601 10000 100 64549 2009035213 830801 822073
0b002c01 0b003a01 10000 100 35025 2009159155 917495 19580
0b003101 0b000b01 10000 100 4530811 2008977868 1215075 1196523
0b001d01 0b002401 10000 100 25368 2009194212 1001792 818789
0b001401 0b001001 10000 100 35365 2010240699 11228 11287
0b001e01 0b002801 10000 100 5965 2009590376 817307 817160
0b000601 0b000401 10000 100 74078 2010509364 10265 10374
0b001801 0b001601 10000 100 90 2010813635 12217 12491
0b002901 0b002101 10000 100 1700 2010839309 12581 12623
0b001101 0b000801 10000 100 23928 2010854607 18702 18646
0b002901 0b002301 10000 100 33980 2010888618 15939 15328
0b000401 0b001201 10000 100 73724 2010903520 34822 22822
0b003401 0b002901 10000 100 29540 2009918652 1021537 19118
0b003601 0b001901 10000 100 2442691 2006155847 4885559 1021456
0b003701 0b001e01 10001 100 777191 2009912738 1129524 881822
0b002401 0b003701 10000 100 6575824 2009256469 1790192 567957
0b003501 0b001801 10000 100 184453 2009962489 1096840 832126
0b000c01 0b001601 10000 100 121531 2011094487 37705 26830
0b001a01 0b002c01 10000 100 7739 2009298149 1874572 817309
0b001601 0b002401 10000 100 9436308 2006607508 4585478 1607802
0b000401 0b000501 10000 100 1838663 2010885591 319898 158314
0b003c01 0b003101 10000 100 4239 2011301593 13104 12838
0b000201 0b002201 10000 100 1775476 2007805042 3535593 965517
0b002401 0b002701 10000 100 19616 2011496363 5721 5806
0b002a01 0b000501 10000 100 618069 2009336027 2170636 868482
0b000a01 0b003d01 10000 100 885388 2010633170 959370 890893
0b001801 0b002601 10000 100 3770 2010759558 846046 816976
0b003501 0b000c01 10000 100 73622 2010542807 1078507 822833
0b002c01 0b003c01 10000 100 1268982 2011711985 189876 123031
0b000c01 0b000101 10000 100 7482 2011909660 13653 13109
0b003c01 0b000b01 10000 100 5958915 2010544916 1381106 1316255
0b000101 0b001801 10000 100 114254 2012010204 80094 26221
0b003601 0b001e01 10000 100 1724966 2010181166 1958719 961281
0b003301 0b000401 10000 100 16007 2011348189 820957 818005
0b000a01 0b003501 10000 100 3710 2011320915 922684 816972
0b001801 0b001901 10000 100 73436 2012280966 10188 10319
0b003401 0b001801 10000 100 4461882 2008037354 4270301 1190744
0b001701 0b000b01 10000 100 5467 2012237638 86308 17100
0b003601 0b002c01 10000 100 38476 2012328478 78225 19867
0b002101 0b002401 10000 100 928 2012545171 8329 8398
0b002a01 0b003001 10000 100 1471875 2012417301 181441 140042
0b001501 0b002301 10000 100 5903 2011693249 931973 817155
0b003601 0b003c01 10000 100 154394 2012658362 25256 25426
0b001001 0b000b01 10001 100 140360 2012587545 150165 28410
0b002401 0b000501 10000 100 2025 2011872410 870066 816833
0b001a01 0b001b01 10000 100 47751 2012752229 8055 8164
0b001801 0b003b01 10000 100 976165 2009994773 2798237 898504
0b001001 0b003601 10000 100 110509 2012324650 840812 825926
0b002701 0b001601 10000 100 59453 2011229564 1958689 821646
0b002c01 0b001701 10000 100 8668 2012409320 817380 817388
0b002c01 0b000701 10000 100 1989652 2012103693 1138207 983473
0b002b01 0b000001 10000 100 441157 2012333630 946110 853649
0b002b01 0b002901 10000 100 60436 2013286175 9109 9229
0b001a01 0b000901 10000 100 913104 2013130222 168896 93198
0b001301 0b003c01 10000 100 528892 2012454594 877483 861002
0b003601 0b002801 10000 100 4939615 2012893438 469142 430778
0b002c01 0b002e01 10000 100 71472 2013358359 10025 10154
0b000c01 0b003d01 10000 100 1368956 2010460405 2938914 931433
0b003301 0b000d01 10000 100 1165965 2012320520 1099252 914414
0b001801 0b003101 10000 100 72649 2012769522 824446 822752
0b002e01 0b002b01 10000 100 14845 2013696969 9498 9565
0b001301 0b001201 10000 100 24189 2013877141 6101 6191
0b003701 0b003301 10000 100 7130 2013921648 9097 8921
0b001d01 0b000f01 10000 100 31283 2014146009 50997 19265
0b000e01 0b003801 10000 100 27820 2013505455 821984 818993
0b002301 0b003e01 10000 100 9868 2014356113 18561 17467
0b001f01 0b002501 10000 100 998421 2013697035 940810 900369
0b000c01 0b002601 10000 100 40438 2013961144 852578 820052
0b003201 0b000801 10000 100 1625032 2013867320 1023656 952906
0b001001 0b002301 10000 100 29318 2014161305 821514 819120
0b000c01 0b003201 10000 100 973630 2014131750 952442 898290
0b001101 0b001301 10000 100 1075403 2015012907 93352 94324
0b003401 0b001001 10000 100 1279532 2013261121 1862699 923937
0b000301 0b003501 10000 100 4209480 2009579161 5628902 1169584
0b003601 0b002901 10000 100 189088 2015113119 106982 32496
0b000d01 0b003401 10000 100 72426 2014591471 825054 822734
0b003801 0b003701 10000 100 32823 2015471970 17759 15232
0b003401 0b001c01 10000 100 27151 2014820312 819011 818939
0b001e01 0b000601 10000 100 7593 2015852327 69969 17278
0b001901 0b003501 10000 100 470735 2015057414 869023 856127
0b001c01 0b003e01 10000 100 54335 2015073498 854903 821218
0b002a01 0b002d01 10000 100 45397 2015870360 68609 12128
0b003701 0b000401 10000 100 5347 2015160890 855451 817110
0b003501 0b001701 10000 100 604677 2015237889 866827 867357
0b000601 0b003901 10000 100 31261 2015234986 946210 819283
0b003401 0b000e01 10000 100 29433 2015360756 821501 819129
0b003501 0b000601 10000 100 1735 2015351202 869484 816806
0b001601 0b002801 10000 100 203641 2015460685 932541 833734
0b002901 0b003c01 10000 100 16530 2016372354 97185 18027
0b003601 0b000001 10000 100 29482 2015620139 931936 819133
0b003701 0b002901 10000 100 22851 2016638541 19610 18556
0b003101 0b000601 10000 100 32523 2015803791 1033958 819388
0b001701 0b002c01 10000 100 50450 2015980359 958312 820891
0b000901 0b001801 10000 100 1365 2017082290 37020 16756
0b003801 0b000701 10000 100 9056667 2015391303 1959749 1575972
0b003f01 0b003601 10000 100 163345 2017444416 31467 26177
0b003301 0b001001 10000 100 4703 2016747066 817099 817055
0b000901 0b000801 10000 100 42602 2017649528 7628 7733
0b002e01 0b000f01 10000 100 26562 2016863587 898981 818888
0b000e01 0b001801 10000 100 49766 2017817586 22679 20813
0b000301 0b003901 10000 100 954 2017096505 817092 816740
0b002701 0b000701 10000 100 77794 2017175728 835900 823183
0b001701 0b001501 10000 100 1461724 2017913287 125481 126712
0b001001 0b001201 10000 100 21314 2018174877 7601 5949
0b003301 0b002701 10000 100 1187 2018364143 49944 16742
0b003201 0b002601 10000 100 22452 2018403925 52001 18524
0b003301 0b000d01 10001 100 79506 2017678538 863392 823327
0b001601 0b002501 10001 100 2653464 2017414419 1145643 1039128
0b003b01 0b003f01 10000 100 9394927 2017799817 788052 795990
0b000d01 0b001601 10000 100 8771 2018526400 157741 17376
0b000101 0b002e01 10000 100 46808 2017983028 902031 820585
0b000e01 0b000c01 10000 100 38012 2018924256 7249 7350
0b002101 0b002201 10000 100 691 2019227771 4126 4219
0b001c01 0b003401 10000 100 148007 2018427094 833101 829072
0b000901 0b000201 10000 100 445607 2019215699 60075 49841
0b002e01 0b001c01 10000 100 81810 2018577355 854000 823519
0b002901 0b002b01 10001 100 48502 2019499085 8118 8228
0b003f01 0b003401 10000 100 16327 2019626672 14220 13851
0b002301 0b002601 10000 100 629125 2019487778 202939 61069
0b002401 0b001d01 10000 100 791 2018887270 816643 816727
0b003901 0b001e01 10000 100 39638 2019070601 849196 819984
0b000c01 0b002d01 10000 100 79019 2019100431 907011 823288
0b001a01 0b002301 10000 100 116616 2019256769 831799 826438
0b002f01 0b003101 10000 100 360365 2020031351 71200 46855
0b000501 0b002301 10000 100 57307 2012511802 7656477 821467
0b001201 0b000401 10000 100 1543342 2019926342 254997 146036
0b002f01 0b000d01 10000 100 1401197 2019176642 1017672 934139
0b000c01 0b000801 10000 100 493572 2020232549 60306 49702
0b000c01 0b002301 10000 100 155549 2019536769 881122 829702
0b003d01 0b002e01 10000 100 972317 2020323294 135045 98161
0b003801 0b002701 10000 100 47212 2020412086 101269 20601
0b002e01 0b001901 10000 100 2362 2019688527 923902 816860
0b002801 0b000701 10000 100 4263 2018828667 1985585 817020
0b000801 0b002f01 10000 100 139553 2020006289 877841 828361
0b002301 0b001201 10000 100 35203 2020173551 883985 819614
0b000201 0b003b01 10000 100 1938701 2019164884 1990465 979201
0b003d01 0b000701 10000 100 1760856 2020128204 1029218 964290
0b000e01 0b002101 10000 100 432 2020560070 940648 816698
0b003701 0b003601 10000 100 8733 2021531480 4817 4893
0b002f01 0b000201 10000 100 409094 2020666558 879384 850961
0b002601 0b003a01 10000 100 53930 2021616728 68687 21161
0b000e01 0b001801 10001 100 557056 2021509763 180784 63347
0b000601 0b001201 10000 100 41655 2021365738 380958 20133
0b000f01 0b001301 10000 100 15657 2021731933 41072 17954
0b003001 0b001c01 10000 100 2860821 2020969575 1054151 1056511
0b001901 0b000501 10000 100 4077 2022266601 62445 16985
0b002901 0b000501 10000 100 11030 2021536537 878951 817588
0b001c01 0b003b01 10000 100 90415 2021695353 860587 824242
0b003601 0b002901 10001 100 1643691 2022447372 157047 154448
0b001c01 0b000401 10000 100 34607 2022529610 104580 19542
0b002e01 0b000501 10000 100 14622 2017155727 5530428 817887
0b001c01 0b003001 10000 100 63287 2022027813 824877 821968
0b002b01 0b001701 10000 100 57454 2021995335 958760 821479
0b003a01 0b000501 10000 100 8813 2022272953 870680 817399
0b000301 0b001901 10000 100 29904 2023108388 73540 19147
0b002a01 0b001601 10000 100 1218083 2016523573 6669360 918787
0b000801 0b002d01 10000 100 5840 2022382858 817323 817150
0b000a01 0b000301 10000 100 7851 2023109131 95358 13138
0b003c01 0b000101 10000 100 24798 2022483192 854104 818739
0b003101 0b000001 10000 100 1857371 2021783446 1975907 972384
0b000401 0b003501 10000 100 1303837 2010572526 13217776 925974
0b002a01 0b001b01 10000 100 58732 2022984485 866108 821585
0b000301 0b000d01 10000 100 22811 2024040997 68833 14393
0b003901 0b000201 10000 100 36027 2023232071 883460 819684
0b003801 0b002901 10000 100 58139 2024117992 24097 21517
0b000a01 0b000301 10001 100 42606 2024010827 223022 16053
0b003201 0b003d01 10000 100 76868 2024312634 31505 18925
0b001501 0b003401 10000 100 21400 2022646538 1754409 818456
0b001f01 0b002e01 10000 100 191777 2023465129 937534 832739
0b003201 0b003801 10000 100 749450 2024272000 130942 75316
0b001301 0b003901 10000 100 4262983 2023260083 1266817 1174068
0b003401 0b003d01 10000 100 886176 2024688083 87668 86780
0b001c01 0b000401 10001 100 17208 2024867626 18746 18085
0b001a01 0b003601 10001 100 1830664 2023916041 1000793 970144
0b003f01 0b003701 10000 100 55528 2024925030 17114 17137
0b001601 0b003a01 10000 100 27256 2024202025 818907 818948
0b001b01 0b001d01 10000 100 41866 2025042351 11741 11830
0b003501 0b000901 10000 100 3290980 2023810425 1260322 1092575
0b003601 0b002d01 10000 100 9295 2025222487 17387 17422
0b003201 0b001301 10000 100 1224359 2024284717 1021056 919312
0b000a01 0b003e01 10000 100 28582 2023460449 1988005 819057
0b000c01 0b002c01 10000 100 160284 2024747996 856949 830100
0b002501 0b003001 10000 100 61048 2025679418 91645 21761
0b001801 0b002c01 10000 100 1243 2024852087 924556 816767
0b001f01 0b002501 10001 100 535633 2024900931 911066 861568
0b000a01 0b003d01 10001 100 1368722 2022261006 3623686 931414
0b003401 0b001401 10000 100 52905 2025177101 881761 821095
0b001d01 0b000d01 10000 100 9662 2026020869 76088 17451
0b000d01 0b000301 10000 100 843159 2025213023 938907 83173
0b003901 0b000a01 10000 100 5706 2025332366 824583 817139
0b001a01 0b001201 10000 100 919444 2026163046 95063 89568
0b003201 0b002e01 10000 100 23102 2026266922 18760 18580
0b003a01 0b002601 10000 100 33894 2026223159 64033 19482
0b000f01 0b000e01 10000 100 206740 2026826243 21296 21494
0b000b01 0b001201 10000 100 765323 2026712324 205691 80807
0b003e01 0b002401 10000 100 21188 2026955135 19109 18419
0b002b01 0b003e01 10000 100 1619301 2025893293 1229317 152404
0b003701 0b002201 10000 100 133404 2027136350 31573 27826
0b001e01 0b002f01 10000 100 142 2026416655 845460 816675
0b002601 0b002701 10000 100 13668 2027450932 5237 5307
0b003e01 0b000201 10000 100 21583 2026843366 818735 818471
0b000801 0b001f01 10000 100 193631 2027650967 69852 32875
0b001801 0b000d01 10000 100 7801 2027688098 48902 17294
0b002901 0b001801 10000 100 37514 2020066727 7714375 819807
0b001801 0b001a01 10000 100 18131 2027953655 5599 5683
0b000801 0b002c01 10000 100 1644986 2021544930 6507920 954575
0b000b01 0b003001 10000 100 3651087 2026743165 1470926 1122770
0b000901 0b002a01 10000 100 87301 2027399437 831507 823982
0b003e01 0b003901 10000 100 63982 2028278341 13576 13684
0b000501 0b002a01 10000 100 9094 2026489161 1804610 817425
0b002a01 0b003601 10000 100 37932 2028323512 22838 19820
0b003f01 0b002e01 10000 100 412615 2028415767 61264 51235
0b001401 0b003d01 10000 100 42132 2019961271 8557594 820195
0b000a01 0b003901 10000 100 21729 2027734687 855773 818482
0b000801 0b002c01 10001 100 1809 2027660427 967122 816812
0b003601 0b000801 10001 100 177825 2027963374 840735 831569
0b000001 0b001001 10000 100 40502 2028789869 34143 20037
0b000201 0b003201 10000 100 51959 2028018719 823567 821016
0b003501 0b002601 10000 100 7038104 2028604591 730491 606718
0b001901 0b003f01 10000 100 52478 2028537868 830518 821061
0b003d01 0b003201 10000 100 13603 2029342697 29081 13622
0b001f01 0b002901 10000 100 1906 2028554328 894684 816820
0b001e01 0b002b01 10000 100 577056 2028606674 958281 865044
0b000801 0b003801 10000 100 898679 2028773011 923339 892006
0b003301 0b003801 10000 100 1254696 2029732719 131935 117674
0b003101 0b000f01 10000 100 37066 2029112630 821488 819771
0b002e01 0b002c01 10001 100 1015783 2029981083 96702 89324
0b003d01 0b001f01 10000 100 1946599 2028890049 1237352 979864
0b002801 0b000601 10000 100 1889445 2029085089 1082687 975073
0b003c01 0b002301 10000 100 846989 2030188828 240851 87651
0b003901 0b000b01 10000 100 70351 2029771064 938520 822560
0b003601 0b003001 10000 100 19668 2030906910 9899 9970
0b001301 0b002f01 10000 100 16789 2030314583 818822 818068
0b001601 0b002101 10000 100 74639 2030340988 853150 822919
0b003601 0b002301 10000 100 223407 2031053947 170095 35372
0b002b01 0b002901 10001 100 77580 2031216292 10532 10665
0b003101 0b000f01 10001 100 2397511 2030039622 1217349 1017669
0b000901 0b003701 10000 100 201259 2030371645 898467 833536
0b001701 0b001101 10000 100 7522 2031460571 61654 8952
0b002501 0b003501 10001 100 44860 2031608013 31391 20401
0b003e01 0b003701 10000 100 3409 2031783906 12728 12768
0b003f01 0b001601 10000 100 2586 2030720098 1165909 816878
0b003501 0b002d01 10000 100 30233 2031790054 100559 19177
0b001001 0b003601 10001 100 1775417 2030636401 1363481 965513
0b002d01 0b000401 10000 100 1053 2027547545 4644016 816751
0b001e01 0b000101 10000 100 72501 2032233655 81514 22720
0b000701 0b000301 10000 100 33455 2032346333 11791 11126
0b000601 0b002001 10000 100 44217 2031704922 856228 820370
0b002f01 0b002d01 10000 100 5026 2032591753 4511 4585
0b001f01 0b001801 10000 100 2836 2032599026 8635 8558
0b002e01 0b000901 10000 100 35050 2031748490 913805 819602
0b001b01 0b000801 10000 100 1624388 2031820599 1002007 152831
0b001c01 0b001d01 10000 100 118509 2033062482 13929 14097
0b000001 0b002801 10000 100 181985 2031337764 1912655 831917
0b001a01 0b001e01 10000 100 12127 2033362223 9300 9340
0b000301 0b001e01 10000 100 24503 2032926148 481022 18696
0b000001 0b002401 10000 100 616873 2031908102 1781476 868379
0b001f01 0b003c01 10000 100 5948 2032872494 838598 817158
0b003601 0b002d01 10001 100 193785 2033878990 42433 32887
0b003d01 0b002f01 10000 100 44472 2034043910 102115 20370
0b002d01 0b003d01 10000 100 73985 2034258664 25513 22842
0b000801 0b000101 10000 100 101238 2034318455 25198 20970
0b000701 0b000401 10000 100 557052 2034571075 50546 50866
0b001001 0b001a01 10001 100 21003 2034924178 30417 14244
0b001601 0b003401 10000 100 4841 2034227052 817359 817066
0b001b01 0b003b01 10000 100 39379 2033578192 1488427 819963
0b003001 0b002501 10000 100 157149 2035059960 104287 29818
0b002801 0b003a01 10001 100 72671 2035096624 85480 22734
0b001101 0b001201 10000 100 4191979 2034813150 375409 355615
0b003301 0b003801 10001 100 3723 2035386957 12893 12793
0b003b01 0b000c01 10000 100 26544 2034714741 846558 818887
0b000801 0b003c01 10000 100 24068 2034762843 870036 818681
0b001e01 0b000701 10000 100 50567 2035524339 208106 20881
0b001901 0b000701 10000 100 34658 2035135841 947668 19547
0b001f01 0b001e01 10000 100 8199 2036145799 4774 4850
0b003a01 0b002301 10001 100 96218 2035914041 245439 24709
0b003301 0b000001 10000 100 70239 2035365730 874359 822551
0b000301 0b003401 10000 100 4985666 2028886868 7717860 1234659
0b002301 0b000a01 10001 100 65597 2023030514 13700589 822161
0b002c01 0b002e01 10001 100 978754 2036682995 85329 86219
0b000101 0b003a01 10000 100 1573402 2025702030 11101259 948576
0b000f01 0b001901 10000 100 57450 2036178537 888954 21458
0b003201 0b002d01 10000 100 7619099 2035440281 1743029 655428
0b000201 0b000701 10000 100 3841 2037301134 8796 8642
0b000f01 0b002c01 10000 100 10972 2036629529 1024979 817580
0b000701 0b001201 10000 100 21266 2036714502 1084714 18425
0b003d01 0b003101 10000 100 3558327 2037243499 603113 310812
0b002401 0b002c01 10000 100 2530 2038033190 66255 12693
0b001901 0b002f01 10000 100 54053 2036768356 1337648 821195
0b001901 0b001d01 10000 100 227812 2038068254 74830 27420
0b001001 0b003401 10001 100 74603 2036573764 2047326 822916
0b000001 0b000e01 10000 100 598665 2038577698 119689 62673
0b002201 0b000e01 10000 100 198518 2038150191 1031320 833305
0b001b01 0b001c01 10000 100 38104 2039463426 40363 11518
0b002f01 0b000701 10000 100 4669 2037397578 2319477 817052
0b000c01 0b000101 10001 100 8558 2039653221 69008 13199
0b001701 0b001401 10000 100 1167359 2039626418 182891 102033
0b000601 0b002601 10000 100 1943898 2026180243 13653833 979636
0b000001 0b003a01 10000 100 11482 2038927299 968764 817624
0b002d01 0b000601 10000 100 3407 2039689210 943913 816947
0b002501 0b000601 10001 100 1417468 2032156245 8685504 935502
0b000e01 0b003301 10000 100 24381 2033295949 7896857 818706
0b003601 0b002301 10001 100 22413 2040960119 266255 18521
0b003401 0b002901 10001 100 505 2041179501 247546 16684
0b000601 0b000a01 10000 100 26703 2041539825 76742 14719
0b000601 0b002b01 10000 100 42160 2038801836 3074596 820197
0b000b01 0b003a01 10000 100 13109 2040788196 1105388 817762
0b000201 0b000301 10000 100 243813 2042247800 24480 24602
0b001301 0b003101 10000 100 1954621 2036882454 5828961 980536
0b001001 0b003b01 10000 100 42162 2040121624 2730092 820198
0b003301 0b001501 10000 100 52626 2042329849 854541 821073
0b003001 0b002e01 10000 100 8057 2043287741 79253 17319
0b002d01 0b001801 10000 100 3936135 2040556590 3043200 1146668
0b000201 0b000801 10000 100 60883 2043778305 21496 17584
0b003301 0b002501 10000 100 6317 2040665215 3154471 17172
0b001e01 0b000501 10001 100 22533 2044019957 23948 18530
0b001901 0b001f01 10000 100 38889 2044106704 28041 11580
0b002d01 0b002f01 10000 100 13680 2045104310 5477 5308
0b002501 0b002701 10000 100 6700 2045191405 6643 4722
0b002901 0b000601 10000 100 4982996 2038088989 7271658 1234434
0b001301 0b003e01 10000 100 1763 2042287369 3747883 816808
0b003e01 0b003c01 10000 100 35269 2046306659 8423 7119
0b000201 0b001301 10000 100 57031 2044037648 2776438 21425
0b001901 0b000901 10000 100 10073 2043960846 2931279 17488
0b002e01 0b000801 10000 100 308684 2038398280 8546956 842541
0b001301 0b003e01 10001 100 60678 2043861351 4123057 821748
0b003401 0b002501 10000 100 7839 2047684851 421345 17297
0b001f01 0b000601 10000 100 70291 2048044807 89068 22535
0b001701 0b000201 10000 100 7421993 2043925477 4223452 638899
0b001301 0b000001 10000 100 70891 2044668903 3523965 22583
0b001f01 0b000f01 10000 100 29592 2048283658 94167 19122
0b003701 0b002001 10000 100 17006983 2035715392 12832315 1442505
0b002301 0b002e01 10000 100 1594572 2048271665 522623 146170
0b003701 0b001f01 10000 100 2469 2039040214 9821701 816869
0b003401 0b002401 10000 100 33608 2044291120 4726852 19459
0b000001 0b002401 10001 100 2934 2043892860 5318154 816906
0b003301 0b001a01 10000 100 22781 2048650115 819549 818570
0b000401 0b001c01 10000 100 7133 2038172972 11478227 17241
0b002e01 0b000101 10000 100 8212 2048697858 976226 817351
0b001c01 0b003e01 10001 100 75056 2048751194 923351 822956
0b003901 0b001401 10000 100 1046211 2047462132 2300131 904377
0b003301 0b001b01 10000 100 78734 2048950457 904418 823262
0b003301 0b001e01 10000 100 11098 2048914754 1122988 817593
0b002201 0b000701 10001 100 1705942 2048481896 2040634 959686
0b000c01 0b003001 10000 100 6962 2040832012 9766843 817243
0b003b01 0b003601 10000 100 11990 2050626092 40733 13485
0b000501 0b003901 10000 100 43515 2047477828 3248570 820310
0b003801 0b003c01 10000 100 9255 2050949242 9206 9098
0b001601 0b003e01 10001 100 14641 2045679011 5309440 817888
0b000a01 0b003301 10000 100 1305 2050017157 1005894 816772
0b001d01 0b000201 10000 100 20769 2046574920 4502010 18382
0b000f01 0b000601 10000 100 7818 2051080252 109343 13136
0b003701 0b001701 10000 100 8454 2046105466 5206443 817370
0b000b01 0b000601 10000 100 22555 2051301527 68364 14372
0b003d01 0b000f01 10000 100 4446 2050757096 953873 817034
0b002101 0b001001 10000 100 12617 2046612446 5449035 817719
0b001e01 0b003d01 10000 100 22169 2050821427 1313947 818521
0b003901 0b003d01 10000 100 83263 2052093795 66077 15303
0b001a01 0b000201 10000 100 49341 2047771056 4686151 20779
0b003201 0b000701 10000 100 6286 2051719782 883267 817189
0b003701 0b002201 10001 100 4811205 2039486772 13128257 420014
0b001f01 0b001c01 10000 100 8717829 2052021614 727680 735063
0b002f01 0b003401 10000 100 16838 2040161873 12587657 18052
0b003701 0b003e01 10000 100 775767 2052657223 103260 77521
0b001d01 0b003601 10000 100 127539 2051604501 1282579 827354
0b003201 0b003f01 10000 100 1908028 2052765399 374540 172452
0b002e01 0b000101 10001 100 212929 2052317255 925753 834512
0b003001 0b003501 10000 100 620219 2053193756 111168 60322
0b003901 0b003401 10000 100 881635 2052895857 446473 86397
0b003001 0b003201 10000 100 1313916 2053184587 164633 114319
0b000701 0b000d01 10000 100 37055 2053343180 19589 15590
0b001b01 0b002f01 10001 100 101629 2049052802 5002975 825182
0b000b01 0b003101 10001 100 39726 2047700299 6398446 819991
0b003501 0b001001 10000 100 33867 2049401746 4915375 819499
0b002e01 0b003201 10000 100 49385 2054631407 40482 20782
0b002201 0b003001 10000 100 1192 2048890262 6087166 16743
0b003401 0b000401 10000 100 31324 2054149817 899374 819288
0b003901 0b003401 10001 100 20797 2055096245 14599 14224
0b001401 0b003801 10000 100 4742 2042137431 13759601 817058
0b001901 0b001801 10000 100 67845 2055889509 15300 9848
0b001901 0b003f01 10001 100 23757 2051683401 4247420 818652
0b000001 0b000201 10000 100 4937014 2055560716 415884 418083
0b001901 0b001101 10000 100 6614 2056223161 13769 13036
0b001a01 0b002801 10000 100 15363 2052656110 3751572 817950
0b001901 0b000601 10000 100 16995 2053533051 2905488 18064
0b002a01 0b002d01 10001 100 34823 2056403764 48121 11240
0b001301 0b002e01 10000 100 7699 2039806355 16846689 817306
0b003401 0b003d01 10001 100 1970876 2056575163 178172 177718
0b001301 0b000a01 10000 100 8944155 2036592748 20190787 766521
0b000f01 0b000901 10001 100 148045 2056799955 69892 20735
0b003201 0b001001 10000 100 310823 2053452164 3534548 842720
0b001c01 0b001301 10000 100 2264 2057171190 12949 12672
0b000e01 0b001401 10001 100 27320 2046414686 10838751 18933
0b000b01 0b000f01 10000 100 43000 2057427045 59713 11925
0b000101 0b001101 10000 100 287 2055464175 2061472 16666
0b000001 0b000a01 10000 100 184303 2057584016 27787 27934
0b003401 0b003701 10000 100 589605 2057590804 53030 53594
0b000701 0b001001 10000 100 26997 2056162427 1485781 18903
0b001d01 0b002301 10000 100 49984 2055508458 2183963 820850
0b000d01 0b003001 10000 100 16300 2041599097 16148450 818029
0b001c01 0b000701 10000 100 28727 2053115888 5198751 19049
0b003d01 0b003501 10000 100 50862 2058612225 20777 16744
0b002101 0b003c01 10000 100 89451 2052472235 6556635 24141
0b003601 0b001a01 10000 100 27044 2057278945 2341373 818931
0b003601 0b001701 10000 100 1315380 2041169428 18546759 926943
0b003201 0b001e01 10000 100 90679 2057709857 2032291 824263
0b001301 0b002301 10000 100 3766388 2049596569 10246181 1132436
0b000501 0b003201 10000 100 44261 2036051744 23937045 820373
0b001701 0b003d01 10000 100 3399014 2051153369 8969736 1101637
0b003b01 0b003c01 10000 100 48340 2060508319 45089 12375
0b003b01 0b001801 10000 100 29269 2057979040 2777064 819116
0b003301 0b001601 10000 100 6357 2059454764 1478604 817195
0b002b01 0b000201 10000 100 4223228 2029710205 31244842 1170738
0b002c01 0b001201 10000 100 175611 2052780370 8244909 831384
0b003501 0b000501 10000 100 75543 2059979589 1076922 822995
0b002d01 0b001101 10000 100 20163 2049574568 11531554 818353
0b002601 0b002401 10001 100 13642 2061456707 5654 5305
0b000501 0b003a01 10002 100 49990 2059850078 1771570 820851
0b003801 0b001401 10000 100 2343394 2060067556 1772923 1013132
0b003101 0b003b01 10000 100 67045 2061888699 18840 18104
0b001901 0b001b01 10000 100 1290106 2062058348 111277 112325
0b003401 0b002401 10001 100 113 2062174913 140862 16652
0b003b01 0b001001 10000 100 24886 2061253831 1089279 818746
0b001801 0b003801 10000 100 60283 2059225647 3198689 821716
0b001801 0b002e01 10000 100 7570 2061492138 964430 817296
0b003701 0b000601 10000 100 110767 2061857809 1041114 825947
0b001b01 0b001101 10000 100 28419 2062896970 17694 14864
0b001801 0b000801 10000 100 3396 2062890889 136346 16927
0b003301 0b002201 10000 100 22156 2056042433 7340258 18500
0b003c01 0b001901 10000 100 1339112 2059620186 4798020 928934
0b001901 0b003201 10000 100 56123 2060923328 3664890 821368
0b001d01 0b002001 10000 100 23948 2055540263 9057882 818668
0b002501 0b002001 10000 100 14535392 2049068516 15563920 1226969
0b002801 0b003301 10000 100 43040 2064530189 120013 20252
0b001d01 0b003401 10000 100 57352 2043701224 21148442 821470
0b001a01 0b003401 10000 100 41298 2061307052 3617007 820125
0b001f01 0b003701 10000 100 6487 2061776558 3659370 817205
0b003701 0b001701 10001 100 63332 2061988627 3881552 821972
0b003b01 0b001a01 10000 100 24748 2064958354 934503 818735
0b001801 0b002301 10000 100 2984 2065039902 897263 816910
0b002c01 0b001101 10000 100 6283 2056830011 9292514 817189
0b003b01 0b000201 10000 100 24733 2059505102 6969795 818734
0b003d01 0b003801 10000 100 5126 2066674013 74375 8753
0b003301 0b003c01 10000 100 54114 2067343435 20548 17020
0b001d01 0b002d01 10000 100 9805 2063657091 3746605 817482
0b003a01 0b001801 10000 100 32904 2064845227 2694135 819419
0b003901 0b000801 10001 100 196999 2061571808 6135374 833176
0b003201 0b002b01 10000 100 64939 2067818630 79010 22084
0b000601 0b003601 10000 100 11115 2066999433 912918 817595
0b003201 0b002801 10000 100 9968 2067634255 354361 17475
0b003701 0b003e01 10001 100 12889 2068313767 68515 13561
0b001d01 0b002601 10000 100 1186146 2043686190 24718881 916109
0b003f01 0b003d01 10000 100 8620757 2063194463 5256048 726925
0b001101 0b001a01 10000 100 2257 2068425937 57369 12672
0b001b01 0b003701 10000 100 172801 2067732749 1039076 831148
0b000101 0b003501 10000 100 3154 2066799813 1989729 816927
0b002f01 0b002d01 10001 100 9285 2069367638 5350 4941
0b003201 0b003e01 10000 100 9312 2069500716 14051 13263
0b003101 0b003c01 10000 100 44994 2069595201 42088 16252
0b003201 0b000c01 10000 100 756201 2068668240 1040656 880062
0b003e01 0b002001 10000 100 1502838 2062224012 7789467 142638
0b003201 0b003701 10000 100 75687 2070573346 14913 14666
0b001c01 0b003c01 10000 100 4026011 2068733765 2191147 1154204
0b003c01 0b002a01 10000 100 28104 2070842113 203667 18999
0b000601 0b003701 10000 100 72348 2070173986 1018872 822728
0b003b01 0b002901 10000 100 25337 2071132191 84337 18766
0b003c01 0b003501 10000 100 767393 2071248369 83727 76820
0b003e01 0b002d01 10001 100 57524 2071359116 90897 21464
0b001001 0b002b01 10001 100 24715 2070402634 1742582 818733
0b001701 0b003701 10000 100 714546 2067332724 5345439 876569
0b002501 0b000001 10000 100 929533 2054712383 18036632 894593
0b003d01 0b002501 10000 100 74068 2072269935 674457 22853
0b002f01 0b003501 10000 100 7815 2065251995 7869094 17295
0b000201 0b001b01 10000 100 2823 2073460176 168445 16877
0b003a01 0b001701 10000 100 949496 2071859970 1858043 896267
0b001d01 0b003401 10001 100 39485 2068914876 5302405 819972
0b002a01 0b001b01 10001 100 55745 2068832508 5479950 821334
0b003101 0b001501 10000 100 24234 2068287730 6107726 818694
0b001001 0b003a01 10000 100 5826736 2032683184 42381157 1305174
0b003f01 0b000401 10000 100 24044 2073619825 1463466 818679
0b003f01 0b000e01 10001 100 38349 2073859592 1411811 819877
0b000401 0b002601 10000 100 8478 2041082568 34295066 817372
0b003201 0b000201 10000 100 4576987 2072908764 2534412 1200394
0b002101 0b001c01 10000 100 769907 2054527857 21008197 881209
0b002b01 0b003801 10000 100 24362 2075603944 100866 18684
0b001301 0b003a01 10000 100 37429 2070091210 5828341 819800
0b000001 0b003c01 10000 100 2061 2075499177 926690 816836
0b002101 0b003b01 10000 100 3331050 2076070585 405290 295918
0b001301 0b003a01 10001 100 35282 2074440189 2131687 819620
0b002901 0b002701 10000 100 1340747 2076448056 316336 124889
0b001801 0b003301 10000 100 1147489 2072546276 4640409 912867
0b000701 0b000a01 10000 100 67493 2077224453 76134 18140
0b003e01 0b001801 10000 100 29950 2075681009 1783181 819171
0b001801 0b002f01 10000 100 1471498 2076509605 1087954 940032
0b001901 0b002001 10000 100 2379 2077000530 1124682 816861
0b001c01 0b000d01 10000 100 188975 2072501439 5647211 32483
0b001001 0b002001 10000 100 28660 2077181681 979645 819064
0b003601 0b003f01 10000 100 1367613 2078272418 142270 127142
0b002501 0b001001 10000 100 4216 2073988170 4715496 817016
0b001d01 0b002901 10000 100 2147 2077827812 1094012 816843
0b002401 0b002601 10000 100 30195 2078991251 9072 6694
0b003801 0b001501 10000 100 24099 2078167849 876904 818683
0b003a01 0b001f01 10000 100 15044 2078356246 925221 817924
0b001d01 0b001701 10000 100 1533 2079627664 12596 12610
0b002c01 0b001b01 10000 100 243083 2060565595 19283642 837043
0b001d01 0b003301 10000 100 6400 2079113764 833660 817198
0b003301 0b001101 10001 100 602534 2075528137 4479068 867178
0b002901 0b002001 10000 100 41140 2079921349 140411 15932
0b003301 0b002901 10000 100 6498 2070333741 9929114 17186
0b001001 0b003c01 10000 100 9644356 2070846136 9433737 1625245
0b003601 0b003501 10000 100 664466 2080636709 62066 59870
0b003c01 0b000601 10000 100 64172 2079461274 1258699 822043
0b003701 0b000a01 10000 100 5713192 2078978199 1753172 1295657
0b001f01 0b001b01 10000 100 567100 2080761145 74925 55869
0b001b01 0b001501 10000 100 26070 2081025755 52223 14669
0b002701 0b002e01 10000 100 2738 2081000785 101136 12710
0b000301 0b000201 10000 100 6920 2081224747 5204 4740
0b000901 0b000801 10001 100 196335 2081287296 22810 20623
0b001f01 0b002f01 10000 100 78334 2039648446 42733693 823230
0b001901 0b002f01 10001 100 978763 2076587384 5923661 898720
0b003b01 0b000c01 10001 100 20236 2081609185 1140839 818359
0b000601 0b000e01 10000 100 929314 2082623284 193073 90396
0b001f01 0b003901 10000 100 29229 2081988575 874062 819113
0b001e01 0b002101 10000 100 1925 2071531409 11349745 816821
0b002901 0b001301 10000 100 19635352 2049214828 33812040 2462890
0b003b01 0b003c01 10001 100 5640 2083033792 127342 8794
0b001001 0b002601 10000 100 13951 2063141621 20098475 817829
0b003901 0b001301 10000 100 65713 2082512981 934551 822170
0b001101 0b002f01 10000 100 69967 2068942285 14686938 822526
0b001001 0b003c01 10001 100 6958 2082535126 1235363 817243
0b001901 0b002801 10000 100 20636 2078643437 5221290 818391
0b002401 0b001701 10000 100 8534 2076695960 7571072 817377
0b003201 0b003501 10000 100 7580 2084285506 9022 8957
0b002e01 0b002701 10001 100 9639 2084329898 112950 13289
0b001f01 0b003701 10001 100 9598 2073190655 11998369 817466
0b003b01 0b003401 10000 100 992024 2085123664 157598 95655
0b003701 0b001401 10000 100 173476 2083777843 1685521 831206
0b000601 0b003e01 10000 100 23757 2084966249 882382 818652
0b003801 0b001601 10000 100 111907 2081026314 4944211 826042
0b003501 0b001d01 10000 100 53103 2086281528 933734 821115
0b000101 0b000001 10000 100 7981 2087448227 6072 4829
0b002901 0b002d01 10000 100 105321 2087593910 24953 17152
0b003101 0b000301 10000 100 1027715 2084810359 3406480 902824
0b002801 0b001801 10000 100 30332 2071277307 16996982 819205
0b003701 0b000801 10000 100 29533 2086174552 2320176 819137
0b003601 0b001801 10000 100 1235165 2058920051 29746661 920219
0b003b01 0b001001 10001 100 221432 2086756818 2055234 835227
0b000001 0b001d01 10000 100 42918 2062537885 26657963 20238
0b003a01 0b001001 10000 100 1019159 2064528688 24852206 902109
0b001d01 0b001e01 10000 100 25883 2089920879 6268 6330
0b003501 0b000101 10000 100 6147370 2082990217 7117128 1332057
0b003e01 0b003001 10000 100 5897448 2085853638 4461944 506924
0b003901 0b003801 10000 100 396921 2090527199 41767 37438
0b003b01 0b003701 10000 100 1689193 2090428365 210219 154105
0b001301 0b003801 10000 100 1467495 2077578901 13294555 939696
0b003901 0b001801 10000 100 128910 2091191860 839905 827468
0b003301 0b003e01 10001 100 54972 2092048024 18066 17088
0b001c01 0b002301 10000 100 160849 2079149125 12926914 830146
0b001d01 0b001701 10001 100 72364 2092789878 18853 18549
0b002701 0b000b01 10000 100 13675 2077098376 16526768 817807
0b002c01 0b000301 10000 100 79580 2079707393 13951505 823333
0b003a01 0b002e01 10000 100 37807 2081050230 12925678 19810
0b001101 0b001b01 10001 100 2964 2094023379 134700 12728
0b001f01 0b001e01 10001 100 3464 2094980989 4597 4452
0b003201 0b003c01 10000 100 1644 2095195161 41406 12619
0b003f01 0b001f01 10000 100 2382432 2087292061 8002058 1016405
0b000201 0b003001 10000 100 42669 2092730324 2613409 820238
0b003e01 0b002e01 10000 100 4817 2081183530 14652291 17044
0b001101 0b001201 10001 100 1374681 2096386397 118191 119414
0b003c01 0b003d01 10001 100 1869287 2096973025 167876 160883
0b002801 0b000601 10002 100 69576 2083832881 13932180 822494
0b003301 0b001701 10000 100 26153 2094857247 2979482 818855
0b003801 0b000301 10000 100 4204141 2083831764 14664423 1169138
0b003001 0b002701 10000 100 8105972 2082218065 16885558 696244
0b003801 0b002e01 10000 100 25266 2087612538 12195968 18761
0b003f01 0b000401 10001 100 64155 2088265556 13337924 822042
0b001801 0b002601 10001 100 21935 2090229025 12970815 818499
0b002f01 0b000c01 10000 100 1094 2091466092 11896224 816755
0b003101 0b002e01 10000 100 1158117 2072228909 32732752 113739
0b003601 0b000401 10000 100 4605929 2084232282 20810404 1202821
0b003901 0b002b01 10000 100 1431298 2064909968 40751960 136642
0b002a01 0b000e01 10000 100 9337 2084492070 21585136 817445
0b002f01 0b001101 10000 100 45445 2073606387 32590792 820472
0b003c01 0b001301 10000 100 24177 2096627697 9820420 818690
0b002d01 0b001c01 10000 100 75495 2074233636 35546830 822991
0b003501 0b002901 10000 100 2331777 2099248669 10739729 212137
0b000401 0b003a01 10000 100 8175 2083753699 27730369 817348
0b000601 0b002201 10001 100 723219 2063030248 53946078 877297
0b002501 0b001401 10000 100 5390 2073250575 44821803 817114
0b001401 0b003201 10001 100 7026 2087761035 37540437 817252
0b002d01 0b001a01 10000 100 1296020 2073138543 56408872 925322
0b001f01 0b002601 10001 100 47928 2092158551 37560384 820678
0b000401 0b002c01 10000 100 37506 2035930941 99614244 819806
0b000301 0b003e01 10000 100 52784 2094015315 41875443 821086
0b000b01 0b003901 10000 100 47866 2073592294 64648192 820673
0b000601 0b003001 10001 100 1921375 2093291531 79418940 977750
0b002b01 0b000001 10001 100 5787224 2075178956 113494470 1301863
0b002d01 0b001901 10000 100 62277 2087395562 103584985 821884
0b000301 0b002201 10000 100 8254538 2057759835 218717530 1508722
0b002501 0b000a01 10000 100 132599 2050564060 315735260 827778
0b001401 0b003d01 10001 100 59146 2065268124 767069573 821622
0b001401 0b003101 10000 100 1971814 2016809578 850034406 981977
0b001601 0b003e01 10000 100 49451 2043874580 942215154 820808
0b000501 0b003301 10000 100 1253937 2052147838 1106985852 921790
0b000a01 0b003401 10000 100 2583422 2072346677 1252327116 1033256
