0b003501 0b002b01 10000 100 3251 2000158047 16987 16915
0b001001 0b001401 10000 100 64792 2000269362 13711 13752
0b000f01 0b000901 10000 100 22662 2000341135 10173 10221
0b001501 0b001e01 10000 100 157337 2000461404 25663 25673
0b001401 0b001b01 10000 100 6603 2000644505 13000 13035
0b002301 0b003001 10000 100 41462 2000694860 20105 20118
0b000501 0b001201 10000 100 2404 2000771888 16894 16843
0b001001 0b003401 10000 100 188459 2000045279 832475 832462
0b001201 0b000901 10000 100 68380 2001075000 22783 22375
0b003701 0b001e01 10000 100 773350 2000238105 892888 881500
0b002d01 0b002901 10000 100 14762 2001128619 9565 9558
0b000b01 0b002b01 10000 100 166888 2000324040 830661 830652
0b003101 0b001a01 10000 100 523676 2000295056 870333 860566
0b002901 0b000401 10000 100 2789769 2000141214 1050999 1050555
0b002201 0b001e01 10000 100 16699 2000486514 821288 818061
0b001b01 0b000001 10000 100 37035 2001307466 19735 19748
0b000201 0b003a01 10000 100 2175 2000668027 816835 816845
0b001a01 0b003601 10000 100 22181 2000778822 820358 818522
0b001801 0b003501 10000 100 18689 2000865859 819833 818228
0b002601 0b002001 10000 100 829540 2001668186 77951 77870
0b001201 0b001f01 10000 100 2791569 2001541512 247013 246526
0b001001 0b003201 10000 100 4632115 2000627216 1210705 1205019
0b003701 0b000b01 10000 100 21117 2001070306 820013 818433
0b002601 0b000001 10000 100 24343 2001120489 818832 818703
0b002d01 0b000201 10000 100 67385 2001154860 822305 822311
0b000001 0b003d01 10000 100 1348 2001175942 818094 816775
0b001b01 0b002b01 10000 100 77211 2001320969 823211 823136
0b001101 0b000601 10000 100 31036 2002181536 19503 19245
0b003101 0b001801 10000 100 124166 2001445417 827075 827073
0b002801 0b003c01 10000 100 1850780 2001575008 723396 171810
0b002701 0b002d01 10000 100 1527 2002304495 12708 12609
0b002001 0b002501 10000 100 185458 2002325998 23849 23870
0b003301 0b003e01 10000 100 377687 2002357974 44171 44146
0b002e01 0b002c01 10000 100 20760 2002477980 5895 5901
0b000c01 0b003b01 10000 100 994708 2001713889 921522 900057
0b003401 0b003301 10000 100 174134 2002634099 43225 22922
0b000c01 0b003c01 10000 100 10761282 2000820775 1864292 1718888
0b000b01 0b001001 10000 100 45835 2002725776 23426 20483
0b000b01 0b000e01 10000 100 7324 2002875624 8886 8936
0b001401 0b001e01 10000 100 2263176 2002786160 202554 202227
0b003c01 0b002601 10000 100 1457992 2002684749 336679 138878
0b001a01 0b003d01 10000 100 129366 2002206527 838322 827508
0b001d01 0b002a01 10000 100 1421281 2002134766 946901 935822
0b001701 0b003001 10000 100 63492 2002257598 850291 821985
0b002a01 0b001f01 10000 100 4052 2002208149 935650 817003
0b000801 0b003001 10000 100 2626585 2002168451 1057444 1036874
0b001601 0b003701 10000 100 25071 2002497647 820842 818765
0b003401 0b000f01 10000 100 133342 2002594935 840075 827841
0b002101 0b003201 10000 100 1920512 2003328215 186051 177657
0b002c01 0b000401 10000 100 9291416 2001927639 1654036 1595654
0b002e01 0b002901 10000 100 2402087 2003441082 210047 209714
0b003301 0b001401 10000 100 888421 2002933509 901277 891147
0b001601 0b001d01 10000 100 50330 2003841674 20864 16702
0b001001 0b001a01 10000 100 22176 2003863367 14310 14342
0b003701 0b002e01 10000 100 162837 2003651467 352475 30292
0b001401 0b000c01 10000 100 56174 2004062924 23970 21352
0b000401 0b001701 10000 100 4522203 2002558921 1528620 395784
0b002a01 0b001d01 10000 100 6600 2003295529 817313 817214
0b002e01 0b002301 10000 100 3088425 2003679586 452661 271415
0b000a01 0b001801 10000 100 38987 2004201495 19895 19908
0b001201 0b001f01 10001 100 44204 2004237276 16160 16189
0b000e01 0b002501 10000 100 1339 2003213970 1117317 816774
0b001b01 0b003801 10000 100 31290 2003645054 819346 819286
0b003a01 0b002301 10000 100 1885 2004205574 294874 16798
0b003501 0b002201 10000 100 74283 2004209149 306345 22870
0b001701 0b003601 10000 100 8636 2003719679 818222 817385
0b001b01 0b003c01 10000 100 191725 2004215384 845925 832735
0b002201 0b000601 10000 100 23650 2004355615 818890 818644
0b001701 0b000301 10000 100 57905 2005192641 21592 21495
0b000801 0b003901 10000 100 3626 2004448903 819255 816965
0b002401 0b003b01 10000 100 78106 2005261372 39961 23191
0b002801 0b003a01 10000 100 79829 2005340433 27558 23333
0b000c01 0b003301 10000 100 10175 2004576457 817954 817516
0b002901 0b003a01 10000 100 46756 2005368836 48580 20560
0b000e01 0b001c01 10000 100 33815 2005437569 19465 19475
0b002701 0b001801 10000 100 1268260 2004559292 928490 922993
0b001b01 0b002201 10000 100 30213 2004598269 919460 819196
0b001f01 0b000e01 10000 100 17808 2005593971 18117 18133
0b001101 0b000701 10000 100 546763 2005554152 63572 62481
0b002c01 0b003301 10000 100 1219124 2005371082 311867 118854
0b003b01 0b002c01 10000 100 8362091 2004766005 924405 717721
0b002901 0b002b01 10000 100 2124 2005694992 4274 4341
0b001101 0b002e01 10000 100 165771 2004867862 845496 830559
0b002f01 0b003301 10000 100 2277419 2005152112 610249 207581
0b001e01 0b000c01 10000 100 2089667 2005605121 192153 191838
0b003e01 0b002701 10000 100 1523340 2005657497 195213 144359
0b003201 0b003401 10000 100 38909 2005859896 13889 11582
0b001801 0b000601 10000 100 63517 2005870610 22069 21967
0b001601 0b002501 10000 100 22417538 2002274755 3630474 2696148
0b002001 0b001501 10000 100 49883 2005434091 821069 820842
0b003301 0b000901 10000 100 4872 2005455538 817148 817068
0b000001 0b001101 10000 100 1610950 2006077143 216116 151702
0b003701 0b002601 10000 100 849646 2006268053 243217 87875
0b000401 0b000b01 10000 100 16249 2006830123 15257 13845
0b003c01 0b000f01 10000 100 125935 2006052540 827413 827218
0b001101 0b001b01 10000 100 1704211 2006699413 215157 155364
0b000701 0b003401 10000 100 25743371 2002614256 4499940 2974986
0b003001 0b001501 10000 100 63171 2006326640 823288 821959
0b000601 0b003c01 10000 100 609783 2006328880 867865 867785
0b001a01 0b002e01 10000 100 48141 2006428146 820689 820699
0b003101 0b002b01 10000 100 1975 2007219753 36157 16805
0b000701 0b002401 10000 100 54813 2006439840 821247 821256
0b001301 0b000201 10000 100 8472 2007295706 18244 17352
0b003601 0b001901 10000 100 2442691 2006155847 1220009 1021456
0b000201 0b003701 10000 100 262574 2006623155 909027 838675
0b003e01 0b001101 10000 100 64158 2006806362 822335 822042
0b003f01 0b001301 10000 100 58399 2006655112 995566 821558
0b000e01 0b003b01 10000 100 3936659 2006729260 1154208 1146710
0b003601 0b000801 10000 100 1284254 2006959842 955973 924334
0b000701 0b002701 10000 100 73906 2007172020 831378 822856
0b001001 0b002701 10000 100 1971246 2006806312 1229377 981932
0b003801 0b001901 10000 100 41532 2007332250 822049 820143
0b003f01 0b000e01 10000 100 79155 2007340082 823641 823299
0b000b01 0b001901 10000 100 178177 2008147618 32297 31581
0b001901 0b002301 10000 100 3419649 2006888315 1312950 1103364
0b001001 0b000b01 10000 100 3331472 2007209164 1047026 295952
0b003c01 0b003d01 10000 100 14569 2008412701 5317 5383
0b000501 0b001601 10000 100 3510863 2007824924 613725 310991
0b003201 0b002401 10000 100 78966 2008438310 23633 23260
0b003801 0b003601 10000 100 8141477 2007032210 1457191 695063
0b002901 0b002801 10000 100 3777694 2008207941 321419 320883
0b001601 0b002401 10000 100 9436308 2006607508 1965474 1607802
0b003701 0b000c01 10000 100 1185 2007622985 959860 816762
0b002201 0b000701 10000 100 147323 2007758491 975911 829014
0b003701 0b001d01 10000 100 111269 2007953933 826206 825991
0b000201 0b002201 10000 100 1775476 2007805042 1074500 965517
0b003a01 0b001b01 10000 100 459493 2008068952 895883 855185
0b002701 0b003101 10000 100 4382903 2008577959 387916 384102
0b000e01 0b001601 10000 100 31435 2009081608 21548 19277
0b002a01 0b000601 10000 100 13379135 2006930043 2214204 1938370
0b002c01 0b003a01 10000 100 35025 2009159155 22258 19580
0b003401 0b001801 10000 100 4461882 2008037354 1285504 1190744
0b000d01 0b002d01 10000 100 277228 2008489468 841097 839905
0b001801 0b001301 10000 100 7349 2009325679 13097 13098
0b003401 0b001801 10001 100 60333 2008673583 823582 821720
0b000101 0b003601 10000 100 64549 2009035213 829347 822073
0b003401 0b002901 10000 100 29540 2009918652 19692 19118
0b001d01 0b002401 10000 100 25368 2009194212 818815 818789
0b001a01 0b002c01 10000 100 7739 2009298149 817389 817309
0b003101 0b000b01 10000 100 4530811 2008977868 1233420 1196523
0b002a01 0b000501 10000 100 618069 2009336027 912565 868482
0b001401 0b001001 10000 100 35365 2010240699 11277 11287
0b003901 0b001a01 10000 100 903486 2009363256 921965 892410
0b001701 0b000401 10000 100 38964 2010293993 20045 19906
0b003601 0b003801 10000 100 2764710 2009250472 1072696 244274
0b001e01 0b002801 10000 100 5965 2009590376 817394 817160
0b000501 0b003801 10000 100 9247953 2008640320 1797055 1592008
0b000601 0b000401 10000 100 74078 2010509364 10350 10374
0b002401 0b003701 10000 100 6575824 2009256469 1381548 567957
0b001801 0b001601 10000 100 90 2010813635 12090 12491
0b002901 0b002101 10000 100 1700 2010839309 12588 12623
0b001101 0b000801 10000 100 23928 2010854607 18642 18646
0b002901 0b002301 10000 100 33980 2010888618 15554 15328
0b003701 0b001e01 10001 100 777191 2009912738 999750 881822
0b003501 0b001801 10000 100 184453 2009962489 952061 832126
0b000401 0b001201 10000 100 73724 2010903520 28694 22822
0b000301 0b003501 10000 100 4209480 2009579161 1364603 1169584
0b001801 0b003b01 10000 100 976165 2009994773 1014447 898504
0b000c01 0b001601 10000 100 121531 2011094487 27094 26830
0b003601 0b001e01 10000 100 1724966 2010181166 987559 961281
0b002201 0b000201 10000 100 4966231 2009908536 1337968 1233031
0b000401 0b000501 10000 100 1838663 2010885591 385765 158314
0b003c01 0b003101 10000 100 4239 2011301593 12891 12838
0b003501 0b000c01 10000 100 73622 2010542807 823932 822833
0b000301 0b001201 10000 100 32365 2011381027 19893 19355
0b001001 0b002f01 10000 100 5738859 2009929964 1508458 1297806
0b002401 0b002701 10000 100 19616 2011496363 5741 5806
0b000c01 0b003d01 10000 100 1368956 2010460405 1057212 931433
0b001801 0b002601 10000 100 3770 2010759558 822534 816976
0b000a01 0b003d01 10000 100 885388 2010633170 958929 890893
0b000401 0b003501 10000 100 1303837 2010572526 1171252 925974
0b002c01 0b003c01 10000 100 1268982 2011711985 131219 123031
0b000c01 0b000101 10000 100 7482 2011909660 13226 13109
0b000801 0b002301 10000 100 1608723 2011005964 983985 951536
0b003c01 0b000b01 10000 100 5958915 2010544916 1514655 1316255
0b000101 0b001801 10000 100 114254 2012010204 122490 26221
0b000a01 0b003501 10000 100 3710 2011320915 816963 816972
0b002701 0b001601 10000 100 59453 2011229564 919852 821646
0b001701 0b000b01 10000 100 5467 2012237638 17130 17100
0b003301 0b000401 10000 100 16007 2011348189 941843 818005
0b001801 0b001901 10000 100 73436 2012280966 10263 10319
0b003601 0b002c01 10000 100 38476 2012328478 35631 19867
0b002401 0b000801 10000 100 4786139 2010894190 1504985 1217933
0b001501 0b002301 10000 100 5903 2011693249 828966 817155
0b002101 0b002401 10000 100 928 2012545171 8398 8398
0b002a01 0b003001 10000 100 1471875 2012417301 149056 140042
0b003601 0b003c01 10000 100 154394 2012658362 26735 25426
0b001001 0b000b01 10001 100 140360 2012587545 108185 28410
0b002401 0b000501 10000 100 2025 2011872410 828879 816833
0b001a01 0b001b01 10000 100 47751 2012752229 8132 8164
0b002501 0b000601 10000 100 8012235 2011205622 1781506 1488408
0b001001 0b003601 10000 100 110509 2012324650 825996 825926
0b002c01 0b000701 10000 100 1989652 2012103693 1062070 983473
0b002b01 0b000001 10000 100 441157 2012333630 888487 853649
0b002c01 0b001701 10000 100 8668 2012409320 817459 817388
0b001a01 0b000901 10000 100 913104 2013130222 97076 93198
0b001301 0b002701 10000 100 39261 2012424102 820715 819954
0b002b01 0b002901 10000 100 60436 2013286175 9171 9229
0b000501 0b002301 10000 100 57307 2012511802 840298 821467
0b001301 0b003c01 10000 100 528892 2012454594 904226 861002
0b003301 0b000d01 10000 100 1165965 2012320520 1038527 914414
0b002c01 0b002e01 10000 100 71472 2013358359 10098 10154
0b000601 0b003001 10000 100 3645818 2012302454 1197064 1122326
0b002701 0b000001 10000 100 4507061 2012223049 1333802 1194535
0b003001 0b001001 10000 100 117609 2012758213 827607 826521
0b001801 0b003101 10000 100 72649 2012769522 823448 822752
0b002e01 0b002b01 10000 100 14845 2013696969 9852 9565
0b003601 0b002801 10000 100 4939615 2012893438 833029 430778
0b001301 0b001201 10000 100 24189 2013877141 6127 6191
0b003701 0b003301 10000 100 7130 2013921648 8884 8921
0b001d01 0b000f01 10000 100 31283 2014146009 27252 19265
0b003401 0b001001 10000 100 1279532 2013261121 975159 923937
0b000e01 0b003801 10000 100 27820 2013505455 819283 818993
0b002301 0b003e01 10000 100 9868 2014356113 103139 17467
0b001f01 0b002501 10000 100 998421 2013697035 987802 900369
0b001e01 0b000501 10000 100 1789150 2014422469 269976 166645
0b000701 0b003d01 10000 100 755880 2013873826 891097 880033
0b003201 0b000801 10000 100 1625032 2013867320 967541 952906
0b000c01 0b002601 10000 100 40438 2013961144 905501 820052
0b000c01 0b003201 10000 100 973630 2014131750 901010 898290
0b001001 0b002301 10000 100 29318 2014161305 902050 819120
0b001101 0b001301 10000 100 1075403 2015012907 94428 94324
0b001401 0b002f01 10000 100 9698821 2013434122 1777650 1629809
0b002501 0b002f01 10000 100 64613 2015316308 17889 17898
0b000d01 0b003401 10000 100 72426 2014591471 822770 822734
0b000501 0b002c01 10000 100 2438090 2014370360 1059464 1021072
0b003801 0b003701 10000 100 32823 2015471970 17877 15232
0b003601 0b002901 10000 100 189088 2015113119 410673 32496
0b003401 0b001c01 10000 100 27151 2014820312 818926 818939
0b001e01 0b000601 10000 100 7593 2015852327 30184 17278
0b002a01 0b002d01 10000 100 45397 2015870360 15628 12128
0b001c01 0b003e01 10000 100 54335 2015073498 821713 821218
0b001901 0b003501 10000 100 470735 2015057414 863827 856127
0b003701 0b000401 10000 100 5347 2015160890 817271 817110
0b003501 0b001701 10000 100 604677 2015237889 875372 867357
0b002a01 0b000b01 10000 100 8375662 2014192211 1945659 1518876
0b003501 0b000601 10000 100 1735 2015351202 816931 816806
0b003401 0b000e01 10000 100 29433 2015360756 819418 819129
0b000601 0b003901 10000 100 31261 2015234986 987502 819283
0b001601 0b002801 10000 100 203641 2015460685 862815 833734
0b002f01 0b002801 10000 100 76028 2016408631 14658 14697
0b003601 0b000001 10000 100 29482 2015620139 836047 819133
0b003101 0b000601 10000 100 32523 2015803791 848182 819388
0b003701 0b002901 10000 100 22851 2016638541 18888 18556
0b002a01 0b001f01 10001 100 132067 2015436669 1360194 827736
0b003201 0b002301 10000 100 23131214 2003318718 13521696 1955964
0b000301 0b001a01 10000 100 16427556 2008802885 8243590 1393928
0b001b01 0b002f01 10000 100 3246819 2015310223 1756348 1088874
0b002901 0b003c01 10000 100 16530 2016372354 742121 18027
0b000601 0b001b01 10000 100 3204865 2016537539 630562 285336
0b000401 0b000d01 10000 100 19386816 2006809619 10379842 1637871
0b000901 0b001801 10000 100 1365 2017082290 117259 16756
0b003801 0b002601 10000 100 139381 2016139856 1073123 28328
0b001b01 0b000a01 10000 100 2917437 2016775652 453292 261240
0b003801 0b000701 10000 100 9056667 2015391303 2031871 1575972
0b003601 0b002b01 10000 100 54798 2016645387 831015 21235
0b003f01 0b003601 10000 100 163345 2017444416 33022 26177
0b002801 0b003401 10000 100 3299164 2016074328 1439315 293245
0b001701 0b002c01 10000 100 50450 2015980359 1548078 820891
0b003301 0b001001 10000 100 4703 2016747066 817122 817055
0b000901 0b000801 10000 100 42602 2017649528 7672 7733
0b001401 0b003101 10000 100 1971814 2016809578 991163 981977
0b000e01 0b001801 10000 100 49766 2017817586 20965 20813
0b000301 0b003901 10000 100 954 2017096505 816783 816740
0b000601 0b002e01 10000 100 991262 2016279732 1679949 899770
0b002c01 0b003601 10000 100 43142 2017637386 324350 20260
0b002701 0b000701 10000 100 77794 2017175728 824436 823183
0b001701 0b001501 10000 100 1461724 2017913287 128846 126712
0b001501 0b001701 10000 100 5450 2018113517 4841 4619
0b001001 0b001201 10000 100 21314 2018174877 5885 5949
0b002a01 0b001601 10000 100 1218083 2016523573 1728464 918787
0b001601 0b002401 10001 100 28505 2016825305 1555013 819051
0b003301 0b002701 10000 100 1187 2018364143 16876 16742
0b002701 0b001901 10000 100 9800963 2015191730 3190235 1638372
0b002e01 0b000f01 10000 100 26562 2016863587 1531010 818888
0b001501 0b000301 10000 100 16013937 2009770016 8641746 1359248
0b003201 0b002601 10000 100 22452 2018403925 18560 18524
0b002201 0b001c01 10000 100 62775 2017078187 1404628 821923
0b003301 0b000d01 10001 100 79506 2017678538 823454 823327
0b002e01 0b000501 10000 100 14622 2017155727 1347980 817887
0b000d01 0b001601 10000 100 8771 2018526400 17928 17376
0b003b01 0b003f01 10000 100 9394927 2017799817 797442 795990
0b002501 0b003501 10000 100 3798729 2017261860 1443298 335126
0b001601 0b002501 10001 100 2653464 2017414419 1302509 1039128
0b000901 0b001401 10000 100 3527496 2018009176 828537 312387
0b000e01 0b000c01 10000 100 38012 2018924256 7289 7350
0b002001 0b000901 10000 100 26784 2017947364 1185931 818906
0b002301 0b000a01 10000 100 421716 2017911235 1224031 852017
0b002c01 0b003101 10000 100 969080 2018649520 526594 97891
0b000101 0b002e01 10000 100 46808 2017983028 1196477 820585
0b002101 0b002201 10000 100 691 2019227771 4126 4219
0b003901 0b002701 10000 100 21561 2019225925 18713 18449
0b001c01 0b003401 10000 100 148007 2018427094 831347 829072
0b000901 0b000201 10000 100 445607 2019215699 55849 49841
0b002e01 0b001c01 10000 100 81810 2018577355 827782 823519
0b002901 0b002b01 10001 100 48502 2019499085 8168 8228
0b003f01 0b003401 10000 100 16327 2019626672 13929 13851
0b002301 0b002601 10000 100 629125 2019487778 154312 61069
0b002401 0b001d01 10000 100 791 2018887270 816691 816727
0b003901 0b001e01 10000 100 39638 2019070601 819973 819984
0b002801 0b000701 10000 100 4263 2018828667 1244430 817020
0b001a01 0b002301 10000 100 116616 2019256769 826732 826438
0b002f01 0b003101 10000 100 360365 2020031351 58149 46855
0b002f01 0b000d01 10000 100 1401197 2019176642 934439 934139
0b001201 0b000401 10000 100 1543342 2019926342 221994 146036
0b000201 0b003b01 10000 100 1938701 2019164884 987169 979201
0b002001 0b003201 10000 100 7307461 2010127638 10042443 629299
0b000c01 0b002d01 10000 100 79019 2019100431 1172118 823288
0b000c01 0b000801 10000 100 493572 2020232549 49730 49702
0b000c01 0b002301 10000 100 155549 2019536769 830022 829702
0b003d01 0b002e01 10000 100 972317 2020323294 101350 98161
0b003801 0b002701 10000 100 47212 2020412086 26130 20601
0b002301 0b002701 10000 100 4633530 2019372806 1268842 396796
0b001401 0b003d01 10000 100 42132 2019961271 821498 820195
0b002e01 0b001901 10000 100 2362 2019688527 1122779 816860
0b000801 0b002f01 10000 100 139553 2020006289 834455 828361
0b002301 0b001201 10000 100 35203 2020173551 821608 819614
0b002901 0b001801 10000 100 37514 2020066727 952229 819807
0b003d01 0b000701 10000 100 1760856 2020128204 995298 964290
0b000e01 0b002101 10000 100 432 2020560070 816354 816698
0b000601 0b001201 10000 100 41655 2021365738 49734 20133
0b002f01 0b000201 10000 100 409094 2020666558 862013 850961
0b003701 0b003601 10000 100 8733 2021531480 4827 4893
0b000e01 0b001801 10001 100 557056 2021509763 88448 63347
0b002601 0b003a01 10000 100 53930 2021616728 21822 21161
0b001601 0b002201 10000 100 1852391 2020737667 974273 971966
0b000f01 0b001301 10000 100 15657 2021731933 18441 17954
0b003001 0b001c01 10000 100 2860821 2020969575 1063660 1056511
0b002801 0b002501 10000 100 1122579 2021997448 108478 106598
0b001901 0b000501 10000 100 4077 2022266601 17416 16985
0b000601 0b002501 10000 100 1418125 2021322216 981365 935558
0b002901 0b000501 10000 100 11030 2021536537 817912 817588
0b001c01 0b003b01 10000 100 90415 2021695353 824371 824242
0b000801 0b002c01 10000 100 1644986 2021544930 976073 954575
0b001c01 0b000401 10000 100 34607 2022529610 19589 19542
0b000d01 0b000801 10000 100 56821 2022539891 13042 13084
0b003601 0b002901 10001 100 1643691 2022447372 195407 154448
0b002301 0b000501 10000 100 29153952 2014491750 8153307 3260927
0b002501 0b003101 10000 100 9948518 2017819865 4910924 850725
0b000c01 0b001601 10001 100 4565537 2021193309 1618798 399416
0b002b01 0b001701 10000 100 57454 2021995335 823272 821479
0b003101 0b000001 10000 100 1857371 2021783446 1047045 972384
0b001c01 0b003001 10000 100 63287 2022027813 822633 821968
0b002501 0b001a01 10000 100 62513 2022091470 825234 821902
0b003a01 0b000501 10000 100 8813 2022272953 817408 817399
0b002001 0b003b01 10000 100 28602 2023083313 19612 19039
0b001401 0b002601 10000 100 5767187 2021795555 1322228 1300184
0b002801 0b002601 10000 100 19282 2023104758 14067 14099
0b000a01 0b000301 10000 100 7851 2023109131 13188 13138
0b000301 0b001901 10000 100 29904 2023108388 19724 19147
0b000801 0b002d01 10000 100 5840 2022382858 817201 817150
0b000a01 0b003d01 10001 100 1368722 2022261006 968759 931414
0b003c01 0b000101 10000 100 24798 2022483192 820840 818739
0b001501 0b003401 10000 100 21400 2022646538 818585 818456
0b000801 0b001501 10000 100 1495583 2023421191 300413 142031
0b002a01 0b001b01 10000 100 58732 2022984485 838008 821585
0b002301 0b000a01 10001 100 65597 2023030514 822302 822161
0b001501 0b001a01 10000 100 48335 2023944259 16722 16534
0b000a01 0b000301 10001 100 42606 2024010827 17200 16053
0b003901 0b000201 10000 100 36027 2023232071 820666 819684
0b000301 0b000d01 10000 100 22811 2024040997 14412 14393
0b003801 0b002901 10000 100 58139 2024117992 21507 21517
0b000b01 0b000301 10000 100 8387716 2022010620 2192186 715707
0b000a01 0b003e01 10000 100 28582 2023460449 841821 819057
0b001f01 0b002e01 10000 100 191777 2023465129 848984 832739
0b003201 0b003d01 10000 100 76868 2024312634 31720 18925
0b003201 0b003801 10000 100 749450 2024272000 161741 75316
0b001301 0b003901 10000 100 4262983 2023260083 1206111 1174068
0b000e01 0b001401 10000 100 14497662 2022848755 1883984 1232125
0b003401 0b003d01 10000 100 886176 2024688083 86886 86780
0b001c01 0b000401 10001 100 17208 2024867626 18069 18085
0b001a01 0b003601 10001 100 1830664 2023916041 970615 970144
0b003501 0b000901 10000 100 3290980 2023810425 1104357 1092575
0b000a01 0b002001 10000 100 68071 2024098568 826317 822370
0b001501 0b001401 10000 100 28505 2024925345 6508 6551
0b003f01 0b003701 10000 100 55528 2024925030 17270 17137
0b001601 0b003a01 10000 100 27256 2024202025 818934 818948
0b001b01 0b001d01 10000 100 41866 2025042351 11785 11830
0b002901 0b000201 10000 100 13790 2024343661 818060 817816
0b003601 0b002d01 10000 100 9295 2025222487 17412 17422
0b003201 0b001301 10000 100 1224359 2024284717 977276 919312
0b000d01 0b000301 10000 100 843159 2025213023 83933 83173
0b002501 0b001701 10000 100 28928674 2016404312 8937324 3242041
0b001401 0b000d01 10000 100 2888832 2024343952 1086476 258840
0b001e01 0b003901 10000 100 3258494 2024341752 1191961 1089854
0b000c01 0b002c01 10000 100 160284 2024747996 830293 830100
0b001801 0b002c01 10000 100 1243 2024852087 816749 816767
0b002501 0b003001 10000 100 61048 2025679418 26793 21761
0b001f01 0b002501 10001 100 535633 2024900931 861981 861568
0b002101 0b003401 10000 100 1400671 2025661443 191077 134073
0b001501 0b000601 10000 100 1103997 2025848191 109356 109199
0b003401 0b001401 10000 100 52905 2025177101 821086 821095
0b001d01 0b000d01 10000 100 9662 2026020869 17433 17451
0b002b01 0b003e01 10000 100 1619301 2025893293 227039 152404
0b003901 0b000a01 10000 100 5706 2025332366 818014 817139
0b002e01 0b002701 10000 100 247041 2026208592 33199 33195
0b003a01 0b002601 10000 100 33894 2026223159 20461 19482
0b001a01 0b001201 10000 100 919444 2026163046 89679 89568
0b003201 0b002e01 10000 100 23102 2026266922 18564 18580
0b000101 0b003a01 10000 100 1573402 2025702030 949607 948576
0b002501 0b000501 10000 100 165250 2025909771 844372 830517
0b000b01 0b001201 10000 100 765323 2026712324 114258 80807
0b000f01 0b000e01 10000 100 206740 2026826243 21459 21494
0b003e01 0b002401 10000 100 21188 2026955135 18403 18419
0b000601 0b002601 10000 100 1943898 2026180243 980550 979636
0b003701 0b002201 10000 100 133404 2027136350 27828 27826
0b002701 0b003e01 10000 100 68349 2027148980 22364 22372
0b001e01 0b002f01 10000 100 142 2026416655 816156 816675
0b000501 0b002a01 10000 100 9094 2026489161 817409 817425
0b002601 0b002701 10000 100 13668 2027450932 5241 5307
0b003e01 0b000201 10000 100 21583 2026843366 818457 818471
0b000801 0b001f01 10000 100 193631 2027650967 49213 32875
0b001801 0b000d01 10000 100 7801 2027688098 33666 17294
0b000b01 0b003001 10000 100 3651087 2026743165 1156786 1122770
0b002201 0b003b01 10000 100 66921 2027911239 24526 22250
0b001801 0b001a01 10000 100 18131 2027953655 5618 5683
0b000901 0b002a01 10000 100 87301 2027399437 823978 823982
0b001201 0b000a01 10000 100 15439 2028274475 19149 17936
0b003e01 0b003901 10000 100 63982 2028278341 20796 13684
0b002a01 0b003601 10000 100 37932 2028323512 22901 19820
0b002d01 0b000401 10000 100 1053 2027547545 816734 816751
0b001c01 0b002201 10000 100 1931187 2027461284 979133 978573
0b003f01 0b002e01 10000 100 412615 2028415767 58591 51235
0b000801 0b002c01 10001 100 1809 2027660427 816827 816812
0b000a01 0b003901 10000 100 21729 2027734687 820271 818482
0b002601 0b002d01 10000 100 473142 2028642216 54113 52151
0b000501 0b003a01 10000 100 4674581 2027515338 1232807 1208578
0b003601 0b000801 10001 100 177825 2027963374 835936 831569
0b000001 0b001001 10000 100 40502 2028789869 26656 20037
0b000201 0b003201 10000 100 51959 2028018719 825291 821016
0b002801 0b002101 10000 100 24602 2028834030 14512 14544
0b000401 0b001301 10000 100 1369092 2028722625 141788 131428
0b001001 0b000801 10000 100 14161 2028903780 18548 17830
0b001801 0b002501 10000 100 13213 2028243390 819859 817770
0b003101 0b002b01 10001 100 75959 2029059757 33529 23008
0b002501 0b000201 10000 100 1839630 2028195670 975861 970896
0b003d01 0b003201 10000 100 13603 2029342697 14444 13622
0b001901 0b003f01 10000 100 52478 2028537868 830869 821061
0b001f01 0b002901 10000 100 1906 2028554328 816975 816820
0b003501 0b002601 10000 100 7038104 2028604591 823465 606718
0b001e01 0b002b01 10000 100 577056 2028606674 1039033 865044
0b000801 0b003801 10000 100 898679 2028773011 897326 892006
0b003301 0b003801 10000 100 1254696 2029732719 117840 117674
0b003101 0b000f01 10000 100 37066 2029112630 904889 819771
0b002801 0b000601 10000 100 1889445 2029085089 980348 975073
0b002e01 0b002c01 10001 100 1015783 2029981083 89419 89324
0b003d01 0b001f01 10000 100 1946599 2028890049 1184087 979864
0b003c01 0b002301 10000 100 846989 2030188828 91066 87651
0b003d01 0b003c01 10000 100 28564737 2026604309 3684956 2399028
0b000301 0b003401 10000 100 4985666 2028886868 1465347 1234659
0b003901 0b000b01 10000 100 70351 2029771064 828559 822560
0b001901 0b003c01 10000 100 13881713 2027968916 2666081 1980503
0b002001 0b001a01 10000 100 9937720 2028696458 2088581 1649839
0b002301 0b000301 10000 100 93262 2030009961 824838 824481
0b001001 0b002b01 10000 100 16992 2030025921 818397 818084
0b002b01 0b000201 10000 100 4223228 2029710205 1202592 1170738
0b003601 0b003001 10000 100 19668 2030906910 9921 9970
0b000d01 0b001901 10000 100 7802805 2029661766 1270810 670827
0b003601 0b002301 10000 100 223407 2031053947 36395 35372
0b003101 0b000f01 10001 100 2397511 2030039622 1057424 1017669
0b001301 0b002f01 10000 100 16789 2030314583 818157 818068
0b001601 0b002101 10000 100 74639 2030340988 823422 822919
0b000e01 0b002001 10000 100 674170 2030274039 895708 873185
0b000901 0b003701 10000 100 201259 2030371645 834351 833536
0b002b01 0b002901 10001 100 77580 2031216292 10610 10665
0b002a01 0b000101 10000 100 713554 2030422944 877682 876486
0b001701 0b001101 10000 100 7522 2031460571 8902 8952
0b003f01 0b001601 10000 100 2586 2030720098 816861 816878
0b001001 0b003601 10001 100 1775417 2030636401 971223 965513
0b002501 0b003501 10001 100 44860 2031608013 20389 20401
0b003701 0b002701 10000 100 181388 2031681343 41507 31849
0b003e01 0b003701 10000 100 3409 2031783906 12940 12768
0b003501 0b002d01 10000 100 30233 2031790054 19432 19177
0b001b01 0b000801 10000 100 1624388 2031820599 153071 152831
0b001f01 0b002501 10002 100 21663 2031180726 818463 818477
0b002401 0b003e01 10000 100 4103972 2031646562 362206 360717
0b000201 0b002101 10000 100 653681 2031233278 879584 871465
0b000001 0b002801 10000 100 181985 2031337764 832650 831917
0b001e01 0b000101 10000 100 72501 2032233655 22712 22720
0b000701 0b000301 10000 100 33455 2032346333 11080 11126
0b000601 0b002001 10000 100 44217 2031704922 823980 820370
0b000701 0b002501 10000 100 638559 2031680403 874000 870198
0b002e01 0b000901 10000 100 35050 2031748490 820101 819602
0b002f01 0b002d01 10000 100 5026 2032591753 4518 4585
0b001f01 0b001801 10000 100 2836 2032599026 8507 8558
0b000001 0b002401 10000 100 616873 2031908102 868460 868379
0b002101 0b001b01 10000 100 372352 2032048378 849035 847880
0b000301 0b001e01 10000 100 24503 2032926148 18724 18696
0b003001 0b002301 10000 100 1054093 2032865133 106259 105018
0b001f01 0b002601 10000 100 943401 2032097918 963762 895757
0b001c01 0b001d01 10000 100 118509 2033062482 14049 14097
0b002501 0b000601 10001 100 1417468 2032156245 978971 935502
0b002b01 0b000101 10000 100 553322 2032231976 906462 863053
0b001a01 0b001e01 10000 100 12127 2033362223 9290 9340
0b000001 0b001501 10000 100 1737026 2033277850 162534 162276
0b000401 0b002701 10000 100 6091526 2032109235 1398927 1327375
0b002401 0b003f01 10000 100 1615990 2033406944 196913 152124
0b002401 0b003a01 10000 100 314198 2033500076 116092 42985
0b002401 0b001f01 10000 100 195505 2032840854 834722 833053
0b001f01 0b003c01 10000 100 5948 2032872494 817576 817158
0b002401 0b001601 10000 100 15835 2033082760 832864 817988
0b000c01 0b002b01 10000 100 41504 2033097836 820130 820141
0b003601 0b002d01 10001 100 193785 2033878990 49882 32887
0b001001 0b003a01 10000 100 5826736 2032683184 1331620 1305174
0b000b01 0b001601 10000 100 837137 2033935384 89559 86828
0b003d01 0b002f01 10000 100 44472 2034043910 24032 20370
0b000e01 0b003301 10000 100 24381 2033295949 818692 818706
0b001501 0b001d01 10000 100 1262284 2033775127 343592 118312
0b002d01 0b003d01 10000 100 73985 2034258664 22844 22842
0b000f01 0b001201 10000 100 632711 2034213584 74775 69687
0b000801 0b000101 10000 100 101238 2034318455 20951 20970
0b001b01 0b003b01 10000 100 39379 2033578192 819961 819963
0b000701 0b000401 10000 100 557052 2034571075 50888 50866
0b001001 0b002301 10001 100 7913503 2033211403 1528314 1480130
0b001001 0b001a01 10001 100 21003 2034924178 15922 14244
0b003501 0b001901 10000 100 1155137 2033984332 1008597 913510
0b001601 0b003401 10000 100 4841 2034227052 817427 817066
0b003001 0b002501 10000 100 157149 2035059960 49337 29818
0b002601 0b001d01 10000 100 311830 2034170594 953786 842804
0b002801 0b003a01 10001 100 72671 2035096624 36631 22734
0b002901 0b001601 10000 100 5139 2034243433 908054 817094
0b002001 0b001c01 10000 100 1738 2034244415 908061 816806
0b001901 0b000701 10000 100 34658 2035135841 19716 19547
0b001101 0b001201 10000 100 4191979 2034813150 357798 355615
0b003401 0b003101 10000 100 5294299 2034766025 455924 452196
0b002701 0b002801 10000 100 3174211 2034900991 369661 278608
0b001201 0b003701 10000 100 1010555 2034284133 988649 901386
0b002001 0b003501 10000 100 77341 2035282610 23423 23126
0b002401 0b003801 10000 100 4988 2035288705 104537 17058
0b003301 0b003801 10001 100 3723 2035386957 12758 12793
0b003b01 0b000c01 10000 100 26544 2034714741 818981 818887
0b000801 0b003c01 10000 100 24068 2034762843 818672 818681
0b001e01 0b000701 10000 100 50567 2035524339 64348 20881
0b001601 0b002601 10000 100 7790624 2034162000 1672787 1469827
0b003a01 0b002301 10001 100 96218 2035914041 77297 24709
0b000701 0b002001 10000 100 240534 2035170305 885739 836828
0b002901 0b001a01 10000 100 2811802 2034949730 1174609 1052402
0b001f01 0b001e01 10000 100 8199 2036145799 4784 4850
0b003301 0b000001 10000 100 70239 2035365730 822545 822551
0b000f01 0b001901 10000 100 57450 2036178537 28090 21458
0b000f01 0b000201 10000 100 52389 2036351493 17250 16874
0b001d01 0b001001 10000 100 8921364 2035629267 769652 760449
0b003201 0b002d01 10000 100 7619099 2035440281 1004409 655428
0b000701 0b001201 10000 100 21266 2036714502 22811 18425
0b000401 0b002c01 10000 100 37506 2035930941 820851 819806
0b002c01 0b002e01 10001 100 978754 2036682995 86308 86219
0b001601 0b000901 10000 100 23361 2036803502 20608 18601
0b000401 0b002001 10000 100 48074 2036180880 823665 820694
0b000501 0b003201 10000 100 44261 2036051744 1039811 820373
0b003001 0b002b01 10000 100 2377729 2036408105 809943 215989
0b000201 0b000701 10000 100 3841 2037301134 8771 8642
0b003501 0b002401 10000 100 3241700 2036601547 826554 288425
0b000f01 0b002c01 10000 100 10972 2036629529 818191 817580
0b001001 0b003401 10001 100 74603 2036573764 1012328 822916
0b001901 0b002f01 10000 100 54053 2036768356 862240 821195
0b000201 0b000d01 10000 100 125953 2037819738 23403 23040
0b001e01 0b000201 10000 100 62307 2037906866 26411 21866
0b003d01 0b000601 10000 100 7968520 2036063933 1872913 1484742
0b003801 0b003501 10000 100 8845393 2036687138 1348374 754080
0b002401 0b002c01 10000 100 2530 2038033190 12724 12693
0b002501 0b001801 10000 100 15147351 2035108652 2950505 2086616
0b001301 0b002701 10001 100 448383 2037182588 905957 854254
0b001901 0b001d01 10000 100 227812 2038068254 28251 27420
0b003101 0b001f01 10000 100 8706788 2036101858 1997405 1546637
0b001301 0b000a01 10000 100 8944155 2036592748 1550257 766521
0b000401 0b001c01 10000 100 7133 2038172972 17305 17241
0b002f01 0b000701 10000 100 4669 2037397578 817150 817052
0b003d01 0b003101 10000 100 3558327 2037243499 972906 310812
0b000c01 0b001901 10000 100 18389618 2034826196 3419433 1558427
0b001301 0b003101 10000 100 1954621 2036882454 1368508 980536
0b002501 0b002e01 10000 100 939487 2038276311 140517 91248
0b003601 0b000601 10000 100 4384872 2037093766 1407094 1184288
0b003401 0b003f01 10000 100 4666560 2038099603 409161 403726
0b002101 0b003101 10000 100 4307980 2037371891 1170050 377821
0b000001 0b002201 10000 100 330926 2037693589 860377 844405
0b000001 0b000e01 10000 100 598665 2038577698 91493 62673
0b003f01 0b003601 10001 100 47257 2038678197 17761 16444
0b002201 0b000e01 10000 100 198518 2038150191 881573 833305
0b000e01 0b002c01 10000 100 9245 2038314944 828341 817438
0b002901 0b003701 10000 100 1535447 2038281968 954632 145374
0b002e01 0b000801 10000 100 308684 2038398280 972382 842541
0b002901 0b000601 10000 100 4982996 2038088989 1373511 1234434
0b001b01 0b001c01 10000 100 38104 2039463426 11472 11518
0b003f01 0b002701 10000 100 4513892 2035899516 3593396 395085
0b002101 0b001701 10000 100 2802819 2038296243 1205444 1051649
0b000601 0b002b01 10000 100 42160 2038801836 821699 820197
0b000c01 0b000101 10001 100 8558 2039653221 13165 13199
0b002601 0b002901 10000 100 8813 2039668027 13403 13219
0b001701 0b001401 10000 100 1167359 2039626418 102153 102033
0b003701 0b001f01 10000 100 2469 2039040214 816893 816869
0b000001 0b003a01 10000 100 11482 2038927299 958235 817624
0b003b01 0b002d01 10000 100 9595480 2037701878 2362508 821127
0b003901 0b000801 10000 100 12180878 2037430195 2664425 1837905
0b000901 0b002c01 10000 100 359476 2039374314 863052 846800
0b003001 0b002401 10000 100 28642 2040220823 26399 19042
0b002f01 0b003401 10000 100 16838 2040161873 225288 18052
0b002401 0b001b01 10000 100 72134 2039454555 949415 822711
0b001301 0b001c01 10000 100 355220 2040377691 42286 42264
0b003701 0b002201 10001 100 4811205 2039486772 941630 420014
0b002d01 0b000601 10000 100 3407 2039689210 817163 816947
0b000b01 0b002401 10000 100 4842376 2038900722 1693025 1222647
0b003301 0b002501 10000 100 6317 2040665215 17446 17172
0b003f01 0b003a01 10000 100 1529851 2040503324 203365 136583
0b001f01 0b002f01 10000 100 78334 2039648446 1096354 823230
0b000201 0b000e01 10000 100 1710142 2040620189 169339 155861
0b001301 0b002e01 10000 100 7699 2039806355 1016429 817306
0b001201 0b002601 10000 100 18570879 2037824105 3009135 2373642
0b000b01 0b000e01 10001 100 28183 2040892354 12319 10686
0b001001 0b003b01 10000 100 42162 2040121624 823697 820198
0b000c01 0b002b01 10001 100 769394 2040083292 881289 881168
0b003601 0b002301 10001 100 22413 2040960119 47098 18521
0b000801 0b001301 10000 100 3374488 2040674275 398377 299559
0b003401 0b002901 10001 100 505 2041179501 27792 16684
0b002901 0b000201 10001 100 264057 2040435921 860952 838802
0b002a01 0b000501 10001 100 3440525 2040150343 1154322 1105115
0b001501 0b002101 10000 100 29301 2040605773 822787 819119
0b000c01 0b003201 10001 100 1233604 2040376825 1051809 920086
0b003701 0b002701 10001 100 82823 2041318728 121449 23584
0b000601 0b000a01 10000 100 26703 2041539825 14688 14719
0b000b01 0b003a01 10000 100 13109 2040788196 825274 817762
0b000c01 0b003001 10000 100 6962 2040832012 819998 817243
0b002701 0b003401 10000 100 39552 2041559615 101602 19957
0b002e01 0b001001 10000 100 14417 2040870597 821524 817870
0b002d01 0b001801 10000 100 3936135 2040556590 1151374 1146668
0b001401 0b002a01 10000 100 68423 2040920783 919811 822398
0b000401 0b002601 10000 100 8478 2041082568 817456 817372
0b001801 0b003a01 10000 100 56359 2041110800 821611 821387
0b000d01 0b002f01 10000 100 6141406 2040367252 1593601 1331557
0b001601 0b001a01 10000 100 380311 2041943553 44393 44367
0b000e01 0b003a01 10000 100 18422 2041208414 818872 818206
0b002301 0b003101 10000 100 9498087 2040648621 1390714 812963
0b001101 0b002b01 10000 100 2716399 2040857142 1208048 1044405
0b003601 0b001701 10000 100 1315380 2041169428 930352 926943
0b000101 0b001f01 10000 100 1500185 2042025194 142639 142418
0b000201 0b000301 10000 100 243813 2042247800 24573 24602
0b000a01 0b002201 10000 100 59016 2041483599 821606 821611
0b000d01 0b003001 10000 100 16300 2041599097 818597 818029
0b000401 0b000501 10001 100 34437 2042424725 6987 7049
0b000e01 0b002801 10000 100 1608714 2041644185 966391 951535
0b002601 0b003801 10000 100 3114657 2042200343 420405 277774
0b001f01 0b001701 10000 100 5385 2042716015 12899 12933
0b001401 0b001e01 10001 100 47346 2042787957 16424 16452
0b000d01 0b000901 10000 100 1376887 2042690456 123927 123758
0b001601 0b001301 10000 100 163741 2042824663 22023 22049
0b001401 0b003801 10000 100 4742 2042137431 817209 817058
0b001e01 0b002e01 10000 100 912806 2042164421 893318 893190
0b002401 0b000c01 10000 100 174576 2042244361 845922 831298
0b001301 0b003e01 10000 100 1763 2042287369 816791 816808
0b003301 0b001501 10000 100 52626 2042329849 821568 821073
0b000401 0b001e01 10000 100 5498 2043270256 17084 17102
0b003001 0b002e01 10000 100 8057 2043287741 17301 17319
0b003d01 0b001401 10000 100 27586 2042610085 819213 818974
0b001e01 0b000e01 10000 100 31608 2043455096 19277 19291
0b000201 0b000801 10000 100 60883 2043778305 17559 17584
0b001901 0b000901 10000 100 10073 2043960846 20128 17488
0b003601 0b001001 10000 100 24517 2043169363 818955 818717
0b001e01 0b000501 10001 100 22533 2044019957 19588 18530
0b000401 0b002d01 10000 100 183339 2043218396 834145 832033
0b000201 0b001301 10000 100 57031 2044037648 21863 21425
0b003601 0b001201 10000 100 77392 2043267498 823145 823150
0b001901 0b001f01 10000 100 38889 2044106704 11535 11580
0b003701 0b002001 10000 100 17006983 2035715392 8443875 1442505
0b003401 0b002401 10000 100 33608 2044291120 19692 19459
0b003801 0b002701 10001 100 170697 2044313809 30960 30952
0b003901 0b000a01 10001 100 79687 2043532490 829920 823342
0b001d01 0b003401 10000 100 57352 2043701224 826168 821470
0b001d01 0b002601 10000 100 1186146 2043686190 921102 916109
0b001301 0b003e01 10001 100 60678 2043861351 821740 821748
0b001301 0b000001 10000 100 70891 2044668903 24936 22583
0b001601 0b003e01 10000 100 49451 2043874580 820798 820808
0b000001 0b002401 10001 100 2934 2043892860 817141 816906
0b003e01 0b002901 10000 100 1619373 2044818205 158918 152410
0b000d01 0b002f01 10001 100 4630 2044263044 817040 817049
0b003b01 0b002d01 10001 100 621214 2045032614 68805 68725
0b002d01 0b002f01 10000 100 13680 2045104310 5242 5308
0b002501 0b002701 10000 100 6700 2045191405 4656 4722
0b000401 0b003e01 10000 100 1599831 2044392194 956824 950790
0b001701 0b000201 10000 100 7421993 2043925477 1461562 638899
0b001501 0b002901 10000 100 67865 2044576401 825181 822350
0b000b01 0b003101 10000 100 954553 2044576321 897562 896691
0b002a01 0b003601 10001 100 58459 2045588151 21533 21543
0b002101 0b000e01 10000 100 481681 2044754349 870712 857045
0b001b01 0b003101 10000 100 75178 2045126299 822960 822966
0b000701 0b003201 10000 100 2250229 2045162159 1005664 1005322
0b003e01 0b003c01 10000 100 35269 2046306659 7057 7119
0b000e01 0b001401 10001 100 27320 2046414686 18918 18933
0b001601 0b003e01 10001 100 14641 2045679011 817873 817888
0b001d01 0b000201 10000 100 20769 2046574920 18533 18382
0b002801 0b000301 10000 100 7667315 2045320951 1460699 1459490
0b003701 0b001701 10000 100 8454 2046105466 817354 817370
0b002601 0b002401 10000 100 2471859 2046646056 369307 211401
0b000f01 0b001901 10001 100 2165784 2046830731 199624 198220
0b001601 0b000901 10001 100 24959 2047011748 20645 18732
0b000f01 0b003e01 10000 100 39748 2046291092 820486 819993
0b000c01 0b003601 10000 100 23812 2046417900 819150 818657
0b000301 0b002901 10000 100 31936 2046457418 819361 819337
0b002f01 0b000501 10000 100 1426412 2046181768 1099027 936252
0b001301 0b001e01 10000 100 48021 2047296622 16482 16509
0b002601 0b003601 10000 100 2767904 2046239079 1101275 248701
0b003801 0b002c01 10000 100 1040443 2047304110 111269 103872
0b002101 0b001001 10000 100 12617 2046612446 817703 817719
0b000701 0b002201 10000 100 915158 2046607846 911741 893390
0b003401 0b002501 10000 100 7839 2047684851 17291 17297
0b002801 0b000c01 10000 100 4261458 2046210529 1498431 1173942
0b000501 0b003a01 10001 100 3951062 2046565697 1169358 1147920
0b001a01 0b000201 10000 100 49341 2047771056 20767 20779
0b001f01 0b000601 10000 100 70291 2048044807 22527 22535
0b002801 0b002201 10000 100 161337 2048117588 26907 26009
0b002301 0b000501 10001 100 6707179 2046649501 1512988 1378993
0b002201 0b001601 10000 100 1543328 2047082944 1079919 946055
0b000501 0b003901 10000 100 43515 2047477828 820479 820310
0b001f01 0b000f01 10000 100 29592 2048283658 19107 19122
0b003901 0b001401 10000 100 1046211 2047462132 904527 904377
0b002301 0b002e01 10000 100 1594572 2048271665 146390 146170
0b000d01 0b000b01 10000 100 70253 2048424928 14172 14212
0b000b01 0b003101 10001 100 39726 2047700299 820120 819991
0b002201 0b003001 10000 100 1192 2048890262 16791 16743
0b003b01 0b002801 10000 100 22978 2048997788 18550 18566
0b000a01 0b002801 10000 100 943914 2048438700 895939 895798
0b002201 0b000701 10001 100 1705942 2048481896 966796 959686
0b003301 0b001a01 10000 100 22781 2048650115 818701 818570
0b002e01 0b000101 10000 100 8212 2048697858 817335 817351
0b001c01 0b003e01 10001 100 75056 2048751194 822950 822956
0b002901 0b002101 10001 100 621719 2049450900 214270 64606
0b003301 0b001e01 10000 100 11098 2048914754 817698 817593
0b003301 0b001b01 10000 100 78734 2048950457 823722 823262
0b002a01 0b000f01 10000 100 859356 2048934631 888830 888710
0b001b01 0b002f01 10001 100 101629 2049052802 825272 825182
0b003501 0b001001 10000 100 33867 2049401746 820397 819499
0b003c01 0b000f01 10001 100 4646 2049536629 817034 817050
0b000d01 0b001601 10001 100 807546 2050178407 177011 84346
0b002d01 0b001101 10000 100 20163 2049574568 852291 818353
0b001401 0b003201 10000 100 4017819 2049231466 1238504 1153514
0b003e01 0b002901 10001 100 43075 2050476543 20546 20254
0b000a01 0b001001 10000 100 2849079 2049599127 926602 255510
0b001301 0b000301 10000 100 47965 2050495547 116478 20661
0b003501 0b002401 10001 100 65597 2050608857 22421 22141
0b003b01 0b003601 10000 100 11990 2050626092 13451 13485
0b000a01 0b003301 10000 100 1305 2050017157 816805 816772
0b001301 0b002301 10000 100 3766388 2049596569 1243316 1132436
0b000d01 0b002c01 10000 100 5941 2050025022 817315 817158
0b003801 0b003c01 10000 100 9255 2050949242 9048 9098
0b002101 0b001001 10001 100 7864 2050091316 974667 817319
0b000f01 0b000601 10000 100 7818 2051080252 13101 13136
0b001b01 0b003001 10000 100 4235721 2049898338 1219208 1171783
0b000b01 0b000601 10000 100 22555 2051301527 14340 14372
0b002501 0b000a01 10000 100 132599 2050564060 831439 827778
0b002501 0b002001 10000 100 14535392 2049068516 2361558 1226969
0b003d01 0b000f01 10000 100 4446 2050757096 817162 817034
0b001e01 0b003d01 10000 100 22169 2050821427 818622 818521
0b000e01 0b002501 10001 100 7302 2050830291 837572 817274
0b003301 0b001501 10001 100 367834 2050911021 933962 847499
0b001601 0b002d01 10000 100 9870831 2050243910 1688000 1644231
0b003801 0b001101 10000 100 23274 2051133110 838562 818614
0b002601 0b002001 10001 100 9761026 2051132754 952697 826688
0b000b01 0b001301 10000 100 1978042 2051909466 188375 182482
0b003901 0b003d01 10000 100 83263 2052093795 15265 15303
0b002801 0b003601 10000 100 1872631 2051636939 482544 173642
0b001001 0b002901 10000 100 2691303 2051042134 1088601 1042301
0b003301 0b001801 10000 100 1726534 2051146636 1026704 961414
0b002901 0b001301 10000 100 19635352 2049214828 3015993 2462890
0b001701 0b003d01 10000 100 3399014 2051153369 1210476 1101637
0b001d01 0b003601 10000 100 127539 2051604501 830297 827354
0b002001 0b003801 10000 100 47211 2052474601 24523 20601
0b002101 0b003c01 10000 100 89451 2052472235 28105 24141
0b001901 0b003f01 10001 100 23757 2051683401 818760 818652
0b003201 0b000701 10000 100 6286 2051719782 817342 817189
0b001b01 0b000601 10000 100 7176894 2051697095 899616 618351
0b000b01 0b002801 10000 100 4873681 2051373942 1242616 1225270
0b001401 0b002801 10000 100 22645 2051786534 834881 818559
0b003701 0b003e01 10000 100 775767 2052657223 77609 77521
0b000701 0b002c01 10000 100 1781035 2051796340 966879 965985
0b001f01 0b001c01 10000 100 8717829 2052021614 815059 735063
0b002e01 0b002601 10000 100 4938 2052826532 12859 12894
0b003901 0b003401 10000 100 881635 2052895857 86661 86397
0b000501 0b003301 10000 100 1253937 2052147838 923821 921790
0b003201 0b003f01 10000 100 1908028 2052765399 314569 172452
0b001c01 0b000701 10000 100 28727 2053115888 31789 19049
0b003801 0b002a01 10000 100 925196 2053046086 117051 94211
0b002e01 0b000101 10001 100 212929 2052317255 857221 834512
0b002001 0b001801 10000 100 3562331 2052073551 1197499 1115328
0b003001 0b003501 10000 100 620219 2053193756 112370 60322
0b000701 0b000d01 10000 100 37055 2053343180 18829 15590
0b003001 0b003201 10000 100 1313916 2053184587 203574 114319
0b000301 0b001c01 10000 100 2276979 2052621144 823667 207542
0b001a01 0b002801 10000 100 15363 2052656110 819230 817950
0b003201 0b003a01 10000 100 9015658 2051094995 2423319 768354
0b001901 0b000601 10000 100 16995 2053533051 18048 18064
0b002c01 0b001201 10000 100 175611 2052780370 877668 831384
0b001001 0b002301 10002 100 190277 2052905442 832628 832615
0b000a01 0b000501 10000 100 526699 2053646612 154440 56639
0b001201 0b000e01 10000 100 83884 2053690952 129809 23673
0b001801 0b001501 10000 100 47507 2054093704 16533 16464
0b000401 0b002e01 10000 100 649354 2053194545 919119 871104
0b001f01 0b003801 10000 100 1172377 2053162052 1014250 914954
0b000701 0b000501 10000 100 8094045 2053316192 904851 682768
0b003201 0b001001 10000 100 310823 2053452164 852682 842720
0b000a01 0b001001 10001 100 79735 2054352270 23341 23326
0b002701 0b003201 10000 100 721409 2054391091 77221 77125
0b002b01 0b000801 10000 100 1952085 2053652811 994008 980326
0b002e01 0b003201 10000 100 49385 2054631407 22944 20782
0b000b01 0b002a01 10000 100 9655793 2053070749 1702973 1626202
0b003401 0b000401 10000 100 31324 2054149817 819527 819288
0b000401 0b001301 10001 100 8804 2054997742 17449 17378
0b003901 0b003401 10001 100 20797 2055096245 15055 14224
0b000001 0b001901 10000 100 2607 2055144046 16884 16860
0b001b01 0b002a01 10000 100 4842650 2054090738 1232007 1222669
0b002101 0b001c01 10000 100 769907 2054527857 884387 881209
0b000101 0b002b01 10000 100 50996 2054622263 823409 820935
0b000101 0b001101 10000 100 287 2055464175 16387 16666
0b002801 0b001001 10000 100 6578 2054747857 817468 817213
0b000101 0b002b01 10001 100 29400 2054809790 819309 819127
0b000f01 0b003201 10000 100 961126 2054710789 940268 897244
0b002501 0b000001 10000 100 929533 2054712383 972698 894593
0b001901 0b001801 10000 100 67845 2055889509 9928 9848
0b000001 0b000201 10000 100 4937014 2055560716 418805 418083
0b002701 0b002d01 10001 100 63959 2055961625 20961 17842
0b002301 0b001801 10000 100 38730 2055207537 822603 819908
0b003501 0b001601 10000 100 49764 2055155496 905230 820833
0b003301 0b002201 10000 100 22156 2056042433 22967 18500
0b002401 0b000b01 10000 100 14678 2055328274 823498 817891
0b002401 0b000c01 10001 100 189214 2055312778 848970 832526
0b000701 0b001001 10000 100 26997 2056162427 18928 18903
0b003e01 0b002d01 10000 100 24086 2056170134 34442 18662
0b001901 0b001101 10000 100 6614 2056223161 13153 13036
0b001d01 0b002301 10000 100 49984 2055508458 820862 820850
0b002a01 0b002d01 10001 100 34823 2056403764 14150 11240
0b002a01 0b000c01 10000 100 3368 2055729640 817099 816944
0b002801 0b002d01 10000 100 1362085 2056383872 180352 122520
0b000d01 0b000001 10000 100 37322 2056563640 15630 15611
0b003101 0b002601 10000 100 5830286 2055696648 1093201 505453
0b001d01 0b002001 10000 100 23948 2055540263 1258280 818668
0b000f01 0b000901 10001 100 148045 2056799955 21011 20735
0b003401 0b003d01 10001 100 1970876 2056575163 305608 177718
0b001f01 0b003f01 10000 100 75934 2056083722 825704 823026
0b000201 0b000b01 10000 100 1396014 2056912300 133073 129525
0b002b01 0b001601 10000 100 1859005 2056142439 972921 972522
0b000101 0b003601 10001 100 8434065 2055363625 1811495 1523775
0b001c01 0b001301 10000 100 2264 2057171190 12637 12672
0b002301 0b003c01 10000 100 4171235 2056129438 1173230 366359
0b000b01 0b000f01 10000 100 43000 2057427045 12972 11925
0b001501 0b003401 10001 100 23950515 2053160512 4419195 2824673
0b000001 0b000a01 10000 100 184303 2057584016 28730 27934
0b003401 0b003701 10000 100 589605 2057590804 53620 53594
0b002c01 0b001101 10000 100 6283 2056830011 817173 817189
0b002e01 0b001901 10001 100 9516247 2055322163 2341688 1614505
0b000501 0b002201 10000 100 29551 2056494234 1247932 819139
0b000201 0b001e01 10000 100 3926 2057784435 67914 16969
0b002001 0b000501 10000 100 25626 2057041294 818796 818809
0b001301 0b002c01 10000 100 2338 2057059665 878834 816858
0b002101 0b003f01 10000 100 16304 2057953336 18412 18009
0b002f01 0b002201 10000 100 78989 2057953470 19163 19102
0b000201 0b002b01 10000 100 1601743 2057026140 956157 950951
0b003601 0b001a01 10000 100 27044 2057278945 818997 818931
0b002e01 0b003a01 10000 100 75761 2058465482 32223 22992
0b003201 0b001e01 10000 100 90679 2057709857 824305 824263
0b003d01 0b003501 10000 100 50862 2058612225 16912 16744
0b000a01 0b000001 10000 100 52646 2058701230 21253 16895
0b001101 0b000301 10000 100 6349 2058737144 17396 17174
0b003b01 0b001801 10000 100 29269 2057979040 819441 819116
0b000401 0b002601 10001 100 48770 2057885494 917394 820749
0b001501 0b003801 10000 100 11742 2057986500 817769 817645
0b000301 0b002201 10000 100 8254538 2057759835 1514446 1508722
0b002501 0b000c01 10000 100 23612445 2054563556 4782027 2796329
0b001401 0b000a01 10000 100 1425091 2059238654 212259 136123
0b000901 0b001c01 10000 100 1811744 2059325056 416239 168537
0b000b01 0b001301 10001 100 8471971 2057513009 2411080 726930
0b003601 0b001801 10000 100 1235165 2058920051 1065652 920219
0b001801 0b003801 10000 100 60283 2059225647 824832 821716
0b000f01 0b002401 10000 100 37096 2059197698 879821 819773
0b001401 0b001f01 10000 100 43225 2060061988 16078 16106
0b003a01 0b001e01 10000 100 3793293 2058918334 1347937 1134692
0b003301 0b001601 10000 100 6357 2059454764 817191 817195
0b003b01 0b000201 10000 100 24733 2059505102 818805 818734
0b001601 0b000a01 10000 100 4393 2060354171 17212 17010
0b003b01 0b003c01 10000 100 48340 2060508319 12447 12375
0b003c01 0b001901 10000 100 1339112 2059620186 1039129 928934
0b000f01 0b003401 10000 100 3163497 2059585898 1092555 1081889
0b001c01 0b001501 10000 100 3299 2060693849 12816 12759
0b002101 0b002801 10000 100 2858739 2060458113 252579 252157
0b000501 0b003a01 10002 100 49990 2059850078 883184 820851
0b003501 0b000501 10000 100 75543 2059979589 991111 822995
0b002501 0b003a01 10000 100 119367 2060780600 193060 26650
0b002001 0b002401 10000 100 2951212 2060823405 256173 255752
0b002a01 0b000701 10000 100 2937149 2060291604 1083764 1062913
0b003801 0b001401 10000 100 2343394 2060067556 1324228 1013132
0b002c01 0b001b01 10000 100 243083 2060565595 840435 837043
0b003201 0b000a01 10000 100 716809 2060212001 1214711 876758
0b002601 0b002401 10001 100 13642 2061456707 5239 5305
0b001901 0b002301 10001 100 33893 2060978577 819820 819502
0b000601 0b002201 10000 100 20105 2060981960 819021 818349
0b003101 0b003b01 10000 100 67045 2061888699 21489 18104
0b001f01 0b001701 10001 100 872392 2061829300 140413 85623
0b001901 0b003201 10000 100 56123 2060923328 1120083 821368
0b002501 0b002001 10001 100 1265803 2061965879 114596 114445
0b001b01 0b000601 10001 100 1752521 2061685629 441935 163573
0b001501 0b003701 10000 100 474722 2060926203 1205514 856461
0b001901 0b001b01 10000 100 1290106 2062058348 117772 112325
0b001201 0b002001 10000 100 583559 2061327883 866087 865587
0b003801 0b002d01 10000 100 3134484 2061968202 299803 279437
0b001801 0b002e01 10000 100 7570 2061492138 824173 817296
0b003b01 0b000401 10000 100 801617 2060840797 1531627 883869
0b000e01 0b000001 10000 100 41289 2062373011 19447 15944
0b003b01 0b001001 10000 100 24886 2061253831 1233777 818746
0b001a01 0b003401 10000 100 41298 2061307052 1191991 820125
0b000d01 0b000001 10001 100 6046 2062509110 13094 12990
0b000001 0b001d01 10000 100 42918 2062537885 23243 20238
0b003901 0b000801 10001 100 196999 2061571808 1008036 833176
0b003401 0b002401 10001 100 113 2062174913 489142 16652
0b002001 0b001401 10000 100 24171 2061887449 829111 818689
0b000601 0b000901 10000 100 67258 2062725556 18235 18121
0b001501 0b001c01 10000 100 32380 2062767773 15828 15197
0b002001 0b001d01 10000 100 7038563 2061383172 1447928 1406774
0b000501 0b000e01 10000 100 17862 2062830411 13973 13978
0b001e01 0b001301 10000 100 6158998 2062211341 673463 528850
0b003e01 0b002001 10000 100 1502838 2062224012 680747 142638
0b001801 0b000801 10000 100 3396 2062890889 17072 16927
0b001b01 0b001101 10000 100 28419 2062896970 16851 14864
0b000a01 0b001b01 10000 100 295972 2062892205 54271 41454
0b000301 0b001501 10000 100 59884 2063050274 38106 21661
0b001f01 0b003701 10000 100 6487 2061776558 1380615 817205
0b003701 0b000601 10000 100 110767 2061857809 1381090 825947
0b003701 0b001701 10001 100 63332 2061988627 1309412 821972
0b000801 0b003801 10001 100 6804546 2060966790 2405262 1387154
0b000e01 0b002401 10000 100 3294 2062746616 817089 816938
0b000601 0b000901 10001 100 55450 2063567224 17104 17131
0b002501 0b001e01 10000 100 41778 2062794867 825820 820163
0b003301 0b000501 10000 100 59915 2062850843 821779 821683
0b000c01 0b003101 10000 100 18810446 2059917818 3824322 2393729
0b001f01 0b000201 10000 100 12202 2063751314 17692 17666
0b002b01 0b001501 10000 100 7196947 2062330864 1557054 1420052
0b000601 0b002201 10001 100 723219 2063030248 900754 877297
0b001001 0b002601 10000 100 13951 2063141621 818924 817829
0b001501 0b002601 10000 100 1491989 2063122098 947303 941748
0b000e01 0b001f01 10000 100 67411 2064166117 23125 22294
0b002701 0b002301 10000 100 114517 2064184836 17889 17922
0b000a01 0b003d01 10002 100 29707692 2057728592 6726833 3307354
0b000d01 0b000601 10000 100 3337338 2064181877 292783 292284
0b001d01 0b002d01 10000 100 9805 2063657091 817703 817482
0b003701 0b002f01 10000 100 44878 2064475541 20390 20403
0b002601 0b002801 10000 100 24997 2064519339 14544 14575
0b001b01 0b000a01 10001 100 3442181 2064239349 311010 305235
0b002801 0b003301 10000 100 43040 2064530189 20467 20252
0b001401 0b001c01 10000 100 1083367 2064464795 113949 103311
0b001201 0b001a01 10000 100 575051 2064726762 125841 60695
0b002201 0b001601 10001 100 59351 2064193901 821684 821638
0b003901 0b002b01 10000 100 1431298 2064909968 170901 136642
0b003301 0b000301 10000 100 54276 2064395307 821349 821213
0b002f01 0b003501 10000 100 7815 2065251995 20273 17295
0b003001 0b003901 10000 100 60830 2065315947 23590 17580
0b003a01 0b001001 10000 100 1019159 2064528688 919774 902109
0b003a01 0b001801 10000 100 32904 2064845227 820960 819419
0b003b01 0b001a01 10000 100 24748 2064958354 820736 818735
0b001801 0b002301 10000 100 2984 2065039902 817116 816910
0b000001 0b003e01 10000 100 24474 2065025995 836451 818713
0b003c01 0b000f01 10002 100 34523 2065178283 822359 819556
0b000101 0b001a01 10000 100 8792018 2064659423 1387546 753766
0b001401 0b003d01 10001 100 59146 2065268124 942962 821622
0b000f01 0b002d01 10000 100 75853 2065381991 872266 823020
0b002601 0b000201 10000 100 22329 2065465290 818795 818534
0b000801 0b003201 10000 100 6458161 2064890180 1410233 1358115
0b003f01 0b003d01 10000 100 8620757 2063194463 3369721 726925
0b002701 0b003201 10001 100 408002 2066578493 51724 50850
0b003301 0b001101 10000 100 6520402 2065124986 1517256 1363332
0b003a01 0b000701 10000 100 2030221 2065556898 1119547 986876
0b003d01 0b003801 10000 100 5126 2066674013 8702 8753
0b002a01 0b002601 10000 100 26134 2066710249 14643 14674
0b000401 0b001501 10000 100 20152 2067196939 18652 18332
0b001d01 0b002801 10000 100 1602035 2066405261 952043 950978
0b003301 0b003c01 10000 100 54114 2067343435 16993 17020
0b000101 0b003501 10000 100 3154 2066799813 816994 816927
0b003201 0b002801 10000 100 9968 2067634255 18229 17475
0b000601 0b003601 10000 100 11115 2066999433 817747 817595
0b003201 0b002b01 10000 100 64939 2067818630 22075 22084
0b002f01 0b002301 10000 100 190677 2067828747 28462 28467
0b000c01 0b001d01 10000 100 7580503 2062319770 5568298 652191
0b003c01 0b000801 10000 100 6084 2067261998 817165 817173
0b001601 0b001b01 10000 100 27208 2068072336 15657 14764
0b001701 0b003701 10000 100 714546 2067332724 877105 876569
0b003f01 0b002501 10000 100 9321215 2067362795 964374 798133
0b003701 0b003e01 10001 100 12889 2068313767 13527 13561
0b002901 0b000c01 10000 100 7604 2067527788 817347 817299
0b002401 0b001b01 10001 100 72530 2067583184 828747 822742
0b000c01 0b001a01 10000 100 3502108 2067890476 544309 310260
0b001101 0b001a01 10000 100 2257 2068425937 12637 12672
0b001b01 0b003701 10000 100 172801 2067732749 831398 831148
0b000901 0b002001 10000 100 777284 2067995478 920221 881830
0b002e01 0b002101 10000 100 6127014 2068087912 918521 526172
0b003e01 0b002901 10002 100 784087 2068954509 82779 82381
0b003101 0b001501 10000 100 24234 2068287730 819101 818694
0b000601 0b001601 10000 100 179064 2069309791 34782 31656
0b002f01 0b002d01 10001 100 9285 2069367638 4875 4941
0b000201 0b003c01 10000 100 72586 2068573530 824568 822747
0b003201 0b003e01 10000 100 9312 2069500716 13937 13263
0b003201 0b000c01 10000 100 756201 2068668240 880618 880062
0b003101 0b003c01 10000 100 44994 2069595201 19999 16252
0b003501 0b002401 10002 100 52768 2069602874 30359 21064
0b002a01 0b001b01 10001 100 55745 2068832508 822783 821334
0b001d01 0b003401 10001 100 39485 2068914876 821834 819972
0b001101 0b002f01 10000 100 69967 2068942285 828274 822526
0b000501 0b003501 10000 100 2200827 2068694589 1182767 1001178
0b002101 0b002501 10000 100 9049 2069937443 9032 9082
0b001c01 0b003c01 10000 100 4026011 2068733765 1312093 1154204
0b003a01 0b000a01 10000 100 1520683 2069252956 1023237 944155
0b003301 0b002901 10000 100 6498 2070333741 17517 17186
0b000701 0b002301 10000 100 57745 2069630872 822259 821502
0b003201 0b003701 10000 100 75687 2070573346 15299 14666
0b000901 0b000e01 10000 100 3378686 2070499273 292079 291590
0b003c01 0b002a01 10000 100 28104 2070842113 18984 18999
0b001301 0b003a01 10000 100 37429 2070091210 819788 819800
0b000601 0b003701 10000 100 72348 2070173986 828694 822728
0b003b01 0b002901 10000 100 25337 2071132191 18751 18766
0b001001 0b002b01 10001 100 24715 2070402634 818727 818733
0b003c01 0b003501 10000 100 767393 2071248369 82780 76820
0b000701 0b002801 10000 100 6010856 2069930965 1448872 1320610
0b003e01 0b002d01 10001 100 57524 2071359116 21678 21464
0b001501 0b002c01 10000 100 1507897 2070383018 1040261 943082
0b002901 0b001601 10001 100 37860 2070606198 820408 819834
0b002201 0b002d01 10000 100 16389 2071576211 13823 13856
0b000501 0b001601 10001 100 75111 2071682181 29964 22940
0b003501 0b000801 10000 100 153528 2071165727 831867 829533
0b000701 0b003401 10001 100 79328 2071258684 824901 823313
0b002801 0b001801 10000 100 30332 2071277307 822029 819205
0b003d01 0b002501 10000 100 74068 2072269935 26965 22853
0b001e01 0b002101 10000 100 1925 2071531409 869860 816821
0b001001 0b003c01 10000 100 9644356 2070846136 1629842 1625245
0b001c01 0b000d01 10000 100 188975 2072501439 52452 32483
0b003101 0b002e01 10000 100 1158117 2072228909 402072 113739
0b002501 0b001501 10000 100 76785 2071979522 918126 823098
0b003a01 0b001701 10000 100 949496 2071859970 1069087 896267
0b002a01 0b003c01 10000 100 120586 2072994012 70536 26751
0b000701 0b000f01 10000 100 126463 2073113501 23557 23084
0b001f01 0b002f01 10001 100 12061 2072386121 817967 817674
0b003701 0b000101 10000 100 4866777 2071652680 1559592 1224691
0b003d01 0b002e01 10001 100 4213833 2072535391 709380 369928
0b003601 0b000301 10000 100 45298 2072524153 824102 820460
0b002801 0b000c01 10001 100 22578 2072578378 820253 818554
0b003301 0b000d01 10002 100 3913113 2072192193 1279415 1144738
0b000201 0b001b01 10000 100 2823 2073460176 17389 16877
0b001e01 0b001801 10000 100 8848735 2072691277 819058 750198
0b001801 0b003301 10000 100 1147489 2072546276 993434 912867
0b000e01 0b003801 10001 100 26616 2072759131 820122 818892
0b000a01 0b003401 10000 100 2583422 2072346677 1292431 1033256
0b000d01 0b003201 10000 100 5824407 2072074128 1568760 1304980
0b000a01 0b003c01 10000 100 1097211 2072571051 1151529 908653
0b001601 0b002c01 10000 100 43303 2072921855 821014 820293
0b001a01 0b001f01 10000 100 8814844 2072657845 1087399 747357
0b003601 0b001901 10001 100 89355 2072969534 850176 824154
0b003301 0b000b01 10000 100 7939 2073032994 856003 817325
0b001901 0b001d01 10001 100 27396 2073958230 12948 10619
0b000001 0b003301 10000 100 6835 2073154229 817221 817233
0b001401 0b001301 10000 100 1405279 2073817727 156439 126141
0b001f01 0b003701 10001 100 9598 2073190655 834492 817466
0b002501 0b001401 10000 100 5390 2073250575 817765 817114
0b002401 0b002101 10000 100 20844246 2071421212 2661663 1755904
0b002d01 0b001a01 10000 100 1296020 2073138543 982138 925322
0b003201 0b000201 10000 100 4576987 2072908764 1306171 1200394
0b001901 0b000a01 10001 100 4475 2074214261 17287 17017
0b000b01 0b003901 10000 100 47866 2073592294 824965 820673
0b002f01 0b001101 10000 100 45445 2073606387 823703 820472
0b003f01 0b000401 10000 100 24044 2073619825 820373 818679
0b000d01 0b002301 10000 100 1224728 2073539896 965734 919342
0b001701 0b003a01 10000 100 77386 2073722468 835385 823150
0b001501 0b003c01 10000 100 1615 2073786414 824935 816796
0b003301 0b002401 10000 100 4622195 2072739286 1910050 404167
0b002701 0b001901 10001 100 21581114 2071212719 3447684 2626024
0b003f01 0b000e01 10001 100 38349 2073859592 822304 819877
0b000e01 0b002901 10000 100 9904 2073864990 817704 817490
0b000901 0b002901 10000 100 17993 2073923326 818673 818168
0b000b01 0b001f01 10000 100 28684850 2060297134 14493303 2421578
0b001701 0b000701 10000 100 19718915 2069092633 5742363 1669874
0b002501 0b001001 10000 100 4216 2073988170 855042 817016
0b000501 0b001301 10000 100 8374 2075013049 17735 17344
0b002d01 0b001c01 10000 100 75495 2074233636 825166 822991
0b001301 0b003a01 10001 100 35282 2074440189 874907 819620
0b003b01 0b002501 10000 100 48654 2075315103 20913 20720
0b002a01 0b001a01 10000 100 29266 2074559005 819131 819116
0b001201 0b002301 10000 100 2433276 2074316068 1096126 1020668
0b000001 0b002001 10000 100 76540 2074739162 825233 823078
0b002501 0b003d01 10000 100 48051 2075591945 20660 20672
0b002b01 0b003801 10000 100 24362 2075603944 20849 18684
0b000f01 0b000401 10000 100 5528 2075680221 13647 12945
0b000a01 0b000801 10000 100 7622607 2075260778 647633 643240
0b000301 0b000801 10000 100 40667 2076016891 16166 15890
0b000801 0b000b01 10000 100 1890 2076284534 4251 4318
0b000001 0b003c01 10000 100 2061 2075499177 816908 816836
0b000401 0b002701 10001 100 40393 2075500347 821737 820048
0b002101 0b003b01 10000 100 3331050 2076070585 305156 295918
0b003301 0b001101 10001 100 602534 2075528137 867257 867178
0b003e01 0b001801 10000 100 29950 2075681009 823346 819171
0b002b01 0b000001 10001 100 5787224 2075178956 1353303 1301863
0b002901 0b002701 10000 100 1340747 2076448056 125068 124889
0b001101 0b000401 10000 100 82852 2076668310 33780 23586
0b002d01 0b003101 10000 100 29732 2076732584 19306 19133
0b000101 0b002401 10000 100 757292 2075846341 921093 880154
0b000f01 0b002801 10000 100 3696077 2075316314 1465534 1126542
0b000f01 0b001c01 10000 100 1496915 2076610725 227480 142141
0b003a01 0b002f01 10000 100 51612 2076883964 74646 20968
0b000001 0b001401 10000 100 40651 2076916177 167891 20049
0b000901 0b002601 10000 100 941823 2076241492 896010 895623
0b001101 0b002001 10000 100 744223 2076351352 879260 879058
0b000701 0b000a01 10000 100 67493 2077224453 18643 18140
0b000c01 0b002a01 10000 100 17336 2076456096 849626 818116
0b000e01 0b000c01 10001 100 3884 2077492129 4419 4486
0b001501 0b002c01 10001 100 5873926 2076044041 1534379 1309130
0b001801 0b002f01 10000 100 1471498 2076509605 1219297 940032
0b002401 0b001701 10000 100 8534 2076695960 1078641 817377
0b001901 0b002f01 10001 100 978763 2076587384 1211181 898720
0b001401 0b000c01 10001 100 60617 2077844933 21923 21723
0b002e01 0b003901 10000 100 43300 2077574948 344118 20272
0b003e01 0b000d01 10000 100 5667 2077204308 819173 817136
0b001901 0b002001 10000 100 2379 2077000530 1061634 816861
0b000101 0b002201 10000 100 95624 2076874054 1206560 824678
0b001401 0b000501 10000 100 208909 2077949476 191120 34155
0b002e01 0b003d01 10000 100 939149 2078047246 99372 95381
0b000001 0b000601 10000 100 1332852 2078097951 120228 120066
0b001001 0b002001 10000 100 28660 2077181681 1139977 819064
0b001c01 0b002b01 10000 100 60448 2077521840 859352 821730
0b003601 0b003f01 10000 100 1367613 2078272418 127325 127142
0b002701 0b000b01 10000 100 13675 2077098376 1398630 817807
0b001301 0b003801 10000 100 1467495 2077578901 939952 939696
0b000b01 0b001401 10000 100 27859 2078714736 21252 18976
0b002801 0b000601 10001 100 1985229 2077004940 1803822 983104
0b002b01 0b000901 10000 100 2126056 2077015745 1824979 994912
0b002a01 0b003201 10000 100 74804 2078177365 703559 22912
0b001101 0b003801 10000 100 49299 2077981798 911053 820795
0b000001 0b000601 10001 100 6186892 2078391885 528063 527029
0b002301 0b002f01 10000 100 1859631 2078758828 175522 168392
0b000201 0b002301 10000 100 871800 2077988587 962452 889752
0b003801 0b001501 10000 100 24099 2078167849 819444 818683
0b002401 0b002601 10000 100 30195 2078991251 6632 6694
0b003a01 0b001f01 10000 100 15044 2078356246 817952 817924
0b002201 0b000001 10000 100 23116 2078380619 823383 818601
0b000f01 0b001401 10000 100 29622222 2073352306 5915184 2500170
0b001d01 0b002901 10000 100 2147 2077827812 1581387 816843
0b002101 0b000401 10000 100 1830992 2078543348 990451 970170
0b001d01 0b001701 10000 100 1533 2079627664 12575 12610
0b001e01 0b002801 10001 100 455762 2078030939 1748177 854872
0b003701 0b002401 10000 100 1098822 2079713523 108978 108765
0b001d01 0b003301 10000 100 6400 2079113764 817244 817198
0b002901 0b002001 10000 100 41140 2079921349 19300 15932
0b001c01 0b002301 10000 100 160849 2079149125 836807 830146
0b002b01 0b001e01 10000 100 6000 2078434639 1579639 817163
0b002a01 0b000401 10000 100 4484 2079200109 839699 817037
0b000f01 0b003a01 10000 100 13260 2079337830 817870 817774
0b000401 0b001401 10000 100 87296 2080159649 28442 23961
0b001901 0b002801 10000 100 20636 2078643437 1620750 818391
0b003701 0b000a01 10000 100 5713192 2078978199 1338940 1295657
0b003c01 0b000601 10000 100 64172 2079461274 864503 822043
0b000501 0b000f01 10000 100 9866 2080412523 13273 13307
0b000a01 0b002301 10000 100 16954940 2076404403 4097005 2238162
0b002c01 0b000301 10000 100 79580 2079707393 823847 823333
0b000301 0b003101 10000 100 961437 2079657883 901209 897269
0b003601 0b003501 10000 100 664466 2080636709 59909 59870
0b001f01 0b001b01 10000 100 567100 2080761145 92022 55869
0b000201 0b002301 10001 100 28609 2079899290 991905 819060
0b002701 0b002e01 10000 100 2738 2081000785 12721 12710
0b001b01 0b001501 10000 100 26070 2081025755 14638 14669
0b003a01 0b002e01 10000 100 37807 2081050230 19797 19810
0b003e01 0b002e01 10000 100 4817 2081183530 17025 17044
0b000301 0b000201 10000 100 6920 2081224747 4674 4740
0b000901 0b000801 10001 100 196335 2081287296 20587 20623
0b000301 0b000e01 10000 100 65515 2081368717 18081 17974
0b001001 0b001301 10000 100 42774 2081387696 7806 7747
0b000d01 0b000101 10000 100 77230 2081396558 21991 18957
0b000e01 0b001001 10000 100 7966612 2079838991 1682932 684562
0b001f01 0b000301 10000 100 12743 2081156419 410690 17709
0b003301 0b000901 10001 100 16553 2080858559 818050 818049
0b003b01 0b002301 10000 100 16009 2081776306 68861 17986
0b002301 0b003001 10001 100 18764 2081830901 18474 18214
0b003801 0b001601 10000 100 111907 2081026314 826703 826042
0b001001 0b000101 10000 100 4051049 2081013449 1040248 356283
0b003601 0b002901 10002 100 685813 2081863176 227936 74139
0b000801 0b000601 10000 100 69967 2082131169 18582 18346
0b000501 0b001b01 10000 100 4107867 2081833249 387333 361044
0b003b01 0b000d01 10000 100 17461 2081478349 819075 818126
0b003b01 0b000c01 10001 100 20236 2081609185 820179 818359
0b002001 0b002c01 10000 100 7163920 2081621826 897021 613103
0b003101 0b001401 10000 100 24820 2081245899 1301156 818741
0b003f01 0b001401 10000 100 30799 2081758420 836616 819242
0b002d01 0b002001 10000 100 171838 2082558242 59041 26887
0b000601 0b000e01 10000 100 929314 2082623284 90509 90396
0b001f01 0b002101 10000 100 27245783 2077075434 5649437 3100947
0b001f01 0b003901 10000 100 29229 2081988575 819202 819113
0b001701 0b000c01 10000 100 262014 2082766126 46361 38611
0b000501 0b000401 10000 100 22272 2082985778 5966 6030
0b003b01 0b003c01 10001 100 5640 2083033792 9076 8794
0b001701 0b001a01 10000 100 2985544 2083010637 264643 262789
0b003901 0b001301 10000 100 65713 2082512981 825767 822170
0b000301 0b000801 10001 100 61426 2083284880 54861 17632
0b000a01 0b003101 10000 100 2801194 2082349327 1055764 1051515
0b001001 0b003c01 10001 100 6958 2082535126 883565 817243
0b003801 0b003301 10000 100 6136788 2082654891 877681 526989
0b000b01 0b000001 10000 100 8477 2083521344 13326 13192
0b002f01 0b003b01 10000 100 13985296 2081869012 1787107 1189169
0b003b01 0b000501 10000 100 191017 2082836608 861532 832678
0b001c01 0b000901 10000 100 2421689 2083243316 489895 219675
0b003401 0b000e01 10001 100 56302 2082980286 826444 821383
0b000401 0b003201 10000 100 98948 2083055186 866792 824956
0b002001 0b001201 10000 100 185703 2083374923 833057 832230
0b000601 0b002901 10000 100 1081668 2083237517 974240 907348
0b002b01 0b000d01 10000 100 1481 2083405866 816768 816786
0b000901 0b001f01 10000 100 23217 2084234953 18593 18589
0b003001 0b002701 10000 100 8105972 2082218065 2070696 696244
0b003201 0b003501 10000 100 7580 2084285506 8946 8957
0b002e01 0b002701 10001 100 9639 2084329898 13778 13289
0b003401 0b002c01 10000 100 5817101 2081785843 2569542 504349
0b001601 0b000c01 10000 100 497180 2084307276 65827 58326
0b000301 0b002101 10000 100 3121487 2083263038 1154553 1078367
0b000501 0b003e01 10000 100 125725 2083594144 834239 827201
0b003501 0b000101 10000 100 6147370 2082990217 1463089 1332057
0b002301 0b001201 10001 100 1356837 2083550632 935149 930417
0b000401 0b003a01 10000 100 8175 2083753699 817423 817348
0b003701 0b001401 10000 100 173476 2083777843 843060 831206
0b003401 0b002401 10002 100 2258065 2084420816 206301 205959
0b002801 0b000601 10002 100 69576 2083832881 828763 822494
0b001301 0b002701 10002 100 25428627 2080005251 4794793 2948597
0b002b01 0b000f01 10000 100 1946656 2083983802 1137882 979868
0b000901 0b002601 10001 100 39820 2084360590 839434 819999
0b003801 0b000301 10000 100 4204141 2083831764 1391275 1169138
0b003b01 0b003401 10000 100 992024 2085123664 100131 95655
0b003e01 0b003b01 10000 100 14222182 2084034783 1220011 1200710
0b002201 0b003e01 10000 100 186318 2085270073 32993 32263
0b002a01 0b000e01 10000 100 9337 2084492070 817479 817445
0b000c01 0b001901 10001 100 3811 2085406513 17004 16960
0b003701 0b003001 10000 100 3740772 2083779750 1737389 321947
0b003601 0b000401 10000 100 4605929 2084232282 1372243 1202821
0b003101 0b000301 10000 100 1027715 2084810359 910939 902824
0b000601 0b003e01 10000 100 23757 2084966249 818723 818652
0b003701 0b001101 10000 100 602969 2085072709 873595 867213
0b000001 0b002501 10000 100 387085 2085144038 849389 849116
0b000d01 0b002101 10000 100 32085 2085269172 921588 819353
0b003e01 0b003001 10000 100 5897448 2085853638 507832 506924
0b001a01 0b000801 10000 100 2559076 2085662140 774956 231196
0b000701 0b000b01 10000 100 7700127 2085708514 861230 658062
0b001d01 0b002f01 10000 100 332925 2085750899 847212 844572
0b000501 0b002a01 10001 100 57700 2085742060 963786 821498
0b001c01 0b002f01 10000 100 21029 2086162945 821570 818426
0b002201 0b003901 10000 100 54837 2086969499 21227 21238
0b003701 0b000801 10000 100 29533 2086174552 819450 819137
0b003501 0b001d01 10000 100 53103 2086281528 821393 821115
0b001901 0b000001 10000 100 4995545 2083372884 3736151 435468
0b000d01 0b002b01 10000 100 7535852 2085790124 1504691 1448466
0b000401 0b001201 10001 100 1152260 2086946354 426509 113248
0b000101 0b000001 10000 100 7981 2087448227 4762 4829
0b002001 0b000b01 10000 100 167579 2086542870 1013534 830711
0b001b01 0b001501 10001 100 51198 2087554094 17084 16775
0b003b01 0b001001 10001 100 221432 2086756818 838865 835227
0b003801 0b000b01 10000 100 198443 2086763997 843705 833299
0b002901 0b002d01 10000 100 105321 2087593910 23284 17152
0b002c01 0b000f01 10000 100 60551 2086633475 993861 821738
0b001c01 0b002c01 10000 100 73514 2086893115 933343 822825
0b003801 0b002e01 10000 100 25266 2087612538 225980 18761
0b000001 0b001201 10000 100 1580658 2087735352 189972 149163
0b000b01 0b003b01 10000 100 3429928 2086673065 1330663 1104225
0b002901 0b003701 10001 100 8121843 2086672552 1382460 697575
0b002701 0b003701 10000 100 1140379 2087825066 250038 112251
0b000e01 0b002001 10001 100 2675902 2086695633 1488030 1041008
0b002201 0b003f01 10000 100 1718255 2087896574 312256 160701
0b002d01 0b001901 10000 100 62277 2087395562 827174 821884
0b003f01 0b001f01 10000 100 2382432 2087292061 1021629 1016405
0b003b01 0b000e01 10000 100 913290 2087576503 897933 893232
0b000401 0b002c01 10001 100 8992780 2086637811 1836746 1570615
0b001301 0b002001 10000 100 49009 2087548733 932443 820772
0b002701 0b003001 10000 100 168377 2088485586 30766 30759
0b000b01 0b002a01 10001 100 1272360 2087635074 926344 923337
0b001401 0b003201 10001 100 7026 2087761035 817488 817252
0b002001 0b001e01 10000 100 2739 2087982772 816986 816890
0b000701 0b002e01 10000 100 494 2088029294 816387 816703
0b002301 0b000f01 10000 100 20812283 2085397631 3505524 2561564
0b003b01 0b002401 10000 100 85090 2088885359 23895 23777
0b000201 0b003a01 10001 100 1994 2088109853 816809 816827
0b000a01 0b000e01 10000 100 4632576 2088562533 399452 396716
0b003f01 0b000401 10001 100 64155 2088265556 822034 822042
0b002501 0b000201 10001 100 21126 2088473115 818420 818434
0b000201 0b000b01 10001 100 316522 2089400074 39034 39019
0b002f01 0b001101 10001 100 30291 2088737775 819189 819202
0b000501 0b000601 10000 100 73878 2089763400 10298 10354
0b002101 0b003701 10000 100 208629 2089747218 34146 34132
0b002a01 0b000d01 10000 100 191856 2089063159 834606 832745
0b001d01 0b001e01 10000 100 25883 2089920879 6267 6330
0b001c01 0b000a01 10000 100 28295 2090150487 19252 19014
0b000301 0b003b01 10000 100 6306 2089368739 817238 817191
0b003101 0b001601 10000 100 1389550 2089310060 934030 933161
0b003d01 0b001601 10000 100 102979 2089535618 825340 825293
0b003901 0b003801 10000 100 396921 2090527199 37434 37438
0b003b01 0b003701 10000 100 1689193 2090428365 154339 154105
0b000c01 0b001e01 10000 100 28942 2090564542 19063 19066
0b002601 0b003e01 10000 100 1632920 2090589354 153845 153544
0b000001 0b002e01 10000 100 30435 2089929285 819201 819213
0b000501 0b000d01 10000 100 28245 2091103946 15072 14850
0b001601 0b002f01 10000 100 1496366 2090105074 1069410 942117
0b001801 0b002601 10001 100 21935 2090229025 946195 818499
0b001101 0b002b01 10001 100 1878557 2090099761 1101983 974159
0b001401 0b003f01 10000 100 621102 2090312071 941941 868736
0b001e01 0b000301 10000 100 1423846 2091022184 309767 136015
0b001301 0b003601 10000 100 1649 2090602216 816782 816799
0b003a01 0b002801 10000 100 3605449 2090594857 866491 318922
0b003301 0b000a01 10000 100 575439 2090604998 917006 864906
0b002501 0b003601 10000 100 7382 2091802818 17347 17261
0b002301 0b002001 10000 100 1524544 2091718027 132155 131979
0b003901 0b001801 10000 100 128910 2091191860 831704 827468
0b002c01 0b001101 10001 100 65476 2091229874 822514 822151
0b003301 0b003e01 10001 100 54972 2092048024 17062 17088
0b000801 0b002501 10000 100 24848 2091260570 818768 818743
0b003a01 0b000f01 10000 100 2678354 2091162532 1116174 1041215
0b002f01 0b000c01 10000 100 1094 2091466092 816737 816755
0b000201 0b001f01 10000 100 1914149 2092103986 185460 177125
0b000301 0b003c01 10000 100 3098310 2091245155 1079575 1076424
0b001401 0b001201 10000 100 109643 2092383507 17479 17513
0b001d01 0b002001 10001 100 52860 2091591097 825476 821092
0b002001 0b000301 10000 100 3921 2091890435 816984 816989
0b001d01 0b001701 10001 100 72364 2092789878 18585 18549
0b001f01 0b002901 10001 100 8597345 2091315229 1551150 1537463
0b000b01 0b002901 10000 100 23883 2092088559 824986 818662
0b000c01 0b003801 10000 100 2803 2092103491 816878 816895
0b001f01 0b002601 10001 100 47928 2092158551 821736 820678
0b001701 0b002901 10000 100 20766 2092164089 820278 818401
0b000201 0b001e01 10001 100 18831 2093158306 22645 18219
0b003301 0b000801 10000 100 1912061 2092285845 1001769 976970
0b002101 0b002801 10001 100 44893 2093490012 16458 16244
0b003201 0b003701 10001 100 6069980 2092841320 692526 517227
0b000201 0b003001 10000 100 42669 2092730324 820669 820238
0b002201 0b001f01 10000 100 5176224 2092321059 1262076 1250637
0b000001 0b002801 10001 100 4257347 2092371282 1278794 1173598
0b000e01 0b002c01 10001 100 132149 2092999848 849858 827742
0b000a01 0b002d01 10000 100 4918053 2092789004 1244586 1228993
0b001101 0b001b01 10001 100 2964 2094023379 12693 12728
0b003201 0b003a01 10001 100 4702170 2093188100 878125 406713
0b001701 0b003501 10000 100 19806 2093252156 818545 818321
0b003c01 0b000101 10001 100 46442 2093263687 821425 820555
0b000e01 0b000f01 10000 100 16486308 2092231690 1897468 1386374
0b002101 0b003401 10001 100 423 2094164396 16483 16677
0b000601 0b003001 10001 100 1921375 2093291531 979886 977750
0b003301 0b002901 10001 100 4807080 2093491166 781498 419669
0b001601 0b001001 10000 100 25719 2094343405 10429 10477
0b002c01 0b003201 10000 100 71793 2094336417 22727 22659
0b001901 0b000a01 10000 100 28637269 2073451872 20985702 2417591
0b002001 0b000201 10000 100 1460 2093876333 816922 816784
0b000301 0b003e01 10000 100 52784 2094015315 821133 821086
0b001f01 0b001e01 10001 100 3464 2094980989 4385 4452
0b002101 0b000c01 10000 100 5795650 2093818016 1320322 1302568
0b001701 0b002201 10000 100 368767 2094311256 866286 847578
0b003201 0b003c01 10000 100 1644 2095195161 12822 12619
0b000e01 0b000801 10000 100 48338 2095199897 12331 12375
0b003c01 0b002901 10000 100 2375096 2094721857 511925 215771
0b002701 0b002301 10001 100 4292532 2094948860 368843 368207
0b003301 0b003101 10000 100 2716715 2095120354 232297 231930
0b000601 0b002801 10000 100 71687 2094552500 825800 822671
0b003c01 0b002b01 10000 100 7407407 2092805209 2661737 637679
0b002501 0b001501 10001 100 3487862 2094415312 1113347 1109082
0b000c01 0b001201 10000 100 15730 2095614182 19171 17959
0b000b01 0b002601 10000 100 199462 2094814857 840051 833384
0b003301 0b001701 10000 100 26153 2094857247 819294 818855
0b001101 0b001201 10001 100 1374681 2096386397 119566 119414
0b003c01 0b003d01 10001 100 1869287 2096973025 161115 160883
0b001701 0b000701 10001 100 2808 2097315025 17159 16876
0b001d01 0b002201 10000 100 8803923 2095767128 1590604 1554781
0b003c01 0b001301 10000 100 24177 2096627697 819776 818690
0b002501 0b003f01 10000 100 18270 2097818419 18158 18174
0b002301 0b001601 10000 100 50390 2097184201 824006 820887
0b001401 0b001f01 10001 100 9872 2098094828 13274 13308
0b002b01 0b001601 10001 100 21889727 2094942162 3277833 2651895
0b000601 0b002f01 10000 100 1917712 2098032099 981733 977442
0b003501 0b002901 10000 100 2331777 2099248669 216304 212137
0b002101 0b002201 10001 100 6183253 2099495092 523488 522566
0b003b01 0b001401 10000 100 22426301 2098771120 2700474 2696883
0b002b01 0b000701 10000 100 26369212 2096439139 5889231 3027457
