0b000501 0b000101 10000 100 5000000 2000000000 28184944 423360
0b000601 0b000101 10000 100 5000000 2000000000 28185112 423360
0b000701 0b000101 10000 100 5000000 2000000000 28185196 423360
0b000901 0b000101 10000 100 5000000 2000000000 28192887 423360
0b000a01 0b000101 10000 100 5000000 2000000000 28192971 423360
0b000b01 0b000101 10000 100 5000000 2000000000 28193055 423360
0b000801 0b000101 10000 100 5000000 2000000000 28201250 423360
0b000401 0b000101 10000 100 150000000 2000000000 76720133 12580160
0b000201 0b000101 10000 100 200000000 2000000000 81677074 16772160
0b000301 0b000101 10000 100 200000000 2000000000 83614953 16772160
