0b000001 0b000101 10000 100 20752 2002260911 20047173 20047443
0b000101 0b000001 10000 100 27118 2000684987 21671902 20049587
0b000001 0b000101 10002 100 46291 2003970371 20652462 20056015
0b000001 0b000101 10003 100 6118 2003982303 20661163 20042545
0b000101 0b000001 10001 100 3690762 2004628571 21283967 21278217
0b000101 0b000001 10002 100 1191 2011341660 20040551 20040891
0b000001 0b000101 10001 100 25344446 2003777491 28598929 28540001
0b000001 0b000101 10004 100 3244 2010777020 21601021 20041579
0b000001 0b000101 10005 100 411023 2011637596 20879032 20178335
0b000101 0b000001 10003 100 16439 2013388609 20045700 20046001
0b000101 0b000001 10004 100 879528 2014902225 20340765 20335445
0b000001 0b000101 10006 100 25651 2016984708 20048818 20049087
0b000001 0b000101 10007 100 121962 2019008240 20081294 20081381
0b000101 0b000001 10005 100 60977 2020047174 20061028 20060929
0b000101 0b000001 10006 100 6552 2020373613 20042413 20042684
0b000101 0b000001 10007 100 1940851 2023614908 20694253 20691366
0b000101 0b000001 10008 100 1345032 2023780041 20982416 20491564
0b000101 0b000001 10009 100 2898 2024480692 20282745 20041453
0b000101 0b000001 10010 100 914595 2025321378 20348389 20347204
0b000101 0b000001 10011 100 9288 2025448131 20224754 20043605
0b000101 0b000001 10012 100 47685 2027786755 20056246 20056476
0b000101 0b000001 10013 100 1021924 2028174664 20384579 20383193
0b000001 0b000101 10008 100 769291 2028498289 20299402 20298480
0b000101 0b000001 10014 100 1515578 2028508926 20561046 20548750
0b000101 0b000001 10015 100 1428651 2029261298 20521629 20519597
0b000101 0b000001 10016 100 3366290 2030166330 21853409 21169409
0b000001 0b000101 10009 100 6672727 2031504699 22288887 22278249
0b000001 0b000101 10010 100 114962 2032607897 21224451 20079034
0b000001 0b000101 10011 100 42068 2033162184 20684340 20054602
0b000001 0b000101 10012 100 28304 2033869587 20049823 20049982
0b000001 0b000101 10013 100 13652 2034649561 20044831 20045063
0b000101 0b000001 10017 100 18794 2032017586 22903762 20046785
0b000001 0b000101 10014 100 53240 2035132454 20058089 20058346
0b000001 0b000101 10015 100 33467 2039780391 20051440 20051711
0b000101 0b000001 10018 100 66699 2033329435 26919920 20062852
0b000101 0b000001 10019 100 21970 2034581177 26841992 20047848
0b000101 0b000001 10020 100 526310 2035054648 26378534 20216993
0b000101 0b000001 10021 100 2173462 2035976794 25500335 20769380
0b000101 0b000001 10022 100 445277 2036251141 25234462 20189819
0b000101 0b000001 10023 100 51867 2039537783 21971648 20057876
0b000001 0b000101 10017 100 63986 2041271559 20613371 20061938
0b000001 0b000101 10018 100 3268297 2042000634 25265446 21136546
0b000101 0b000001 10024 100 22278 2049663745 20047657 20047962
0b000001 0b000101 10016 100 27208031 2041096222 30346628 29164980
0b000001 0b000101 10019 100 7826 2045458436 25997480 20043107
0b000001 0b000101 10020 100 117 2047861471 23644223 20040532
0b000001 0b000101 10021 100 67590 2048386156 23142361 20063153
0b000001 0b000101 10022 100 5903485 2050215768 23559658 22020280
0b000001 0b000101 10023 100 66203 2051923701 21852998 20062694
0b000001 0b000101 10024 100 40114 2053064261 20713217 20053946
0b000001 0b000101 10025 100 2041 2054180146 20040888 20041179
0b000101 0b000001 10026 100 6966 2054656388 21372788 20042816
0b000101 0b000001 10025 100 8415930 2054216797 22919045 22862847
0b000101 0b000001 10027 100 53234 2055375960 21803031 20058344
0b000001 0b000101 10027 100 78073 2055328162 21850911 20066676
0b000101 0b000001 10028 100 25196 2056629657 20628387 20048942
0b000101 0b000001 10029 100 29996 2056689271 20582324 20050539
0b000001 0b000101 10026 100 9199202 2054744474 23166605 23125536
0b000001 0b000101 10028 100 20739 2058181793 20341229 20047439
0b000001 0b000101 10029 100 746415 2058505579 20291700 20290806
0b000101 0b000001 10030 100 2438380 2058166023 20873575 20858224
0b000101 0b000001 10031 100 74150 2058388957 20676883 20065360
0b000001 0b000101 10030 100 24490 2060069942 20048416 20048700
0b000001 0b000101 10031 100 53468 2060705120 20058180 20058419
0b000001 0b000101 10032 100 442795 2062196970 21381789 20188978
0b000001 0b000101 10033 100 64614 2062489543 21751645 20062154
0b000101 0b000001 10032 100 2196390 2062986207 21839224 20777070
0b000101 0b000001 10033 100 1587560 2065261495 20582776 20572890
0b000101 0b000001 10034 100 1210800 2065570437 20697514 20446536
0b000001 0b000101 10034 100 1417516 2063009527 24773114 20515865
0b000101 0b000001 10035 100 1497715 2067997800 20544907 20542758
0b000101 0b000001 10036 100 39849 2068710908 20053805 20053846
0b000101 0b000001 10037 100 1591092 2068962609 20576381 20574082
0b000101 0b000001 10038 100 22180 2070730268 23493855 20047930
0b000101 0b000001 10040 100 1068 2072578732 24775136 20040852
0b000101 0b000001 10039 100 17075886 2071971007 28656635 25767050
0b000101 0b000001 10043 100 4780 2074069307 27091157 20042086
0b000101 0b000001 10044 100 29458 2074828711 30127898 20050367
0b000001 0b000101 10035 100 22410 2070056085 37735695 20048004
0b000101 0b000001 10042 100 8909030 2073551313 34869960 23028227
0b000001 0b000101 10036 100 885 2071404857 40541122 20040778
0b000001 0b000101 10037 100 6937262 2072314201 40292268 22366971
0b000001 0b000101 10038 100 330943 2073384435 39228323 20151465
0b000001 0b000101 10039 100 1280712 2074481491 38155606 20469984
0b000001 0b000101 10040 100 5731 2079255886 33381325 20042406
0b000101 0b000001 10045 100 1647434 2076202931 37455075 20592972
0b000101 0b000001 10041 100 29581096 2073544889 40212563 29960810
0b000101 0b000001 10046 100 688719 2077142679 36627864 20271453
0b000101 0b000001 10047 100 4220 2077665023 36105615 20041907
0b000001 0b000101 10041 100 22435316 2079613945 34351290 27564398
0b000001 0b000101 10042 100 18996 2083257278 30708318 20046850
0b000001 0b000101 10043 100 45104 2084084461 29882009 20055619
0b000101 0b000001 10049 100 2537261 2078891438 36338619 20891387
0b000101 0b000001 10050 100 1353012 2079172498 36552016 20494241
0b000001 0b000101 10044 100 9158295 2086744626 29985018 23111816
0b000001 0b000101 10045 100 16063 2088438503 28291464 20045881
0b000001 0b000101 10046 100 6747709 2089788269 27069910 22303396
0b000001 0b000101 10047 100 38512 2091996737 24862183 20053402
0b000001 0b000101 10049 100 9267 2092532827 24328620 20043599
0b000001 0b000101 10050 100 77710 2093195070 23816990 20066545
0b000101 0b000001 10048 100 9269460 2078529075 38496046 23149094
0b000101 0b000001 10051 100 6762014 2079240122 39048237 22308204
0b000101 0b000001 10052 100 161265 2080275090 38067572 20094573
0b000101 0b000001 10053 100 6583710 2080426137 40400833 22248397
0b000001 0b000101 10048 100 23244168 2092523165 28658668 27835656
0b000001 0b000101 10051 100 39700 2095939886 25336356 20053798
0b000101 0b000001 10054 100 4167872 2080912976 41053026 21438219
0b000101 0b000001 10055 100 1568905 2082484207 40026499 20566629
0b000101 0b000001 10056 100 4550 2090258336 32435694 20042012
0b000101 0b000001 10057 100 26695 2091341842 31422382 20049437
0b000101 0b000001 10058 100 75411 2091625560 31180310 20065778
0b000101 0b000001 10059 100 3300 2092127549 30707385 20041597
0b000001 0b000101 10052 100 6522439 2097433548 26156037 22227853
0b000101 0b000001 10060 100 2565709 2093270509 30505829 20900920
0b000101 0b000001 10061 100 7682941 2099191182 27515757 22617032
