0b003f01 0b003801 10000 100 7999 2000039195 9557 8990
0b003701 0b003501 10000 100 6630 2000059493 4650 4717
0b003e01 0b003801 10000 100 4116 2000071826 8775 8668
0b001d01 0b000201 10000 100 658850 2000011569 98334 71878
0b001601 0b000601 10000 100 9576 2000077280 44339 17444
0b001c01 0b000001 10000 100 32972 2000070634 57350 19404
0b002701 0b002b01 10000 100 25833 2000119429 14615 14646
0b003201 0b002c01 10000 100 548446 2000071027 69895 62623
0b003701 0b002901 10000 100 8451 2000123837 18029 17350
0b002801 0b003e01 10000 100 6000 2000171953 36116 17143
0b001201 0b001401 10000 100 53353 2000249632 13263 12795
0b001301 0b000401 10000 100 28105 2000317642 19036 18999
0b000901 0b000601 10000 100 624131 2000280998 66062 64810
0b002901 0b002501 10000 100 24071 2000371571 16574 14501
0b001901 0b001201 10000 100 36482 2000425036 21422 15540
0b001b01 0b000401 10000 100 20063 2000439737 19958 18325
0b003101 0b003f01 10000 100 633538 2000370589 95216 65597
0b000d01 0b000501 10000 100 4901 2000512602 12868 12891
0b002d01 0b003501 10000 100 20607 2000512152 32674 18369
0b003201 0b002f01 10000 100 28526 2000435347 154133 19033
0b003c01 0b002301 10000 100 25549 2000556957 45727 18783
0b002e01 0b002401 10000 100 20841 2000587942 18198 14227
0b002101 0b003f01 10000 100 44046 2000579966 34541 20336
0b000901 0b000c01 10000 100 16314 2000672934 11128 9690
0b003001 0b002201 10000 100 21366 2000612010 75378 18433
0b000b01 0b001401 10000 100 103929 2000547924 160495 25353
0b003a01 0b002401 10000 100 785 2000720226 19162 16706
0b003a01 0b003701 10000 100 77211 2000729091 25735 18956
0b001101 0b000d01 10000 100 26249 2000580849 218271 18843
0b003401 0b000801 10000 100 3253 2000030587 817189 816935
0b000c01 0b002701 10000 100 16166 2000029722 818063 818018
0b001b01 0b003201 10000 100 3682 2000040921 822301 816969
0b001d01 0b001701 10000 100 42209 2000870756 19428 16021
0b000601 0b000401 10000 100 1067425 2000802109 93758 93655
0b003a01 0b000101 10000 100 48099 2000078991 849456 820696
0b002001 0b002f01 10000 100 4010 2001019213 13119 12820
0b001e01 0b003601 10000 100 459771 2000040790 992186 855208
0b002401 0b000f01 10000 100 195504 2000156748 879530 833052
0b003601 0b000801 10000 100 65410 2000203441 851213 822146
0b003d01 0b003101 10000 100 8184 2001040285 19509 13169
0b000201 0b003001 10000 100 28109 2000179960 884263 819020
0b001a01 0b002f01 10000 100 60194 2000147140 927568 821709
0b002001 0b000b01 10000 100 60726 2000059820 1023174 821752
0b003501 0b000e01 10000 100 1038566 2000095577 997407 903735
0b000b01 0b003901 10000 100 52405 2000198982 906016 821055
0b002a01 0b002501 10000 100 415729 2000761806 344737 47335
0b002701 0b000a01 10000 100 26106 2000107481 1038474 818852
0b002201 0b000a01 10000 100 12837 2000115443 1055884 817736
0b003301 0b000e01 10000 100 6880 2000337560 834495 817237
0b002e01 0b001201 10000 100 4610 2000111774 1089306 817048
0b001901 0b003601 10000 100 1737063 2000068125 1135834 962298
0b000d01 0b001901 10000 100 40077 2000845437 362944 20003
0b001901 0b001201 10001 100 1581819 2000717944 516499 145100
0b001901 0b001d01 10000 100 2874734 2000882456 365515 249338
0b003401 0b003101 10000 100 16393 2001174454 85485 9696
0b003501 0b001f01 10000 100 302481 2000182151 1110985 842022
0b002a01 0b000001 10000 100 1925821 2000155149 1140256 978121
0b001b01 0b001101 10000 100 51023 2001261190 36853 16761
0b000a01 0b003e01 10000 100 196249 2000224783 1093392 833116
0b000f01 0b000301 10000 100 4237 2001310050 13144 12838
0b003a01 0b003201 10000 100 26492 2001310376 31819 14703
0b003801 0b001801 10000 100 114438 2000272806 1112322 826256
0b002d01 0b000b01 10000 100 12683 2000434854 950299 817724
0b001101 0b001401 10000 100 25588 2001376280 12563 10466
0b003101 0b003401 10000 100 79659 2001341361 49909 14999
0b002801 0b002601 10000 100 1754760 2000733588 675433 159600
0b002501 0b002101 10000 100 688058 2001311976 102673 66010
0b002301 0b001b01 10000 100 21575 2000288161 1132624 818470
0b000f01 0b003401 10000 100 6462 2000457487 1006763 817203
0b003e01 0b001701 10000 100 18666 2000347038 1129046 818226
0b002101 0b002001 10000 100 1529290 2001103427 387022 132378
0b003001 0b001b01 10000 100 80204 2000252194 1243168 823387
0b003201 0b003b01 10000 100 6207 2001513547 13065 13003
0b000201 0b000b01 10000 100 123642 2001499864 41968 22847
0b000301 0b003501 10000 100 25852 2000587207 955741 818828
0b002801 0b003901 10000 100 469958 2000705186 850061 56041
0b003701 0b001101 10000 100 184990 2000326505 1231093 832169
0b003501 0b000101 10000 100 887941 2000160825 1409496 891105
0b002701 0b003f01 10000 100 819 2001075096 498291 16709
0b000e01 0b003a01 10000 100 174085 2000486609 1087963 831258
0b003a01 0b003001 10000 100 2629 2001569475 12834 12701
0b001601 0b000901 10000 100 53421 2000519231 1078876 21121
0b003801 0b003501 10000 100 4611 2001587257 13389 12868
0b002801 0b002101 10000 100 6338 2001601062 13672 13013
0b001601 0b001801 10000 100 33 2000912982 713661 12486
0b001701 0b001601 10000 100 586856 2001572503 61908 53362
0b001c01 0b000b01 10000 100 275498 2000897450 758334 39739
0b002e01 0b003a01 10000 100 3651 2001386784 273069 16947
0b003c01 0b002e01 10000 100 3859020 2000722092 941215 340184
0b003d01 0b000e01 10000 100 23672 2000447854 1227806 818645
0b002301 0b003801 10000 100 9374 2001006058 685290 17428
0b002501 0b000501 10000 100 38812 2000521372 1178313 819914
0b000801 0b001801 10000 100 13592 2000773838 937742 17781
0b003d01 0b002001 10000 100 172769 2001185929 542512 31125
0b000701 0b003601 10000 100 13479 2000800842 932165 817792
0b000001 0b000201 10000 100 52618 2001724589 9289 8572
0b002d01 0b003201 10000 100 27904 2001530698 218333 18979
0b003701 0b003101 10000 100 4250022 2000823983 960276 364645
0b003001 0b002801 10000 100 3697628 2000467178 1320310 326650
0b001401 0b003201 10000 100 6174 2000525983 1264118 817180
0b003b01 0b000401 10000 100 104861 2000781536 1017292 825452
0b001b01 0b002d01 10000 100 6368 2000692731 1113381 817196
0b000001 0b000f01 10000 100 29737 2001790547 15703 14974
0b003e01 0b000301 10000 100 1100427 2000611349 1238418 908922
0b001801 0b002401 10000 100 1996853 2000574578 1282715 984076
0b002401 0b002101 10000 100 56882 2001840157 17260 13089
0b002901 0b002801 10000 100 62144 2001853171 11078 9373
0b000c01 0b000201 10000 100 564179 2001792895 79347 59783
0b002501 0b002001 10000 100 51964 2001814464 62802 12676
0b003c01 0b002001 10000 100 73394 2000932811 994785 22795
0b001101 0b001301 10000 100 1185649 2001724820 204177 103566
0b001a01 0b003401 10000 100 9733 2000629071 1313803 817477
0b001601 0b003d01 10000 100 1627012 2000354702 1661822 953072
0b001801 0b002901 10000 100 1468204 2000278187 1744330 939757
0b000301 0b000101 10000 100 1362566 2001913483 122543 118399
0b000501 0b002001 10000 100 44508 2000887784 1172412 820393
0b001f01 0b000601 10000 100 216862 2000912336 1149976 34822
0b002301 0b002701 10000 100 20093 2002051919 56035 10008
0b002201 0b003501 10000 100 27163 2001062204 1047866 18920
0b003801 0b002601 10000 100 73846 2001380396 731908 22831
0b001801 0b001d01 10000 100 147398 2001690471 422544 20680
0b003101 0b000801 10000 100 55748 2001119258 994595 821334
0b002b01 0b003401 10000 100 8064 2000870734 1254209 17319
0b003f01 0b002a01 10000 100 2352 2001544437 599502 16839
0b001701 0b003801 10000 100 23435 2000378839 1772233 818626
0b001501 0b000c01 10000 100 29805 2000984320 1182040 19139
0b001201 0b002701 10000 100 6404 2000342793 1840191 817199
0b003101 0b002901 10000 100 1693026 2001143176 1046393 158587
0b003201 0b000901 10000 100 17602 2000589065 1614380 818137
0b001301 0b003501 10000 100 2641004 2000427022 1790000 1038085
0b001f01 0b003401 10000 100 187671 2000857945 1361669 832395
0b001901 0b000e01 10000 100 19262 2001070925 1160471 18257
0b001001 0b001301 10000 100 75511 2002222547 16746 10492
0b000801 0b000f01 10000 100 4615 2002221415 22147 8708
0b003401 0b000401 10000 100 544475 2000537962 1723736 862310
0b001301 0b001b01 10000 100 283 2001912316 353326 12506
0b000301 0b000f01 10001 100 39686 2002229606 58163 15808
0b001801 0b003501 10000 100 8461 2000961596 1339968 817371
0b003f01 0b002d01 10000 100 26385 2002093605 223306 18854
0b000b01 0b001a01 10000 100 63520 2001128212 1190390 21967
0b001d01 0b002b01 10000 100 1693181 2000219074 2101584 958619
0b000101 0b001601 10000 100 56316 2001077554 1297316 21364
0b001501 0b000201 10000 100 8300 2001631482 753323 17338
0b003401 0b000301 10000 100 22458 2001482440 911902 818544
0b002001 0b000c01 10000 100 42988 2000537415 1897777 820264
0b002e01 0b002301 10000 100 4385444 2000546588 1901443 380157
0b002601 0b001301 10000 100 69913 2000643962 1809330 822521
0b003d01 0b003401 10000 100 3335991 2002154282 306612 292169
0b003901 0b003c01 10000 100 6984 2002458284 8855 8905
0b003701 0b003301 10000 100 5699591 2001068123 1414114 486175
0b003e01 0b003301 10000 100 57892 2002464832 19818 17334
0b002f01 0b000901 10000 100 11122 2001165258 1333955 817595
0b003f01 0b003e01 10000 100 13807 2002504153 5253 5318
0b002e01 0b002601 10000 100 49111 2001957609 567722 16600
0b003f01 0b000501 10000 100 58432 2000863207 1663542 821561
0b000701 0b003401 10000 100 37648 2001632195 910706 819817
0b003d01 0b000b01 10000 100 8038 2000960871 1590926 817337
0b000401 0b002001 10000 100 249821 2000993674 1562627 837605
0b002f01 0b002501 10000 100 710480 2002123677 463302 72048
0b001101 0b002301 10000 100 44698 2000798491 1789030 820408
0b002801 0b002101 10001 100 73310 2002587543 21572 18628
0b002301 0b000701 10000 100 102458 2000926399 1692880 825252
0b003601 0b002101 10000 100 46548 2002566532 64407 20544
0b003701 0b000d01 10000 100 274 2001155100 1514067 816685
0b001801 0b003c01 10000 100 278268 2001019347 1678549 839992
0b003c01 0b000a01 10000 100 12510 2001021351 1685795 817710
0b001001 0b003a01 10000 100 1622716 2000894267 1821898 952709
0b003001 0b003b01 10000 100 48773 2002755324 16684 16570
0b000a01 0b000e01 10000 100 5303509 2002031646 770096 452968
0b000301 0b000f01 10002 100 23240 2002800263 16304 14431
0b002d01 0b003d01 10000 100 12173 2001536077 1284918 17663
0b002501 0b003101 10000 100 4169 2001713962 1110089 16992
0b002d01 0b000f01 10000 100 5246 2000745065 2083054 817102
0b000001 0b002401 10000 100 23219 2000700848 2131605 818609
0b003d01 0b002701 10000 100 5987428 2001344801 1502053 518628
0b001901 0b001801 10000 100 1191582 2002657511 204255 104063
0b003501 0b002701 10000 100 61789 2002246630 618642 21821
0b002301 0b001901 10000 100 3647701 2000446224 2437843 1122484
0b000801 0b000a01 10000 100 23313 2002883962 10363 6117
0b002e01 0b003801 10000 100 6771 2002540923 354148 17208
0b001001 0b002b01 10000 100 3910904 2000876013 2020313 1144550
0b003a01 0b001901 10000 100 1015338 2000600861 2321946 901788
0b003f01 0b001a01 10000 100 20594 2001055383 1870036 818388
0b003a01 0b001b01 10000 100 58184 2000925066 2005905 821541
0b000201 0b002201 10000 100 47802 2001019767 1917922 820668
0b000c01 0b000101 10000 100 655262 2002409726 544643 67420
0b003c01 0b002701 10000 100 20143 2002093722 874089 18332
0b003901 0b003601 10000 100 439173 2002931697 51674 49303
0b003501 0b003001 10000 100 981651 2002903859 152216 90622
0b002b01 0b002d01 10000 100 691482 2002955290 134893 66295
0b001601 0b003401 10000 100 77720 2001187827 1913276 823177
0b002501 0b003801 10000 100 6781 2002968724 133851 17209
0b000101 0b002b01 10000 100 182326 2000666894 2444466 831948
0b000701 0b000e01 10000 100 35818 2003004256 107343 15483
0b000301 0b000f01 10000 100 4506457 2002063546 1096703 390303
0b000b01 0b001e01 10000 100 2982831 2001595742 1588327 266721
0b000f01 0b003001 10000 100 22951 2001266504 1921352 818584
0b000501 0b003601 10000 100 23131 2001960640 1229863 818602
0b000001 0b002701 10000 100 9768 2001967765 1245587 817479
0b000201 0b002d01 10000 100 52997 2001938785 1290402 821103
0b000601 0b001901 10000 100 318631 2001850054 1381570 43355
0b000a01 0b001e01 10000 100 1409036 2001922626 1312742 134777
0b000e01 0b001f01 10000 100 144288 2001631874 1606465 28739
0b000e01 0b003301 10000 100 142041 2001561693 1680563 828572
0b002301 0b002b01 10001 100 7416 2003182706 77400 13104
0b002a01 0b002801 10000 100 8290 2003260136 5571 4857
0b002a01 0b001a01 10000 100 30709 2000949149 2335352 819235
0b003a01 0b000901 10000 100 257690 2001694021 1610156 838265
0b002901 0b001801 10000 100 4638 2001063665 2240595 817050
0b002901 0b000101 10000 100 320144 2001662250 1645182 843504
0b001301 0b001601 10000 100 39841 2002838634 489920 11660
0b002801 0b000501 10000 100 63682 2002258168 1082373 822000
0b002b01 0b000701 10000 100 8003 2001322660 2038541 817334
0b002401 0b001e01 10000 100 22002 2001252602 2110529 818508
0b002e01 0b002801 10000 100 22971 2003365622 13927 10246
0b003401 0b000b01 10000 100 3212153 2001052355 2330330 1085970
0b002101 0b001401 10000 100 1465507 2000858131 2546435 939530
0b003c01 0b001101 10000 100 26404 2001068391 2339138 818876
0b003301 0b002201 10000 100 7423 2001427399 1997930 17264
0b003601 0b000b01 10000 100 43048 2001686984 1740405 820272
0b000b01 0b000a01 10000 100 46090 2003423952 8355 8027
0b001f01 0b001d01 10000 100 59906 2003423313 14719 9182
0b002101 0b002a01 10000 100 7544072 2000811603 2628086 644978
0b002301 0b003101 10000 100 7395 2003084379 362495 17262
0b003d01 0b001501 10000 100 329709 2000928207 2536980 844303
0b003101 0b001e01 10000 100 12886 2001354153 2111726 817740
0b001c01 0b001a01 10000 100 4205 2003441880 50474 8675
0b002d01 0b002b01 10000 100 8726 2003471493 35618 9052
0b002001 0b001e01 10000 100 28700 2001886825 1645241 819067
0b000a01 0b003001 10000 100 58146 2002036091 1508123 821538
0b001e01 0b001a01 10000 100 1599726 2003348047 199585 142442
0b002b01 0b000201 10000 100 2361569 2000655864 2891835 1014655
0b003501 0b001801 10000 100 4416285 2000588730 2984467 1186924
0b002501 0b003701 10000 100 887184 2002830486 744782 91024
0b000601 0b001901 10001 100 41942 2002386344 1191565 20156
0b001b01 0b001501 10000 100 27147 2003574942 17266 14759
0b000401 0b002501 10000 100 403890 2001026638 2579805 850522
0b003601 0b001301 10000 100 25951 2001412423 2197042 818835
0b002c01 0b001c01 10000 100 66365 2001178247 2431721 822226
0b003701 0b001f01 10000 100 40446 2001181263 2437447 820053
0b002e01 0b002101 10000 100 46010 2003605928 21408 16341
0b002901 0b000201 10000 100 19921 2001578041 2053599 818330
0b003b01 0b002c01 10000 100 7474 2001955031 1688955 17268
0b000e01 0b000f01 10000 100 3238011 2003370315 276089 275638
0b001101 0b002901 10000 100 1422706 2001356576 2297639 935940
0b000e01 0b000001 10000 100 55817 2002733064 935480 17160
0b003201 0b003501 10000 100 18551 2003660153 11537 9877
0b002d01 0b001701 10000 100 386972 2001117402 2566397 849103
0b002201 0b003901 10000 100 57432 2003579090 141648 21457
0b001d01 0b002f01 10000 100 38337 2001625519 2109656 819876
0b002401 0b002d01 10000 100 191039 2003504512 235632 28500
0b000601 0b002b01 10000 100 7673 2001117375 2641517 817304
0b001701 0b002101 10000 100 955810 2000669847 3121406 896795
0b003901 0b001801 10000 100 26 2002384220 1426767 816665
0b002701 0b002001 10000 100 3461665 2000753094 3072543 298547
0b002701 0b002201 10000 100 67563 2003771704 64318 13986
0b001101 0b001901 10000 100 6434 2002641496 1261866 13021
0b000901 0b002701 10000 100 25041 2002732035 1176453 818763
0b000d01 0b000001 10000 100 629687 2003681777 239404 65274
0b002a01 0b001c01 10000 100 34198 2001610608 2320166 819530
0b003f01 0b003601 10000 100 72997 2003910032 25677 18600
0b003401 0b001201 10000 100 19162 2001985417 1952357 818269
0b000501 0b001301 10000 100 23814 2002362784 1581579 18637
0b003201 0b001601 10000 100 2011554 2001688314 2272400 985310
0b001e01 0b000401 10000 100 37684 2001413551 2550197 19800
0b000701 0b001801 10000 100 68920 2002119686 1844833 22418
0b002501 0b002c01 10000 100 8471 2003966958 13811 13192
0b002b01 0b002201 10000 100 5121 2003976052 13425 12912
0b000f01 0b000101 10000 100 791955 2003785174 221487 78877
0b002e01 0b002501 10000 100 189 2003533970 488652 12498
0b002801 0b002c01 10000 100 4179505 2003656517 370832 358731
0b000401 0b002501 10001 100 25906 2001724927 2329296 818832
0b002401 0b002701 10000 100 26698238 2000799343 3268872 2242543
0b000801 0b002301 10001 100 20466 2002431434 1686500 818377
0b001501 0b001301 10000 100 74312 2003269734 861954 14552
0b002a01 0b003101 10000 100 977504 2003321171 829321 98595
0b003e01 0b001c01 10000 100 17990 2001666310 2506971 818168
0b002901 0b000b01 10000 100 8434 2001789502 2385939 817369
0b001b01 0b002201 10000 100 915 2001772887 2404993 816737
0b003d01 0b002101 10000 100 66631 2002890382 1289847 22227
0b003f01 0b002201 10000 100 29481 2003689833 493658 19113
0b000801 0b002301 10000 100 1223295 2001777853 2412433 919223
0b000501 0b000601 10000 100 160366 2004172393 26733 17607
0b002401 0b003d01 10000 100 67254 2002967818 1257330 22281
0b000d01 0b003001 10000 100 3005438 2002114409 2122630 1068638
0b002601 0b002501 10000 100 53457 2004225728 17547 8643
0b002a01 0b002b01 10000 100 10544133 2002930747 1320931 888183
0b001701 0b001401 10000 100 1698787 2003974935 294705 146587
0b001201 0b002501 10000 100 28122 2001825579 2464402 819021
0b003901 0b003b01 10000 100 256019 2004297468 25719 25628
0b000301 0b000601 10000 100 53727 2003671767 671284 12825
0b003701 0b000d01 10001 100 3663891 2001452281 2890946 1123841
0b000601 0b002101 10000 100 1130617 2002483444 1868990 911452
0b000701 0b003d01 10000 100 11593 2002260334 2095740 817633
0b000301 0b001501 10000 100 54878 2001537073 2820962 21241
0b003801 0b003501 10001 100 27882 2004195451 165066 14818
0b003201 0b000b01 10000 100 15785 2002625870 1739945 817984
0b001201 0b003901 10001 100 15855 2002370153 1996842 817989
0b003e01 0b002b01 10000 100 75515 2002733933 1646602 22973
0b001a01 0b000601 10000 100 1581 2002592474 1793709 16774
0b002401 0b001801 10000 100 54533 2002791468 1594771 821233
0b000b01 0b001f01 10000 100 280063 2002893246 1495065 40124
0b003301 0b000901 10000 100 26883 2001737877 2652930 818914
0b001d01 0b002001 10000 100 6598 2001847605 2605361 817214
0b000f01 0b001801 10000 100 7981 2002531148 1933655 17309
0b000301 0b000a01 10000 100 21990 2003645063 819897 14323
0b003c01 0b003f01 10000 100 69378 2004464302 10450 9979
0b002301 0b003b01 10000 100 79147 2003992257 483022 23278
0b001f01 0b000801 10000 100 8004 2002009229 2478641 17314
0b001e01 0b003e01 10000 100 5674 2001876500 2620797 817136
0b003b01 0b003501 10000 100 62775 2003800221 715040 17743
0b002601 0b003e01 10000 100 25509 2002831054 1696571 18780
0b003b01 0b001f01 10000 100 1071648 2001741872 2796347 906508
0b000801 0b003a01 10000 100 592603 2002859250 1683280 866345
0b002301 0b001c01 10000 100 150107 2001653840 2897211 829248
0b003c01 0b002501 10000 100 65474 2003549045 1003413 22131
0b001701 0b003d01 10000 100 1335305 2002543696 2024166 928614
0b002301 0b003d01 10000 100 133981 2003095882 1476689 27873
0b001c01 0b002301 10000 100 1300759 2002211340 2370973 925716
0b003901 0b003501 10000 100 41190 2004578682 28100 15936
0b003b01 0b003601 10000 100 2685634 2003499612 1126094 237644
0b001301 0b000201 10000 100 456322 2003055164 1602787 54900
0b002301 0b002701 10001 100 55952 2004459376 212315 13011
0b003e01 0b003301 10001 100 430016 2004463552 241200 48536
0b003801 0b003101 10000 100 144222 2004675917 30379 24574
0b003c01 0b003f01 10001 100 61827 2004724996 10714 9344
0b002c01 0b001801 10000 100 674395 2002495129 2245704 873203
0b001d01 0b000901 10000 100 1047632 2002445921 2380227 104474
0b002101 0b002d01 10000 100 1508 2004817896 12652 12608
0b002401 0b002e01 10000 100 189192 2004147877 705095 28344
0b003d01 0b000d01 10000 100 5643 2003052609 1861013 817134
0b000a01 0b003701 10000 100 8971 2002986872 1938177 817412
0b000801 0b001b01 10000 100 3688525 2002871713 2055129 325887
0b000101 0b000901 10000 100 77775 2003738758 1200722 19001
0b003301 0b002b01 10000 100 24284 2004433879 526987 18678
0b003201 0b000001 10000 100 2293604 2002389255 2588187 1008957
0b003701 0b000d01 10002 100 3865542 2002282022 2696292 1140748
0b002001 0b002301 10000 100 28543 2004894370 97864 6554
0b002f01 0b000401 10000 100 832014 2002647440 2347977 886419
0b003d01 0b003301 10000 100 10814 2004946476 55985 13387
0b003901 0b000b01 10000 100 7998 2002662770 2343947 817330
0b000401 0b000201 10000 100 1683036 2004136116 871111 149429
0b002701 0b003501 10000 100 67252 2003460807 1552149 22281
0b003d01 0b002901 10000 100 18089 2003628625 1418837 18160
0b003a01 0b002101 10000 100 1706898 2003460506 1595447 159746
0b003501 0b003001 10001 100 7454 2005117309 9544 8947
0b000f01 0b001101 10000 100 54 2002209334 2965038 16648
0b003c01 0b002f01 10000 100 1153532 2003257312 1918763 113353
0b003a01 0b003501 10000 100 14765 2005154762 23989 13718
0b001b01 0b002a01 10000 100 45024 2003178928 2012551 820438
0b000f01 0b002c01 10000 100 6595 2003186722 2043038 817214
0b001901 0b003101 10000 100 6186 2003004452 2267377 817181
0b001a01 0b003001 10000 100 70898 2003621523 1658089 822604
0b003701 0b001901 10000 100 97586 2003089595 2309839 824843
0b003401 0b003c01 10000 100 108 2005397637 12158 12492
0b002701 0b000601 10000 100 72882 2003139972 2280926 822770
0b002301 0b003801 10001 100 4460425 2001730121 3704792 390604
0b001801 0b001b01 10000 100 1291567 2005238949 196046 112446
0b000801 0b000301 10000 100 524 2004313559 1143864 12525
0b003a01 0b003301 10000 100 6092 2005447300 71897 12994
0b001b01 0b003301 10000 100 46483 2003225951 2299153 820559
0b000901 0b000001 10000 100 27940 2005442003 84194 14822
0b001b01 0b000a01 10000 100 36668 2002769253 2808224 19715
0b003101 0b003501 10000 100 43520 2005591696 12430 11970
0b002901 0b001001 10000 100 2776 2002712595 2919574 816893
0b000101 0b003301 10000 100 7834 2003416919 2232892 817317
0b003301 0b003401 10000 100 8073 2005666703 9529 9000
0b003701 0b003301 10001 100 112953 2005653886 28275 17790
0b002001 0b000101 10000 100 9460 2003291057 2422354 817455
0b002d01 0b003901 10000 100 183271 2003867100 1850441 32008
0b002201 0b001d01 10000 100 1302 2003173923 2555320 816771
0b000701 0b000201 10000 100 5334227 2004526325 1211510 455544
0b000701 0b002a01 10000 100 72448 2003548078 2221157 822736
0b003801 0b001101 10000 100 6203 2002890825 2882400 817183
0b000301 0b002b01 10000 100 1794554 2002912240 2910751 967117
0b001401 0b001a01 10000 100 32180 2005370770 472973 15181
0b000401 0b000001 10000 100 23941 2005319657 524381 10327
0b003301 0b000501 10000 100 47287 2003616044 2278115 820627
0b003201 0b002801 10000 100 2105902 2003838559 2062096 193199
0b000301 0b000101 10001 100 8564 2005948827 5002 4879
0b001c01 0b001801 10000 100 79118 2005624131 379088 14956
0b002d01 0b003c01 10000 100 62846 2004449970 1582970 21909
0b002b01 0b003b01 10000 100 38686 2004198436 1894323 19884
0b000901 0b002301 10000 100 21683 2003929822 2179536 818479
0b000901 0b001d01 10000 100 24076 2003672900 2448853 18662
0b003c01 0b002701 10001 100 7803 2004567574 1561973 17294
0b003c01 0b003001 10000 100 12995 2006003846 128875 13569
0b002d01 0b003401 10000 100 13904 2002940144 3197421 17806
0b001801 0b001c01 10000 100 78 2006147442 8523 8330
0b000901 0b001c01 10000 100 849533 2003325976 2842006 87866
0b002101 0b002201 10000 100 23101 2006234896 7056 6100
0b003e01 0b002d01 10000 100 3446 2004000716 2242911 16931
0b000b01 0b002501 10000 100 926236 2003193038 3085881 894318
0b002101 0b000b01 10000 100 3561 2003985704 2319511 816960
0b002c01 0b002001 10000 100 58465 2005431289 875695 17383
0b002301 0b003101 10001 100 59153 2004551892 1766799 21602
0b003401 0b003b01 10000 100 1699037 2005698329 648318 154930
0b001901 0b003901 10000 100 668674 2003574901 2786727 872722
0b001f01 0b003a01 10000 100 1176 2003906377 2455366 816761
0b001d01 0b003301 10000 100 139751 2003572938 2851103 828377
0b003001 0b000a01 10000 100 3721 2003000671 3438229 816973
0b003e01 0b003101 10000 100 6978553 2002671544 3792275 597563
0b000601 0b003601 10000 100 38510 2002512298 3980790 819890
0b003d01 0b000701 10000 100 52745 2003668585 2829804 821083
0b003e01 0b001501 10000 100 167401 2003006609 3508416 830697
0b003201 0b000501 10000 100 548232 2003124629 3400712 862626
0b000301 0b002301 10000 100 6458703 2002298667 4280349 1358158
0b002201 0b000401 10000 100 61058 2004246606 2339222 821782
0b001e01 0b002d01 10000 100 7910 2003465762 3152325 817323
0b001d01 0b000401 10000 100 2065 2004329328 2303074 16816
0b002701 0b002501 10000 100 2721883 2006466690 237364 232363
0b003e01 0b003501 10000 100 45896 2006693382 17475 16328
0b000601 0b002b01 10001 100 55584 2004267893 2538823 821321
0b003201 0b003701 10000 100 43341 2006809544 16744 11956
0b000c01 0b002201 10000 100 101847 2004521003 2398756 825199
0b002c01 0b002801 10000 100 6653 2006911688 16015 8879
0b003c01 0b001401 10000 100 864517 2004113962 2813910 889142
0b001f01 0b001e01 10000 100 13139 2006941557 10927 5264
0b002601 0b000601 10000 100 38189 2004716649 2272810 819864
0b001801 0b001f01 10000 100 21250 2006902424 147603 10104
0b001f01 0b001201 10000 100 63029 2006332630 732278 17768
0b003801 0b001e01 10000 100 6076246 2003167075 3971716 1326095
0b003201 0b000401 10000 100 68189 2004450498 2693063 822380
0b002d01 0b002801 10000 100 777043 2005409526 1759092 73470
0b001d01 0b001a01 10000 100 65156 2006134326 1078593 13785
0b003b01 0b000e01 10000 100 57140 2005286528 1926410 821453
0b003701 0b002b01 10000 100 785937 2005533541 1697489 82533
0b003301 0b003101 10000 100 75719 2007220022 22508 10509
0b002901 0b002801 10001 100 238505 2007241243 30622 24158
0b001001 0b001301 10001 100 163530 2007217788 58905 17872
0b002801 0b002901 10000 100 1326083 2007055296 229351 115342
0b000201 0b000e01 10000 100 161908 2006380871 910855 26054
0b002201 0b003401 10000 100 26141 2004369639 2954098 18834
0b000001 0b000901 10000 100 101721 2006893402 542240 21009
0b000801 0b003101 10000 100 177734 2002726798 4783045 831562
0b002b01 0b000e01 10000 100 6523 2005088729 2426619 817208
0b000d01 0b003301 10000 100 34630 2003714337 3816795 819564
0b000b01 0b003e01 10000 100 18173 2004989581 2545341 818186
0b001c01 0b002f01 10000 100 79934 2004950255 2610895 823361
0b000f01 0b000001 10000 100 1366078 2007007300 570891 127015
0b002a01 0b002f01 10000 100 85780 2007556543 22965 15512
0b003f01 0b003801 10001 100 2517 2007186953 406267 8532
0b000701 0b001a01 10000 100 5097 2003168857 4484507 17070
0b001a01 0b001c01 10000 100 430126 2007090911 572857 44385
0b002301 0b002001 10000 100 100602 2007631775 36377 12596
0b003f01 0b003a01 10000 100 1203971 2007298743 391830 109261
0b003701 0b000f01 10000 100 30886 2004049585 3655912 819249
0b002101 0b001101 10000 100 1299209 2003256390 4471802 925588
0b002901 0b000b01 10001 100 42192 2003751595 3992645 820200
0b000901 0b000e01 10000 100 1548731 2007192444 562920 138166
0b000a01 0b000401 10000 100 2113165 2006622602 1154899 189650
0b001801 0b001b01 10001 100 25166 2007784593 8295 6273
0b000001 0b003c01 10000 100 991058 2003098833 4697652 899753
0b002201 0b002301 10000 100 942800 2007698219 104792 83205
0b003c01 0b002a01 10000 100 11582 2006437553 1414996 17612
0b001701 0b003701 10000 100 7740 2004930996 2990125 817309
0b000e01 0b002001 10000 100 3952729 2002376771 5547466 1148057
0b003e01 0b001901 10000 100 65164 2004444245 3500852 822126
0b002901 0b003601 10000 100 8997 2006465541 1482945 17394
0b002801 0b001401 10000 100 116007 2004619937 3332516 826389
0b002701 0b001101 10000 100 13546 2004175753 3799063 817797
0b000501 0b000201 10000 100 9255 2007965517 9455 9098
0b002d01 0b002f01 10000 100 2206 2007987192 4332 4348
0b000f01 0b001301 10000 100 43092 2004579650 3429447 20256
0b002501 0b001f01 10000 100 2648566 2004009003 4025720 1038717
0b002301 0b001b01 10001 100 9040 2004668206 3393310 817421
0b002101 0b002301 10000 100 28999500 2000737040 7337288 2435480
0b003501 0b003d01 10000 100 27682 2007825056 270717 14802
0b002501 0b000b01 10000 100 238815 2004632675 3463399 836682
0b000001 0b000601 10000 100 3713733 2007028889 1069562 319680
0b000101 0b003f01 10001 100 53514 2005979782 2124602 821148
0b002901 0b000201 10001 100 1085653 2004433042 3676157 907682
0b000c01 0b003401 10000 100 26336 2006177306 1940834 818870
0b002801 0b003701 10000 100 64301 2006348292 1777011 22033
0b000201 0b001001 10000 100 29487 2005065250 3064510 19114
0b000801 0b000b01 10000 100 3538158 2007799231 401375 300802
0b003c01 0b002301 10001 100 3949 2006274132 1965077 16971
0b000501 0b003401 10000 100 63072 2006049259 2190766 821951
0b000e01 0b001801 10000 100 343 2004817576 3477477 16671
0b003001 0b003a01 10000 100 50319 2007350236 953777 16701
0b003a01 0b002d01 10000 100 183279 2004743246 3598423 32008
0b001c01 0b001e01 10000 100 28684 2008334216 7679 6566
0b003b01 0b002501 10000 100 19711 2005330900 3017756 18293
0b003601 0b001c01 10000 100 176377 2004724309 3678507 831449
0b000e01 0b002801 10000 100 25240 2004297156 4137185 818779
0b003601 0b003501 10000 100 17850 2008512850 5768 5657
0b003b01 0b003d01 10000 100 61979 2008131935 439514 13516
0b003d01 0b000d01 10001 100 28071 2006023405 2554993 819017
0b002a01 0b001d01 10000 100 57109 2002886152 5726547 821451
0b001a01 0b001001 10000 100 28005 2008490429 144390 14831
0b000601 0b000201 10000 100 78860 2008663959 18197 14932
0b002901 0b000901 10000 100 20922 2005668647 3057236 818414
0b003401 0b001901 10000 100 960951 2003421513 5318701 897226
0b000b01 0b000d01 10000 100 9550 2008732093 9813 9122
0b003f01 0b000801 10000 100 884407 2003974675 4769407 890810
0b003a01 0b000301 10000 100 58062 2004167960 4579438 821531
0b000001 0b000101 10000 100 58208 2008737942 9587 9043
0b000f01 0b002a01 10000 100 9789 2005210657 3563242 817481
0b000001 0b000501 10000 100 168911 2008754522 46929 22481
0b000901 0b002f01 10000 100 70284 2005125837 3682303 822555
0b000601 0b001e01 10000 100 26805 2006657992 2180571 18888
0b001101 0b000901 10000 100 3857 2001548290 7319198 16963
0b002f01 0b002401 10000 100 64202 2007759711 1326526 17865
0b003201 0b003601 10000 100 11235 2008439628 648064 9264
0b001101 0b002e01 10001 100 1304257 2006266333 2855783 926011
0b003d01 0b003c01 10000 100 87678 2009113907 13414 11512
0b000801 0b002101 10001 100 590843 2006919352 2217877 866196
0b000801 0b001e01 10000 100 39843 2005417469 3732579 19981
0b001701 0b000a01 10000 100 43408 2006039750 3112855 20281
0b003f01 0b003701 10000 100 27792 2008337453 831895 14810
0b001601 0b001901 10000 100 15751 2008169627 1125423 13801
0b003b01 0b003901 10000 100 30044 2009292762 9085 6682
0b001601 0b001701 10001 100 66728 2009280679 31881 9755
0b002a01 0b000701 10001 100 9371 2006335071 2977730 817448
0b003501 0b002301 10000 100 4389925 2004550926 4762847 384691
0b000b01 0b001501 10000 100 327 2006708521 2648795 16670
0b003b01 0b003e01 10000 100 1163621 2009281865 136219 105879
0b002d01 0b002301 10000 100 34541 2008063701 1402084 15377
0b001101 0b001601 10000 100 171227 2007482055 1991551 22678
0b001701 0b003001 10000 100 2141 2001769100 7719121 816842
0b001101 0b003c01 10000 100 25505 2004728773 4775452 818800
0b003e01 0b003c01 10000 100 7223 2009518154 4706 4768
0b003b01 0b002c01 10001 100 1947987 2005145889 4382751 179959
0b002501 0b001601 10000 100 1045942 2005280363 4257832 904352
0b000701 0b003b01 10000 100 32847 2005812141 3772526 819414
0b000f01 0b002401 10001 100 74173 2006375629 3254766 822881
0b000201 0b000701 10000 100 5092954 2007009619 2622811 435313
0b003101 0b003f01 10001 100 14270 2009057741 600663 13679
0b003301 0b000501 10001 100 22981 2005484664 4182175 818586
0b002a01 0b001201 10000 100 2031 2006389844 3309807 816834
0b002b01 0b000a01 10001 100 5687 2005922985 3804214 817138
0b001801 0b003301 10002 100 3284 2005031935 4719835 816938
0b002a01 0b002c01 10000 100 416 2009372048 398249 8357
0b001301 0b001601 10001 100 3043637 2008130222 1759385 263499
0b001a01 0b001601 10000 100 159 2009198605 773425 12496
0b001a01 0b000301 10000 100 34534 2006429976 3567013 19537
0b001f01 0b001001 10000 100 23530 2007846384 2154955 14454
0b000601 0b003c01 10001 100 1332986 2005871609 4137385 928417
0b003201 0b003f01 10000 100 6818 2009492052 526682 13052
0b002301 0b000401 10000 100 978136 2004940422 5102594 898670
0b002101 0b002601 10001 100 21179 2009458975 587133 10098
0b000a01 0b000901 10000 100 4201 2010045477 5092 4515
0b003f01 0b000001 10001 100 16005 2007025560 3043361 818005
0b003b01 0b003001 10000 100 21475 2008478365 1593427 14282
0b001c01 0b002901 10000 100 133530 2006358425 3720386 827856
0b003001 0b002301 10000 100 25357 2005801490 4286769 18768
0b001b01 0b001801 10000 100 3497 2010240256 4388 4455
0b002001 0b000f01 10000 100 1907331 2004442107 5808244 976573
0b002101 0b003001 10000 100 6004 2006269238 3988297 17147
0b001601 0b001e01 10001 100 24088 2009086361 1172355 14503
0b003501 0b000101 10001 100 105758 2004459173 5868424 825527
0b000901 0b000e01 10001 100 1085300 2009255646 1179134 99314
0b002801 0b002b01 10000 100 4158 2010430578 4576 4511
0b000b01 0b002201 10000 100 62798 2005439355 5023519 821925
0b003101 0b003701 10000 100 28023 2010471272 12557 10673
0b003b01 0b003401 10000 100 4717 2010062028 422577 12876
0b000201 0b000001 10000 100 213037 2010526755 58256 22024
0b001a01 0b001b01 10000 100 2069526 2010414367 177988 177670
0b003401 0b003a01 10000 100 19361 2009936551 726234 14105
0b000201 0b002801 10000 100 174916 2005486465 5187315 831325
0b000d01 0b001701 10000 100 67525 2006478947 4214547 22303
0b000401 0b000801 10000 100 6598496 2006076823 4624255 565699
0b000a01 0b000301 10000 100 1182 2010637699 69574 12582
0b002701 0b001401 10000 100 62435 2007610794 3120966 821896
0b000f01 0b001f01 10000 100 21845 2006876060 3902403 18472
0b002f01 0b003201 10001 100 2405 2007485430 3341891 16843
0b003601 0b002f01 10000 100 9199 2005505435 5384990 17414
0b000b01 0b001401 10001 100 42636 2007050748 3954385 20216
0b002b01 0b000b01 10000 100 25398 2005433934 5575273 818791
0b002d01 0b000e01 10000 100 27310 2004775165 6260928 818952
0b002801 0b000701 10000 100 616066 2005249737 5786464 868314
0b000901 0b000101 10001 100 38317 2011092817 17130 15695
0b002d01 0b000e01 10001 100 21637 2006734268 4446166 818475
0b001a01 0b001e01 10000 100 68531 2010794806 391771 14067
0b002201 0b003101 10000 100 23679 2006894836 4345426 18626
0b003401 0b001001 10000 100 29382 2005333396 5930039 819125
0b000d01 0b000001 10001 100 1663533 2010216828 1186542 151952
0b002601 0b001701 10000 100 995 2008173879 3283614 816743
0b003f01 0b003e01 10001 100 5922719 2010745764 719832 500721
0b001701 0b000401 10000 100 73666 2009532644 1950609 22817
0b003301 0b001301 10000 100 1827817 2006569357 5047479 969904
0b002101 0b001301 10000 100 41384 2008482252 3170251 820132
0b002301 0b002201 10000 100 921828 2011665670 98110 81446
0b000a01 0b000801 10000 100 28575 2011762281 8834 6557
0b000b01 0b001a01 10002 100 2235 2009425063 2356262 16830
0b002201 0b002301 10001 100 21382 2011782424 5891 5955
0b001c01 0b003701 10000 100 39643 2006455357 5356131 819985
0b000f01 0b000a01 10000 100 50789 2009042254 2777236 12578
0b002001 0b002601 10000 100 1366827 2010339699 1593162 122915
0b000b01 0b002101 10000 100 39370 2006879924 5069914 819963
0b002301 0b002001 10001 100 72119 2011950501 10275 10209
0b001d01 0b000401 10001 100 153 2009419156 2551797 16656
0b000b01 0b003701 10000 100 20831 2008093512 3971075 818407
0b000a01 0b002d01 10000 100 70676 2006072461 6041636 822586
0b003e01 0b001901 10001 100 74484 2005289684 6835878 822906
0b001701 0b001401 10001 100 1063803 2012045490 108593 93350
0b003501 0b003301 10000 100 970056 2012073410 139363 89653
0b003001 0b003a01 10001 100 13806 2011102842 1125763 13638
0b003201 0b000a01 10001 100 39498 2006829849 5400552 819973
0b000c01 0b002f01 10000 100 911 2007906683 4353057 816736
0b003901 0b003301 10000 100 51180 2011795628 486845 16774
0b003b01 0b003201 10000 100 27253 2011759672 580664 14767
0b002101 0b002301 10001 100 7788 2012339085 5926 4813
0b001d01 0b001a01 10001 100 991403 2011684418 670375 91441
0b002f01 0b000001 10000 100 48710 2006900992 5495575 820744
0b000601 0b002401 10000 100 31085 2007808996 4600104 819269
0b001101 0b003701 10000 100 47388 2006444981 5964265 820635
0b000301 0b002f01 10001 100 134411 2006955829 5472193 827931
0b001d01 0b001901 10000 100 54556 2011942032 554797 12895
0b002f01 0b002d01 10000 100 4237 2012518963 4535 4518
0b001801 0b001a01 10000 100 56707 2012545483 9992 8915
0b003f01 0b000b01 10000 100 29464 2004700768 7912288 819132
0b003301 0b000701 10000 100 51670 2004760287 7880298 820993
0b003d01 0b003801 10000 100 51251 2012524079 209364 12619
0b002501 0b000701 10000 100 9889 2006746113 6036797 817489
0b003a01 0b001d01 10000 100 446 2006051122 6753609 816699
0b003a01 0b002901 10000 100 5696 2009266139 3581955 17118
0b002701 0b002001 10001 100 1821753 2003433789 9448314 161056
0b003301 0b003701 10000 100 844086 2012102828 797726 79091
0b003001 0b003101 10000 100 7834 2012953582 4799 4817
0b000601 0b001001 10000 100 1293220 2004251517 8757808 125066
0b001101 0b000b01 10000 100 40121 2009541983 3482674 20007
0b003601 0b003701 10000 100 24208 2013022274 10413 6192
0b003a01 0b000501 10000 100 1867711 2004656832 8533804 973250
0b003301 0b000401 10000 100 60085 2005894023 7305112 821701
0b000801 0b001601 10000 100 37271 2009396060 3803699 19767
0b000e01 0b003b01 10001 100 23334 2008634761 4623033 818618
0b000a01 0b000701 10000 100 182457 2012433836 864678 27779
0b002301 0b002901 10000 100 33031 2013186974 153120 15253
0b003c01 0b001301 10000 100 92538 2006445509 6940325 824420
0b000001 0b000f01 10001 100 26133 2012897774 515383 14674
0b000801 0b003f01 10001 100 43028 2008297368 5118198 820271
0b000e01 0b003a01 10001 100 93393 2005830892 7605014 824492
0b000d01 0b001701 10001 100 154329 2010000836 3481866 29581
0b003901 0b003a01 10000 100 564517 2013506115 52676 51490
0b003f01 0b001901 10000 100 20284 2006735330 6856182 818363
0b003801 0b000001 10000 100 997924 2005223589 8404759 900326
0b000c01 0b001d01 10000 100 31371 2005296314 8335428 19272
0b000e01 0b000001 10001 100 5753342 2011919890 1724543 494842
0b000e01 0b000c01 10000 100 1052329 2013564650 99270 92389
0b001e01 0b001901 10000 100 24387 2013149560 538404 10366
0b001701 0b000e01 10000 100 147902 2010807923 2904986 29040
0b000001 0b003701 10000 100 402827 2008373263 5385145 850433
0b002b01 0b003201 10000 100 4478 2009036792 4832389 17017
0b000b01 0b000d01 10002 100 631623 2013398710 485316 61276
0b000901 0b002e01 10000 100 10228 2009266494 4683117 817520
0b000f01 0b001d01 10000 100 7184 2011765028 2219987 17245
0b002b01 0b001501 10000 100 174900 2008869295 5194137 831324
0b000101 0b000201 10000 100 1615 2014138652 10163 4296
0b000201 0b000e01 10001 100 69959 2012801146 1379366 18345
0b003701 0b001301 10000 100 20911 2006776363 7446409 818413
0b000001 0b000501 10001 100 29817 2012939060 1345706 10820
0b003601 0b000101 10000 100 5136 2006381676 7912488 817093
0b000401 0b002b01 10000 100 150154 2004683256 9631985 829252
0b003201 0b001801 10000 100 45172 2007621336 6876527 820450
0b000e01 0b003901 10000 100 113982 2008270791 6255955 826216
0b003f01 0b002101 10001 100 73494 2009140540 5421604 22803
0b001a01 0b001f01 10000 100 23270 2013675886 974919 10273
0b003f01 0b003d01 10000 100 40737 2014759307 10963 7576
0b002f01 0b000301 10000 100 29566 2008810346 6015466 819140
0b001301 0b002c01 10000 100 11450 2008854288 6019798 817622
0b000701 0b002e01 10000 100 57796 2009276954 5630551 821506
0b003b01 0b003a01 10000 100 2595 2014911810 4555 4379
0b003d01 0b001d01 10000 100 146 2008107895 6812673 816675
0b000201 0b000001 10001 100 60460 2014993005 9173 9231
0b000501 0b001801 10000 100 3683 2012134046 2919401 16950
0b003a01 0b002901 10001 100 1144411 2009419906 5658909 112589
0b002101 0b000001 10000 100 201 2007436471 7697662 816679
0b000c01 0b003801 10000 100 2033 2007771584 7392755 816834
0b000601 0b003e01 10000 100 23282 2009752525 5421229 818614
0b003e01 0b003901 10000 100 79951 2013955634 1220142 15023
0b001e01 0b003901 10000 100 345883 2008153260 7068436 845659
0b002701 0b002301 10001 100 30905 2014555273 926339 10911
0b000701 0b002a01 10001 100 70928 2007922283 7560006 822606
0b001b01 0b003a01 10001 100 25974 2007738575 7900551 818837
0b003d01 0b001001 10000 100 6826 2009618641 6096876 817232
0b003101 0b002401 10000 100 1296 2009434467 6282100 16751
0b000401 0b000b01 10000 100 66153 2015497431 230533 18029
0b000001 0b000601 10001 100 2911303 2014336606 1459315 252406
0b003301 0b002601 10000 100 2124 2008176865 7668922 16821
0b002201 0b002601 10000 100 1573621 2014432300 1434443 140253
0b000201 0b000401 10001 100 6441 2015837014 36191 8862
0b003201 0b001301 10000 100 1139779 2011455835 4431544 912219
0b003301 0b000401 10001 100 52022 2011130355 4864452 821025
0b003e01 0b003801 10001 100 57567 2015216950 879775 13148
0b003701 0b000601 10000 100 9791 2009420861 6808813 817481
0b000201 0b000401 10000 100 26876 2015587732 794971 10573
0b003401 0b003b01 10001 100 76422 2015481899 1066910 18889
0b001b01 0b001901 10000 100 1555 2016680170 4278 4292
0b003b01 0b003d01 10001 100 22595 2014522143 2168216 10215
0b000001 0b003501 10000 100 98026 2004122445 12591168 824882
0b003d01 0b003401 10001 100 7160 2016731955 151928 13083
0b000b01 0b001d01 10000 100 6161 2013305578 3624598 17159
0b003b01 0b001e01 10000 100 8763253 2003025334 13905417 1551374
0b002901 0b002101 10000 100 48681 2015767955 1168817 16562
0b001001 0b002601 10001 100 3093 2007548921 9441431 816922
0b000b01 0b001f01 10001 100 56667 2012035921 5003343 21392
0b003901 0b003201 10000 100 809202 2015708033 1410407 80326
0b000901 0b000201 10000 100 694 2015861124 1325241 12539
0b003d01 0b001301 10000 100 1754556 2011035275 6277102 963763
0b002f01 0b002601 10001 100 10568 2016186096 1155707 13367
0b000001 0b003901 10000 100 71370 2004109693 13233874 822646
0b003a01 0b003401 10000 100 210740 2012123016 5303919 30149
0b000b01 0b003301 10000 100 744 2007944032 9553077 816723
0b002001 0b002501 10000 100 75334 2017046559 464910 14638
0b003301 0b000201 10000 100 4595 2009778215 7758076 817046
0b001001 0b003501 10000 100 30590 2012918404 4878381 819226
0b000e01 0b003b01 10000 100 711626 2002942382 14949988 876324
0b000901 0b003c01 10000 100 79098 2009552456 8656711 823295
0b003001 0b003d01 10000 100 54245 2017228318 1126081 17030
0b002301 0b003a01 10000 100 3846 2008955754 9498087 16963
0b000e01 0b001201 10000 100 62522 2014311724 4267740 21883
0b001901 0b001e01 10000 100 264 2017086257 1517059 8344
0b003101 0b000401 10000 100 5234 2010434746 8175074 817101
0b003501 0b003701 10000 100 35840 2018626719 10177 7165
0b002a01 0b000401 10000 100 102970 2010682147 7973178 825293
0b000b01 0b003901 10002 100 169979 2010829751 7887801 830911
0b000801 0b000301 10001 100 45244 2017598508 1129956 16276
0b003c01 0b001601 10000 100 31237 2013785637 5088985 819281
0b003901 0b002e01 10000 100 58379 2010733214 8167917 21536
0b003301 0b000301 10001 100 64301 2010345742 8611825 822053
0b000b01 0b000701 10001 100 39366 2017261068 1805408 15782
0b003801 0b003101 10001 100 7666 2017294151 1945534 13124
0b001301 0b000601 10001 100 2923 2014121604 5148372 16885
0b000801 0b000f01 10002 100 61515 2018134363 1175307 13479
0b003901 0b000301 10000 100 1957163 2010398433 9054929 980751
0b003101 0b000601 10000 100 32832 2012308953 7158469 819413
0b000a01 0b000901 10001 100 1926771 2018987966 489761 165701
0b000b01 0b000001 10000 100 39718 2016034949 3494375 15811
0b001801 0b001f01 10001 100 16691 2018791701 856391 9720
0b000201 0b000801 10001 100 74378 2019337569 380904 18718
0b000b01 0b002c01 10001 100 196910 2014720592 5156990 833169
0b003401 0b002c01 10000 100 382578 2014503400 5661088 48716
0b000e01 0b000001 10002 100 5849 2018963385 1268104 12970
0b000201 0b000701 10001 100 1229522 2018903678 1415090 111404
0b000301 0b002e01 10000 100 19676 2007626751 12715041 818310
0b003e01 0b003901 10001 100 50607 2020023988 493479 12564
0b000d01 0b000c01 10000 100 6148 2021131312 14663 4678
0b003f01 0b003901 10000 100 1541 2020304697 984721 8450
0b001801 0b001e01 10000 100 87089 2021275319 76024 15625
0b002901 0b003e01 10001 100 4213 2010694672 10702732 16996
0b003701 0b002c01 10000 100 96742 2015428592 6219890 24751
0b000901 0b000201 10002 100 5738593 2019846087 1840940 493605
0b000901 0b003501 10000 100 1070789 2014858150 6942410 906435
0b001401 0b001701 10000 100 2426 2021799822 6156 4365
0b003501 0b002a01 10000 100 192712 2013276569 8532566 32798
0b003001 0b001201 10000 100 10816 2009300930 13399125 817567
0b003201 0b000d01 10000 100 3354 2015961116 7273443 816943
0b000e01 0b000501 10001 100 154621 2022983154 329360 25444
0b000601 0b000701 10000 100 56281 2023393875 10111 8881
0b001201 0b001c01 10001 100 2016 2023559472 66235 12652
0b000801 0b003901 10001 100 2522 2017628419 6127003 816873
0b000601 0b000301 10000 100 182327 2022506225 1446429 23608
0b002b01 0b002e01 10001 100 227 2023015761 1018358 8342
0b003801 0b003201 10000 100 4295 2019662750 4377327 12842
0b000d01 0b000f01 10002 100 21569 2024087587 42344 5970
0b001001 0b003401 10001 100 1935 2011085070 13177928 816822
0b000601 0b000701 10001 100 2045496 2024140602 255899 175656
0b000a01 0b000d01 10000 100 4719975 2015388966 9097671 404042
0b003b01 0b000901 10000 100 758 2017879049 6809213 816724
0b000801 0b000c01 10001 100 48513 2022221039 2586385 12389
0b002f01 0b002c01 10000 100 7754452 2022007454 2958382 654295
0b002f01 0b002e01 10000 100 15417205 2018174334 6807991 1296741
0b000601 0b000201 10001 100 61495 2024691445 362280 13477
0b000a01 0b003801 10000 100 16 2017320643 7763578 816665
0b003e01 0b001d01 10000 100 4818 2019186019 6476729 817064
0b000a01 0b000e01 10001 100 26658 2025108390 728497 10556
0b001b01 0b001e01 10000 100 37980 2023726647 2150998 11504
0b000201 0b003d01 10000 100 1011 2010644762 15245314 816748
0b000e01 0b002201 10000 100 1930 2016480084 9595887 816822
0b003501 0b001c01 10000 100 1348 2018567671 7556690 816775
0b001501 0b001301 10001 100 2046 2021872453 4300600 8495
0b001b01 0b001d01 10000 100 71874 2021961419 4248693 14346
0b000901 0b000b01 10000 100 1134953 2026399710 109428 99314
0b000901 0b001701 10000 100 112385 2021489882 5515627 26064
0b003b01 0b003a01 10002 100 7889 2027609120 7175 4821
0b000e01 0b002701 10000 100 3381 2010788935 16912300 816945
0b003201 0b000f01 10000 100 307 2020103052 7723210 816688
0b000b01 0b000d01 10003 100 4569 2026835272 1177931 8704
0b003b01 0b001b01 10000 100 22121 2016197813 12348005 818518
0b000601 0b000701 10002 100 620993 2028464618 168375 56224
0b000d01 0b001201 10001 100 2971 2025901689 3057311 16889
0b000901 0b003301 10001 100 74798 2019766440 9343413 822931
0b002301 0b003f01 10000 100 183 2021724707 7848971 16658
0b001801 0b001c01 10002 100 473128 2029649769 290383 47990
0b000801 0b003a01 10001 100 53788 2014430711 15617682 821170
0b000e01 0b002301 10000 100 52649 2022318368 7973783 821075
0b003d01 0b003a01 10000 100 1007 2029204013 1279132 8408
0b000b01 0b002501 10001 100 25707 2025646936 7048303 818816
0b000301 0b003a01 10001 100 186 2026223357 6645753 816678
0b001201 0b001001 10001 100 1227 2032893081 9583 4265
0b000001 0b000701 10000 100 4062 2032854911 1730771 8664
0b002701 0b002801 10000 100 176 2033946128 874833 12497
0b002801 0b001501 10000 100 2114 2031522115 4635143 816840
0b003d01 0b003e01 10001 100 6925 2036231732 42209 4740
0b000f01 0b000801 10001 100 7798 2033952955 2475436 8974
0b000401 0b000101 10002 100 12 2035133178 1493078 8324
0b000001 0b002c01 10000 100 39068 2014882885 21749579 819939
0b000401 0b002b01 10002 100 721 2031586228 5157489 816721
0b002c01 0b002b01 10001 100 5691 2036539961 614468 8798
0b001e01 0b001c01 10001 100 5240 2038280843 35400 4602
0b000101 0b000301 10000 100 5046 2038289022 41841 4586
0b000a01 0b003201 10002 100 714 2031188203 7520535 816720
0b000901 0b000c01 10003 100 7637 2037897628 962297 8961
0b002501 0b002701 10003 100 1969 2039311966 8060 4325
0b003d01 0b003901 10000 100 8364 2040222867 1310822 9023
0b000f01 0b003601 10003 100 946 2033537267 8768105 816739
0b002f01 0b002301 10003 100 636 2042986180 13534 12534
0b003201 0b000801 10000 100 3939 2030440293 12965340 816990
0b002001 0b002201 10000 100 2897 2043625710 16152 4403
0b001d01 0b002001 10002 100 220 2040202927 3477510 816681
0b003b01 0b000301 10001 100 417 2035136860 8661742 816697
0b000501 0b000101 10001 100 21466 2039010221 5014776 10121
0b001501 0b001301 10002 100 2785 2044031518 1107652 8554
0b003301 0b003601 10003 100 4271 2043633938 1771548 8680
0b002101 0b002301 10004 100 2008 2045592531 17227 4332
0b000f01 0b002001 10001 100 1386 2040497585 6311852 816778
0b000001 0b000401 10002 100 202 2046657875 1004892 8340
0b001401 0b001e01 10002 100 47 2047256436 964715 12487
0b000f01 0b000601 10000 100 177 2047736775 722093 12498
0b002c01 0b002b01 10003 100 324 2048412900 1055932 8349
0b000501 0b000101 10002 100 39464 2039894702 11069724 11630
