0b000501 0b000101 10000 100 5000000 2000000000 3871532 423360
0b000601 0b000101 10000 100 5000000 2000000000 3981444 423360
0b000701 0b000101 10000 100 5000000 2000000000 4063421 423360
0b000801 0b000101 10000 100 5000000 2000000000 4080003 423360
0b000b01 0b000101 10000 100 5000000 2000000000 4180107 423360
0b000901 0b000101 10000 100 5000000 2000000000 4252701 423360
0b000a01 0b000101 10000 100 5000000 2000000000 4442787 423360
0b000401 0b000101 10000 100 150000000 2000000000 42116381 12580160
0b000301 0b000101 10000 100 200000000 2000000000 48514215 16772160
0b000201 0b000101 10000 100 200000000 2000000000 49392710 16772160
