0b003f01 0b003801 10000 100 7999 2000039195 9557 8990
0b003701 0b003501 10000 100 6630 2000059493 4650 4717
0b003e01 0b003801 10000 100 4116 2000071826 8718 8668
0b001d01 0b000201 10000 100 658850 2000011569 98930 71878
0b001601 0b000601 10000 100 9576 2000077280 44347 17444
0b001c01 0b000001 10000 100 32972 2000070634 57350 19404
0b002701 0b002b01 10000 100 25833 2000119429 14615 14646
0b003201 0b002c01 10000 100 548446 2000071027 69922 62623
0b003701 0b002901 10000 100 8451 2000123837 18056 17350
0b002801 0b003e01 10000 100 6000 2000171953 36032 17143
0b001201 0b001401 10000 100 53353 2000249632 13271 12795
0b001301 0b000401 10000 100 28105 2000317642 20725 18999
0b000901 0b000601 10000 100 624131 2000280998 67577 64810
0b002901 0b002501 10000 100 24071 2000371571 16757 14501
0b001901 0b001201 10000 100 36482 2000425036 25502 15540
0b001b01 0b000401 10000 100 20063 2000439737 20002 18325
0b003101 0b003f01 10000 100 633538 2000370589 93707 65597
0b000d01 0b000501 10000 100 4901 2000512602 12905 12891
0b002e01 0b002401 10000 100 20841 2000587942 18542 14227
0b002101 0b003801 10000 100 4110489 2000007756 628267 361265
0b003201 0b002f01 10000 100 28526 2000435347 222118 19033
0b000901 0b000c01 10000 100 16314 2000672934 11048 9690
0b000b01 0b001401 10000 100 103929 2000547924 179066 25353
0b002d01 0b003501 10000 100 20607 2000512152 216044 18369
0b003a01 0b003701 10000 100 77211 2000729091 26799 18956
0b001101 0b000d01 10000 100 26249 2000580849 208107 18843
0b003a01 0b002401 10000 100 785 2000720226 69110 16706
0b003001 0b002201 10000 100 21366 2000612010 197850 18433
0b003c01 0b002301 10000 100 25549 2000556957 267650 18783
0b001b01 0b003201 10000 100 3682 2000040921 820271 816969
0b001d01 0b001701 10000 100 42209 2000870756 19421 16021
0b000601 0b000401 10000 100 1067425 2000802109 93758 93655
0b003a01 0b000101 10000 100 48099 2000078991 849456 820696
0b000c01 0b002701 10000 100 16166 2000029722 901421 818018
0b002101 0b003f01 10000 100 44046 2000579966 363525 20336
0b003401 0b000801 10000 100 3253 2000030587 927273 816935
0b002001 0b000b01 10000 100 60726 2000059820 958322 821752
0b000501 0b001001 10000 100 5073475 2000092775 926800 442002
0b002001 0b002f01 10000 100 4010 2001019213 12869 12820
0b002401 0b000f01 10000 100 195504 2000156748 885398 833052
0b003601 0b000801 10000 100 65410 2000203441 851329 822146
0b002701 0b000a01 10000 100 26106 2000107481 963602 818852
0b002e01 0b002301 10000 100 4385444 2000546588 538224 380157
0b002201 0b000a01 10000 100 12837 2000115443 974547 817736
0b003d01 0b003101 10000 100 8184 2001040285 60194 13169
0b000201 0b003001 10000 100 28109 2000179960 931368 819020
0b002a01 0b002501 10000 100 415729 2000761806 349713 47335
0b001e01 0b003601 10000 100 459771 2000040790 1117078 855208
0b000d01 0b001901 10000 100 40077 2000845437 313462 20003
0b000b01 0b003901 10000 100 52405 2000198982 971673 821055
0b002301 0b002b01 10000 100 808706 2000656418 525264 80283
0b003501 0b000e01 10000 100 1038566 2000095577 1091492 903735
0b001a01 0b002f01 10000 100 60194 2000147140 1069428 821709
0b002e01 0b001201 10000 100 4610 2000111774 1126686 817048
0b003301 0b000e01 10000 100 6880 2000337560 904097 817237
0b003401 0b003101 10000 100 16393 2001174454 85228 9696
0b003501 0b001f01 10000 100 302481 2000182151 1092274 842022
0b000f01 0b000301 10000 100 4237 2001310050 13163 12838
0b003a01 0b003201 10000 100 26492 2001310376 16655 14703
0b003101 0b003401 10000 100 79659 2001341361 17047 14999
0b003801 0b001801 10000 100 114438 2000272806 1114053 826256
0b001101 0b001401 10000 100 25588 2001376280 12576 10466
0b002901 0b003f01 10000 100 3132160 2000299742 1089378 279243
0b001601 0b001801 10000 100 33 2000912982 479571 12486
0b003001 0b001b01 10000 100 80204 2000252194 1157283 823387
0b003701 0b003101 10000 100 4250022 2000823983 590687 364645
0b002a01 0b000001 10000 100 1925821 2000155149 1260139 978121
0b000a01 0b003e01 10000 100 196249 2000224783 1192374 833116
0b001601 0b000901 10000 100 53421 2000519231 905798 21121
0b001901 0b003601 10000 100 1737063 2000068125 1357103 962298
0b002501 0b002101 10000 100 688058 2001311976 129564 66010
0b002d01 0b000b01 10000 100 12683 2000434854 1008214 817724
0b002301 0b001b01 10000 100 21575 2000288161 1163435 818470
0b003e01 0b001701 10000 100 18666 2000347038 1108618 818226
0b000e01 0b003a01 10000 100 174085 2000486609 1021584 831258
0b003701 0b001101 10000 100 184990 2000326505 1187043 832169
0b001901 0b001d01 10000 100 2874734 2000882456 643078 249338
0b003201 0b003b01 10000 100 6207 2001513547 13053 13003
0b000201 0b000b01 10000 100 123642 2001499864 61690 22847
0b002701 0b003f01 10000 100 819 2001075096 490286 16709
0b003501 0b000101 10000 100 887941 2000160825 1413147 891105
0b003a01 0b003001 10000 100 2629 2001569475 12717 12701
0b000f01 0b003401 10000 100 6462 2000457487 1139375 817203
0b000301 0b003501 10000 100 25852 2000587207 1011659 818828
0b003801 0b003501 10000 100 4611 2001587257 13177 12868
0b002801 0b002101 10000 100 6338 2001601062 13517 13013
0b000801 0b001801 10000 100 13592 2000773838 842904 17781
0b003d01 0b000e01 10000 100 23672 2000447854 1223149 818645
0b001401 0b003201 10000 100 6174 2000525983 1168281 817180
0b001701 0b001601 10000 100 586856 2001572503 127040 53362
0b002d01 0b003201 10000 100 27904 2001530698 169488 18979
0b000001 0b000201 10000 100 52618 2001724589 10250 8572
0b001c01 0b000b01 10000 100 275498 2000897450 876294 39739
0b000001 0b000f01 10000 100 29737 2001790547 16175 14974
0b003e01 0b000301 10000 100 1100427 2000611349 1235590 908922
0b001b01 0b002d01 10000 100 6368 2000692731 1160691 817196
0b000701 0b003601 10000 100 13479 2000800842 1063315 817792
0b002901 0b002801 10000 100 62144 2001853171 11192 9373
0b000c01 0b000201 10000 100 564179 2001792895 84329 59783
0b003c01 0b002001 10000 100 73394 2000932811 945595 22795
0b003b01 0b000401 10000 100 104861 2000781536 1111266 825452
0b001801 0b002401 10000 100 1996853 2000574578 1335736 984076
0b001101 0b001301 10000 100 1185649 2001724820 204437 103566
0b002501 0b000501 10000 100 38812 2000521372 1414823 819914
0b002401 0b002101 10000 100 56882 2001840157 103440 13089
0b002501 0b002001 10000 100 51964 2001814464 148921 12676
0b002e01 0b003a01 10000 100 3651 2001386784 599233 16947
0b000501 0b002001 10000 100 44508 2000887784 1162374 820393
0b000301 0b000101 10000 100 1362566 2001913483 139297 118399
0b001f01 0b000601 10000 100 216862 2000912336 1180030 34822
0b003d01 0b002001 10000 100 172769 2001185929 930956 31125
0b001501 0b000c01 10000 100 29805 2000984320 1138822 19139
0b002301 0b003801 10000 100 9374 2001006058 1124724 17428
0b001801 0b001d01 10000 100 147398 2001690471 447543 20680
0b003001 0b002801 10000 100 3697628 2000467178 1681875 326650
0b003701 0b003301 10000 100 5699591 2001068123 1084858 486175
0b000b01 0b001a01 10000 100 63520 2001128212 1035974 21967
0b002301 0b002701 10000 100 20093 2002051919 144955 10008
0b002101 0b002001 10000 100 1529290 2001103427 1096338 132378
0b003401 0b000401 10000 100 544475 2000537962 1669622 862310
0b002801 0b003901 10000 100 469958 2000705186 1508215 56041
0b001801 0b002901 10000 100 1468204 2000278187 1942489 939757
0b000801 0b000101 10000 100 4803071 2001097185 1126288 415173
0b000801 0b000f01 10000 100 4615 2002221415 13286 8708
0b001a01 0b003401 10000 100 9733 2000629071 1606481 817477
0b001001 0b001301 10000 100 75511 2002222547 16802 10492
0b001701 0b003801 10000 100 23435 2000378839 1864330 818626
0b001201 0b002701 10000 100 6404 2000342793 1902463 817199
0b000301 0b000f01 10001 100 39686 2002229606 36051 15808
0b001901 0b000e01 10000 100 19262 2001070925 1216790 18257
0b003201 0b000901 10000 100 17602 2000589065 1717400 818137
0b001601 0b003d01 10000 100 1627012 2000354702 1954815 953072
0b001d01 0b002b01 10000 100 1693181 2000219074 2102994 958619
0b001301 0b003501 10000 100 2641004 2000427022 1914767 1038085
0b003101 0b000801 10000 100 55748 2001119258 1233325 821334
0b001801 0b003501 10000 100 8461 2000961596 1400128 817371
0b001f01 0b003401 10000 100 187671 2000857945 1523195 832395
0b003901 0b003c01 10000 100 6984 2002458284 9007 8905
0b003e01 0b003301 10000 100 57892 2002464832 20577 17334
0b003f01 0b003e01 10000 100 13807 2002504153 5589 5318
0b003801 0b002601 10000 100 73846 2001380396 1133539 22831
0b003f01 0b000501 10000 100 58432 2000863207 1652587 821561
0b003d01 0b000b01 10000 100 8038 2000960871 1564483 817337
0b002101 0b002a01 10000 100 7544072 2000811603 1721640 644978
0b003401 0b000301 10000 100 22458 2001482440 1057082 818544
0b002001 0b000c01 10000 100 42988 2000537415 2016247 820264
0b003a01 0b001b01 10000 100 58184 2000925066 1648780 821541
0b003c01 0b000a01 10000 100 12510 2001021351 1552691 817710
0b003701 0b000d01 10000 100 274 2001155100 1420150 816685
0b001101 0b002301 10000 100 44698 2000798491 1779945 820408
0b002f01 0b002501 10000 100 710480 2002123677 456820 72048
0b000101 0b001601 10000 100 56316 2001077554 1517426 21364
0b001801 0b003c01 10000 100 278268 2001019347 1587358 839992
0b002801 0b002101 10001 100 73310 2002587543 20496 18628
0b003601 0b002d01 10000 100 3328 2001568487 1060561 16921
0b000a01 0b000e01 10000 100 5303509 2002031646 607554 452968
0b002201 0b003501 10000 100 27163 2001062204 1578355 18920
0b001a01 0b002601 10000 100 213544 2000666391 1984946 834565
0b003d01 0b003401 10000 100 3335991 2002154282 508763 292169
0b002f01 0b000901 10000 100 11122 2001165258 1515077 817595
0b003c01 0b002e01 10000 100 3859020 2000722092 1976317 340184
0b001501 0b000201 10000 100 8300 2001631482 1079415 17338
0b000701 0b003401 10000 100 37648 2001632195 1081479 819817
0b002601 0b001301 10000 100 69913 2000643962 2079551 822521
0b001001 0b003a01 10000 100 1622716 2000894267 1844233 952709
0b003001 0b003b01 10000 100 48773 2002755324 16601 16570
0b002701 0b002001 10000 100 3461665 2000753094 2024285 298547
0b000301 0b001201 10000 100 3467044 2000471797 2310109 307320
0b003f01 0b002a01 10000 100 2352 2001544437 1245832 16839
0b003601 0b002101 10000 100 46548 2002566532 241784 20544
0b001901 0b001701 10000 100 3546699 2001022531 1786401 309836
0b003f01 0b002d01 10000 100 26385 2002093605 726728 18854
0b002301 0b000701 10000 100 102458 2000926399 1935339 825252
0b000301 0b000f01 10000 100 4506457 2002063546 813776 390303
0b001901 0b001801 10000 100 1191582 2002657511 233737 104063
0b000801 0b000a01 10000 100 23313 2002883962 10027 6117
0b003f01 0b001a01 10000 100 20594 2001055383 1852164 818388
0b000001 0b002401 10000 100 23219 2000700848 2233134 818609
0b003a01 0b001901 10000 100 1015338 2000600861 2364836 901788
0b000101 0b002b01 10000 100 182326 2000666894 2304246 831948
0b003901 0b003601 10000 100 439173 2002931697 49727 49303
0b002d01 0b003d01 10000 100 12173 2001536077 1458773 17663
0b002d01 0b000f01 10000 100 5246 2000745065 2285487 817102
0b003501 0b003001 10000 100 981651 2002903859 137670 90622
0b001301 0b001601 10000 100 39841 2002838634 225460 11660
0b000701 0b000e01 10000 100 35818 2003004256 88980 15483
0b000f01 0b003001 10000 100 22951 2001266504 1873749 818584
0b002b01 0b002d01 10000 100 691482 2002955290 186891 66295
0b000e01 0b001f01 10000 100 144288 2001631874 1518895 28739
0b000601 0b001901 10000 100 318631 2001850054 1302494 43355
0b000e01 0b003301 10000 100 142041 2001561693 1598391 828572
0b000501 0b003601 10000 100 23131 2001960640 1221192 818602
0b001e01 0b001501 10000 100 35468 2002212296 973912 15455
0b002301 0b001901 10000 100 3647701 2000446224 2742300 1122484
0b000b01 0b001e01 10000 100 2982831 2001595742 1594666 266721
0b002501 0b003801 10000 100 6781 2002968724 234765 17209
0b002e01 0b003801 10000 100 6771 2002540923 683765 17208
0b001601 0b003401 10000 100 77720 2001187827 2068947 823177
0b002a01 0b002801 10000 100 8290 2003260136 6148 4857
0b003a01 0b000901 10000 100 257690 2001694021 1579023 838265
0b000201 0b002d01 10000 100 52997 2001938785 1337760 821103
0b002301 0b002b01 10001 100 7416 2003182706 99550 13104
0b001501 0b001301 10000 100 74312 2003269734 24749 14552
0b002901 0b000201 10000 100 19921 2001578041 1769488 818330
0b003c01 0b001101 10000 100 26404 2001068391 2285161 818876
0b002001 0b002801 10000 100 6945742 2001731561 1622047 594812
0b000a01 0b001e01 10000 100 1409036 2001922626 1437635 134777
0b002501 0b003701 10000 100 887184 2002830486 533229 91024
0b002e01 0b002801 10000 100 22971 2003365622 30374 10246
0b003501 0b001801 10000 100 4416285 2000588730 2831265 1186924
0b000b01 0b000a01 10000 100 46090 2003423952 8219 8027
0b001f01 0b001d01 10000 100 59906 2003423313 13110 9182
0b002501 0b003101 10000 100 4169 2001713962 1724573 16992
0b002c01 0b001c01 10000 100 66365 2001178247 2263805 822226
0b002301 0b003101 10000 100 7395 2003084379 376833 17262
0b003301 0b000901 10000 100 26883 2001737877 1727941 818914
0b002d01 0b002b01 10000 100 8726 2003471493 9487 9052
0b001c01 0b001a01 10000 100 4205 2003441880 42340 8675
0b001c01 0b001101 10000 100 78823 2003433885 50436 19089
0b003e01 0b003101 10000 100 6978553 2002671544 844531 597563
0b001101 0b001901 10000 100 6434 2002641496 877232 13021
0b000a01 0b003001 10000 100 58146 2002036091 1497341 821538
0b003d01 0b001501 10000 100 329709 2000928207 2609169 844303
0b003c01 0b002701 10000 100 20143 2002093722 1453750 18332
0b001e01 0b001a01 10000 100 1599726 2003348047 213319 142442
0b003601 0b001301 10000 100 25951 2001412423 2153172 818835
0b003301 0b002201 10000 100 7423 2001427399 2138814 17264
0b003101 0b001e01 10000 100 12886 2001354153 2225013 817740
0b002401 0b002701 10000 100 26698238 2000799343 2780774 2242543
0b003701 0b001f01 10000 100 40446 2001181263 2405484 820053
0b000001 0b002701 10000 100 9768 2001967765 1619883 817479
0b001b01 0b001501 10000 100 27147 2003574942 17115 14759
0b002401 0b001e01 10000 100 22002 2001252602 2342278 818508
0b002b01 0b000701 10000 100 8003 2001322660 2280551 817334
0b003601 0b000b01 10000 100 43048 2001686984 1918700 820272
0b001501 0b002e01 10000 100 29378 2000787480 2825085 819125
0b002e01 0b002101 10000 100 46010 2003605928 22082 16341
0b000e01 0b000f01 10000 100 3238011 2003370315 276105 275638
0b000e01 0b000001 10000 100 55817 2002733064 914173 17160
0b003401 0b000b01 10000 100 3212153 2001052355 2602526 1085970
0b002001 0b001e01 10000 100 28700 2001886825 1774632 819067
0b000601 0b001901 10001 100 41942 2002386344 1281505 20156
0b003201 0b003501 10000 100 18551 2003660153 13461 9877
0b002401 0b002d01 10000 100 191039 2003504512 171984 28500
0b002101 0b001401 10000 100 1465507 2000858131 2855656 939530
0b003d01 0b002701 10000 100 5987428 2001344801 2370332 518628
0b001601 0b001e01 10000 100 1336369 2002999532 722790 124523
0b002e01 0b002501 10000 100 189 2003533970 216795 12498
0b003501 0b002701 10000 100 61789 2002246630 1508652 21821
0b003e01 0b001c01 10000 100 17990 2001666310 2108699 818168
0b001701 0b002101 10000 100 955810 2000669847 3114570 896795
0b002701 0b002201 10000 100 67563 2003771704 51410 13986
0b002701 0b002001 10001 100 1821753 2003433789 392291 161056
0b001301 0b001501 10000 100 3898 2003820323 8857 8647
0b000201 0b002201 10000 100 47802 2001019767 2822035 820668
0b002801 0b000501 10000 100 63682 2002258168 1603919 822000
0b001101 0b002901 10000 100 1422706 2001356576 2535997 935940
0b002201 0b003901 10000 100 57432 2003579090 337935 21457
0b003f01 0b003601 10000 100 72997 2003910032 26459 18600
0b002a01 0b001c01 10000 100 34198 2001610608 2361997 819530
0b002501 0b002c01 10000 100 8471 2003966958 14791 13192
0b003901 0b001801 10000 100 26 2002384220 1606161 816665
0b001601 0b003e01 10001 100 41124 2002479222 1519387 820111
0b002d01 0b001701 10000 100 386972 2001117402 2905680 849103
0b002801 0b002c01 10000 100 4179505 2003656517 393382 358731
0b000301 0b001501 10000 100 54878 2001537073 2545468 21241
0b003001 0b000101 10000 100 1835462 2001767135 2369497 970547
0b002b01 0b002201 10000 100 5121 2003976052 184499 12912
0b000401 0b002501 10001 100 25906 2001724927 2462863 818832
0b003b01 0b002c01 10000 100 7474 2001955031 2233721 17268
0b002e01 0b002a01 10000 100 2693628 2002888711 1302012 234155
0b000501 0b000601 10000 100 160366 2004172393 18825 17607
0b003401 0b001201 10000 100 19162 2001985417 2211757 818269
0b003d01 0b002101 10000 100 66631 2002890382 1318466 22227
0b000401 0b002501 10000 100 403890 2001026638 3184477 850522
0b002101 0b001001 10000 100 138170 2001638346 2578144 828247
0b001b01 0b002201 10000 100 915 2001772887 2448747 816737
0b000301 0b000a01 10000 100 21990 2003645063 577960 14323
0b001c01 0b000201 10000 100 7625 2002165076 2058520 17280
0b003f01 0b002201 10000 100 29481 2003689833 535499 19113
0b002601 0b002501 10000 100 53457 2004225728 13051 8643
0b000501 0b001301 10000 100 23814 2002362784 1883335 18637
0b000601 0b002b01 10000 100 7673 2001117375 3145164 817304
0b000501 0b000f01 10000 100 22073 2004130640 133360 14334
0b003701 0b000d01 10001 100 3663891 2001452281 2856464 1123841
0b001701 0b001401 10000 100 1698787 2003974935 336994 146587
0b002401 0b003d01 10000 100 67254 2002967818 1353117 22281
0b003901 0b003b01 10000 100 256019 2004297468 25648 25628
0b000701 0b001801 10000 100 68920 2002119686 2232292 22418
0b002301 0b001c01 10000 100 150107 2001653840 2709528 829248
0b000301 0b000601 10000 100 53727 2003671767 697080 12825
0b002a01 0b002b01 10000 100 10544133 2002930747 1464659 888183
0b001a01 0b000601 10000 100 1581 2002592474 1816668 16774
0b002601 0b003e01 10000 100 25509 2002831054 1611229 18780
0b003c01 0b003f01 10000 100 69378 2004464302 10968 9979
0b003b01 0b003501 10000 100 62775 2003800221 688378 17743
0b003c01 0b002501 10000 100 65474 2003549045 940325 22131
0b003801 0b003501 10001 100 27882 2004195451 301674 14818
0b003c01 0b002f01 10000 100 1153532 2003257312 1258882 113353
0b002301 0b002701 10001 100 55952 2004459376 94166 13011
0b000901 0b002701 10000 100 25041 2002732035 1825162 818763
0b000801 0b002301 10001 100 20466 2002431434 2137696 818377
0b003e01 0b002b01 10000 100 75515 2002733933 1854841 22973
0b001d01 0b002001 10000 100 6598 2001847605 2770589 817214
0b001d01 0b002f01 10000 100 38337 2001625519 3004699 819876
0b000101 0b000901 10000 100 77775 2003738758 919870 19001
0b003901 0b003501 10000 100 41190 2004578682 108741 15936
0b000701 0b001101 10000 100 4096735 2000600604 4089610 360111
0b001701 0b003d01 10000 100 1335305 2002543696 2161391 928614
0b003801 0b003101 10000 100 144222 2004675917 31455 24574
0b002a01 0b003101 10000 100 977504 2003321171 1386644 98595
0b001c01 0b001401 10000 100 1718 2004557044 171314 12625
0b003d01 0b000d01 10000 100 5643 2003052609 1683587 817134
0b003c01 0b003f01 10001 100 61827 2004724996 11638 9344
0b000701 0b003d01 10000 100 11593 2002260334 2484108 817633
0b003d01 0b002901 10000 100 18089 2003628625 1121159 18160
0b003901 0b000b01 10000 100 7998 2002662770 2089114 817330
0b003a01 0b002101 10000 100 1706898 2003460506 1295826 159746
0b001c01 0b002c01 10000 100 5314 2002859336 1912682 817108
0b001c01 0b002301 10000 100 1300759 2002211340 2564700 925716
0b002301 0b003b01 10000 100 79147 2003992257 801576 23278
0b002901 0b001401 10000 100 20910 2002928886 1865897 818413
0b001e01 0b003e01 10000 100 5674 2001876500 2935522 817136
0b002101 0b002d01 10000 100 1508 2004817896 16773 12608
0b003c01 0b003401 10000 100 5199139 2003582787 1273046 448379
0b000801 0b002301 10000 100 1223295 2001777853 3078143 919223
0b003201 0b000001 10000 100 2293604 2002389255 2474569 1008957
0b003201 0b000a01 10000 100 430376 2002365472 2509600 852745
0b003201 0b000b01 10000 100 15785 2002625870 2251502 817984
0b000d01 0b003001 10000 100 3005438 2002114409 2767187 1068638
0b000f01 0b001101 10000 100 54 2002209334 2672938 16648
0b001d01 0b000901 10000 100 1047632 2002445921 2454678 104474
0b002001 0b002301 10000 100 28543 2004894370 26234 6554
0b000f01 0b001101 10001 100 6041 2003208293 1721917 17150
0b001d01 0b001501 10000 100 39770 2004806085 132929 15815
0b001501 0b001101 10000 100 187816 2004603452 343663 24067
0b002701 0b002301 10000 100 5480037 2003655642 1315389 467770
0b002301 0b003d01 10000 100 133981 2003095882 1876649 27873
0b002c01 0b002101 10001 100 4895417 2003953576 1030813 422914
0b003e01 0b003301 10001 100 430016 2004463552 523535 48536
0b003b01 0b003601 10000 100 2685634 2003499612 1487995 237644
0b003001 0b001501 10000 100 74384 2003472445 1578789 822898
0b001e01 0b002201 10000 100 8264 2003113984 1977230 817355
0b000b01 0b001f01 10000 100 280063 2002893246 2215568 40124
0b003d01 0b003301 10000 100 10814 2004946476 163416 13387
0b003501 0b003001 10001 100 7454 2005117309 9621 8947
0b001401 0b001201 10000 100 6667511 2003206453 1928314 567326
0b000801 0b003a01 10000 100 592603 2002859250 2277737 866345
0b003301 0b002b01 10000 100 24284 2004433879 704229 18678
0b003701 0b000d01 10002 100 3865542 2002282022 2859906 1140748
0b003a01 0b001301 10000 100 1257890 2002195877 2949106 922121
0b002001 0b002c01 10000 100 73023 2004888187 290873 18606
0b001e01 0b000401 10000 100 37684 2001413551 3804242 19800
0b001001 0b002b01 10000 100 3910904 2000876013 4347042 1144550
0b000901 0b001c01 10000 100 849533 2003325976 1901189 87866
0b000401 0b000201 10000 100 1683036 2004136116 1107218 149429
0b001a01 0b003001 10000 100 70898 2003621523 1625556 822604
0b003e01 0b001501 10000 100 167401 2003006609 2250810 830697
0b001f01 0b000801 10000 100 8004 2002009229 3267786 17314
0b003a01 0b003501 10000 100 14765 2005154762 153393 13718
0b003201 0b002801 10000 100 2105902 2003838559 1483843 193199
0b000801 0b000301 10000 100 524 2004313559 1009422 12525
0b002c01 0b001801 10000 100 674395 2002495129 2838191 873203
0b002f01 0b000401 10000 100 832014 2002647440 2751414 886419
0b003401 0b003c01 10000 100 108 2005397637 12157 12492
0b001b01 0b003301 10000 100 46483 2003225951 2184272 820559
0b003601 0b002901 10000 100 4792409 2003778690 1651996 418437
0b001801 0b001b01 10000 100 1291567 2005238949 199115 112446
0b002701 0b000601 10000 100 72882 2003139972 2318309 822770
0b000901 0b000001 10000 100 27940 2005442003 18321 14822
0b002401 0b001801 10000 100 54533 2002791468 2683451 821233
0b002c01 0b002001 10000 100 58465 2005431289 94662 17383
0b001401 0b001a01 10000 100 32180 2005370770 177475 15181
0b001601 0b001701 10000 100 15259102 2003662359 1911944 1283486
0b003101 0b003501 10000 100 43520 2005591696 12843 11970
0b002901 0b001001 10000 100 2776 2002712595 2925297 816893
0b000c01 0b001601 10000 100 148099 2003200729 2439877 29060
0b002d01 0b003901 10000 100 183271 2003867100 1787368 32008
0b003301 0b003401 10000 100 8073 2005666703 9689 9000
0b003a01 0b003301 10000 100 6092 2005447300 237199 12994
0b003701 0b003301 10001 100 112953 2005653886 33217 17790
0b002901 0b001501 10000 100 601337 2002641216 3055230 867078
0b002701 0b003501 10000 100 67252 2003460807 2252629 22281
0b002401 0b001101 10000 100 1271 2003714623 2046939 816769
0b001901 0b003101 10000 100 6186 2003004452 2789881 817181
0b000401 0b000001 10000 100 23941 2005319657 490174 10327
0b003e01 0b002d01 10000 100 3446 2004000716 1838064 16931
0b001401 0b000c01 10001 100 39795 2004507084 1335911 19977
0b003801 0b001101 10000 100 6203 2002890825 2964253 817183
0b002d01 0b001c01 10000 100 12045 2003683769 2177715 817673
0b001d01 0b000b01 10000 100 64120 2002473569 3417951 22019
0b001801 0b000001 10000 100 12353 2001421473 4473963 17678
0b002001 0b003c01 10000 100 168710 2002164029 3743163 30785
0b003201 0b000501 10000 100 548232 2003124629 2787849 862626
0b000301 0b000101 10001 100 8564 2005948827 5178 4879
0b001b01 0b002a01 10000 100 45024 2003178928 2792679 820438
0b002101 0b002601 10000 100 73950 2005947555 49784 14520
0b000301 0b000901 10000 100 1174999 2004628342 1377307 110991
0b002d01 0b003c01 10000 100 62846 2004449970 1579425 21909
0b001c01 0b001801 10000 100 79118 2005624131 409187 14956
0b002b01 0b002e01 10000 100 7697090 2004098879 1970065 653647
0b002301 0b003101 10001 100 59153 2004551892 1540843 21602
0b002d01 0b002801 10000 100 777043 2005409526 741312 73470
0b000301 0b000a01 10001 100 68521 2006098294 57249 18226
0b001801 0b001c01 10000 100 78 2006147442 8111 8330
0b001d01 0b001a01 10000 100 65156 2006134326 26405 13785
0b003401 0b003b01 10000 100 1699037 2005698329 476797 154930
0b003c01 0b002701 10001 100 7803 2004567574 1611476 17294
0b000b01 0b002501 10000 100 926236 2003193038 3017141 894318
0b000901 0b002301 10000 100 21683 2003929822 2283477 818479
0b001a01 0b001701 10000 100 819147 2006096439 119624 81160
0b003c01 0b003001 10000 100 12995 2006003846 233921 13569
0b002101 0b002201 10000 100 23101 2006234896 6619 6100
0b000701 0b000c01 10000 100 600411 2006094250 157543 62820
0b003301 0b000501 10000 100 47287 2003616044 2638058 820627
0b002101 0b000b01 10000 100 3561 2003985704 2313610 816960
0b001d01 0b003301 10000 100 139751 2003572938 2765274 828377
0b000701 0b000201 10000 100 5334227 2004526325 1824902 455544
0b000101 0b003301 10000 100 7834 2003416919 2971017 817317
0b003d01 0b000701 10000 100 52745 2003668585 2776331 821083
0b001301 0b001101 10000 100 53213 2006435622 10110 8624
0b003001 0b000a01 10000 100 3721 2003000671 3459880 816973
0b000901 0b001d01 10000 100 24076 2003672900 2824438 18662
0b001f01 0b003a01 10000 100 1176 2003906377 2607396 816761
0b002201 0b000401 10000 100 61058 2004246606 2286610 821782
0b002c01 0b003d01 10000 100 2277 2004377861 2165817 16833
0b001f01 0b001201 10000 100 63029 2006332630 235941 17768
0b000201 0b000e01 10000 100 161908 2006380871 223246 26054
0b002501 0b002701 10000 100 3296847 2005239957 1367644 280568
0b000601 0b003601 10000 100 38510 2002512298 4134856 819890
0b001901 0b003901 10000 100 668674 2003574901 3078118 872722
0b000f01 0b002c01 10000 100 6595 2003186722 3491609 817214
0b001b01 0b000a01 10000 100 36668 2002769253 3920936 19715
0b002701 0b002501 10000 100 2721883 2006466690 237776 232363
0b003e01 0b003501 10000 100 45896 2006693382 29834 16328
0b000301 0b000d01 10000 100 90006 2006541900 183988 20029
0b000b01 0b001001 10000 100 24120 2003650019 3117460 18665
0b001f01 0b000101 10000 100 35914 2004150430 2651013 19651
0b000301 0b000901 10001 100 2129442 2006324863 508925 191014
0b001d01 0b001701 10001 100 64466 2006822484 20267 17886
0b003201 0b003701 10000 100 43341 2006809544 46020 11956
0b000a01 0b003701 10000 100 8971 2002986872 3885524 817412
0b003c01 0b001401 10000 100 864517 2004113962 2796077 889142
0b001801 0b001f01 10000 100 21250 2006902424 15119 10104
0b002c01 0b002801 10000 100 6653 2006911688 14142 8879
0b001f01 0b001e01 10000 100 13139 2006941557 8363 5264
0b000001 0b000901 10000 100 101721 2006893402 120392 21009
0b001101 0b002e01 10000 100 23149 2003652612 3373388 818604
0b000c01 0b002201 10000 100 101847 2004521003 2565805 825199
0b002201 0b001001 10000 100 100084 2004608429 2498444 825054
0b001d01 0b000401 10000 100 2065 2004329328 2800702 16816
0b001a01 0b001c01 10000 100 430126 2007090911 76222 44385
0b001e01 0b002d01 10000 100 7910 2003465762 3703993 817323
0b002b01 0b000e01 10000 100 6523 2005088729 2088683 817208
0b000601 0b002b01 10001 100 55584 2004267893 2937590 821321
0b003501 0b002201 10000 100 93700 2005373752 1833121 24496
0b002101 0b000101 10000 100 47555 2004619996 2590204 820648
0b002b01 0b003401 10000 100 8064 2000870734 6365267 17319
0b003301 0b003101 10000 100 75719 2007220022 22768 10509
0b001001 0b001301 10001 100 163530 2007217788 28844 17872
0b002901 0b002801 10001 100 238505 2007241243 41510 24158
0b002801 0b002901 10000 100 1326083 2007055296 264294 115342
0b003701 0b002b01 10000 100 785937 2005533541 1801531 82533
0b000101 0b000701 10000 100 59277 2007184030 199572 13292
0b002801 0b001401 10000 100 116007 2004619937 2788822 826389
0b003701 0b000f01 10000 100 30886 2004049585 3388073 819249
0b000b01 0b003e01 10000 100 18173 2004989581 2473021 818186
0b001101 0b001601 10000 100 171227 2007482055 38098 22678
0b001301 0b001b01 10001 100 3861 2007543301 32194 12804
0b002a01 0b002f01 10000 100 85780 2007556543 22932 15512
0b003f01 0b003801 10001 100 2517 2007186953 403819 8532
0b002901 0b000b01 10001 100 42192 2003751595 3849094 820200
0b003c01 0b002a01 10000 100 11582 2006437553 1191152 17612
0b002301 0b002001 10000 100 100602 2007631775 12560 12596
0b001301 0b001e01 10000 100 198345 2007609186 40147 29111
0b000f01 0b001801 10000 100 7981 2002531148 5165185 17309
0b001c01 0b002f01 10000 100 79934 2004950255 2753732 823361
0b003f01 0b003a01 10000 100 1203971 2007298743 424154 109261
0b001101 0b001201 10000 100 5569611 2007165790 557916 471117
0b000901 0b002f01 10000 100 70284 2005125837 2615392 822555
0b003101 0b001c01 10000 100 28757 2005172642 2589247 819071
0b000901 0b000e01 10000 100 1548731 2007192444 572649 138166
0b003801 0b001e01 10000 100 6076246 2003167075 4602084 1326095
0b002d01 0b003401 10000 100 13904 2002940144 4841669 17806
0b002201 0b002301 10000 100 942800 2007698219 92439 83205
0b001801 0b001b01 10001 100 25166 2007784593 8251 6273
0b000f01 0b001301 10000 100 43092 2004579650 3245881 20256
0b002101 0b001101 10000 100 1299209 2003256390 4570938 925588
0b003a01 0b002d01 10000 100 183279 2004743246 3130339 32008
0b000701 0b001201 10000 100 27515 2004133987 3742580 18948
0b003b01 0b002e01 10000 100 1843 2006492232 1391117 16795
0b000e01 0b002001 10000 100 3952729 2002376771 5533572 1148057
0b002901 0b003601 10000 100 8997 2006465541 1519179 17394
0b002501 0b000b01 10000 100 238815 2004632675 3352593 836682
0b002701 0b001101 10000 100 13546 2004175753 3810046 817797
0b003a01 0b000301 10000 100 58062 2004167960 3818017 821531
0b002d01 0b002f01 10000 100 2206 2007987192 4364 4348
0b001b01 0b002c01 10000 100 36122 2005037971 2987341 819691
0b000501 0b000201 10000 100 9255 2007965517 79231 9098
0b003a01 0b003501 10001 100 988 2007501965 547863 12562
0b000201 0b001001 10000 100 29487 2005065250 3010652 19114
0b003b01 0b000e01 10000 100 57140 2005286528 2789696 821453
0b000d01 0b003301 10000 100 34630 2003714337 4387997 819564
0b001f01 0b001001 10000 100 23530 2007846384 263764 14454
0b000801 0b000b01 10000 100 3538158 2007799231 333806 300802
0b000001 0b000601 10000 100 3713733 2007028889 1110117 319680
0b002f01 0b002401 10000 100 64202 2007759711 420734 17865
0b001601 0b001901 10000 100 15751 2008169627 52366 13801
0b003401 0b001901 10000 100 960951 2003421513 4838323 897226
0b003e01 0b002e01 10000 100 28095 2004750050 3526786 18998
0b003001 0b001501 10001 100 177198 2004257389 4032794 831519
0b000f01 0b002a01 10000 100 9789 2005210657 3117067 817481
0b002301 0b001b01 10001 100 9040 2004668206 3670128 817421
0b001c01 0b001e01 10000 100 28684 2008334216 6503 6566
0b003b01 0b003d01 10000 100 61979 2008131935 214524 13516
0b000b01 0b000401 10000 100 21229 2007346191 1032622 14262
0b000201 0b000701 10000 100 5092954 2007009619 1402034 435313
0b000701 0b002601 10000 100 131860 2003471051 4962613 827715
0b001a01 0b001001 10000 100 28005 2008490429 16239 14831
0b003601 0b003501 10000 100 17850 2008512850 16477 5657
0b003001 0b001e01 10000 100 22460 2005685957 2861886 818545
0b001301 0b001601 10001 100 3043637 2008130222 502895 263499
0b001701 0b003701 10000 100 7740 2004930996 3705687 817309
0b002f01 0b003201 10000 100 73066 2006726630 1952740 22769
0b000601 0b000201 10000 100 78860 2008663959 16718 14932
0b003f01 0b000801 10000 100 884407 2003974675 4711189 890810
0b000b01 0b001501 10000 100 327 2006708521 2035279 16670
0b000001 0b000101 10000 100 58208 2008737942 9402 9043
0b001901 0b003201 10000 100 567259 2004856927 3896837 864221
0b003e01 0b001901 10000 100 65164 2004444245 4338220 822126
0b000b01 0b000d01 10000 100 9550 2008732093 54553 9122
0b000001 0b000501 10000 100 168911 2008754522 42693 22481
0b001001 0b000201 10000 100 16650 2005756499 3043712 18037
0b001001 0b003d01 10000 100 112357 2004178947 4706920 826082
0b003801 0b000701 10000 100 24255 2004444966 4459979 818696
0b002301 0b001f01 10000 100 2008918 2005047683 3897571 985088
0b003d01 0b000d01 10001 100 28071 2006023405 2953045 819017
0b003001 0b002301 10000 100 25357 2005801490 3237418 18768
0b002e01 0b001501 10000 100 1692307 2003962562 5121031 958545
0b003d01 0b003c01 10000 100 87678 2009113907 13162 11512
0b001201 0b001701 10000 100 28421 2009126592 10890 10705
0b002a01 0b001201 10000 100 2031 2006389844 2755521 816834
0b002d01 0b002201 10000 100 34732 2008644143 517786 15392
0b001301 0b000f01 10000 100 32587 2006576308 2607595 19373
0b001a01 0b001601 10000 100 159 2009198605 76484 12496
0b000301 0b001101 10000 100 10484 2005781095 3514143 17520
0b001601 0b001701 10001 100 66728 2009280679 15877 9755
0b003b01 0b003901 10000 100 30044 2009292762 9433 6682
0b000701 0b002a01 10000 100 72448 2003548078 5775632 822736
0b003401 0b001e01 10000 100 20101 2004912199 4414041 818348
0b001601 0b001e01 10001 100 24088 2009086361 249595 14503
0b003b01 0b003e01 10000 100 1163621 2009281865 131978 105879
0b002a01 0b000701 10001 100 9371 2006335071 3083933 817448
0b001201 0b003b01 10000 100 7802 2006156636 3307969 817314
0b000701 0b000d01 10000 100 1103285 2005671605 3795480 104982
0b002d01 0b002301 10000 100 34541 2008063701 1409169 15377
0b003e01 0b003c01 10000 100 7223 2009518154 4777 4768
0b001001 0b000b01 10000 100 46489 2006548019 2975933 20539
0b000c01 0b001e01 10000 100 208641 2005847972 3677435 34133
0b001101 0b000501 10000 100 65858 2003109965 6438453 22162
0b001501 0b002101 10000 100 38176 2007173122 2403124 819863
0b001701 0b000a01 10000 100 43408 2006039750 3559075 20281
0b001101 0b003c01 10000 100 25505 2004728773 4884525 818800
0b002d01 0b003801 10000 100 41761 2006468477 3200957 20142
0b002101 0b002d01 10001 100 351285 2009140450 529060 41934
0b000901 0b001201 10000 100 32945 2007687403 2015083 19402
0b003601 0b002f01 10000 100 9199 2005505435 4200820 17414
0b001401 0b003801 10000 100 1184287 2006293601 3538833 915953
0b003d01 0b001f01 10000 100 33019 2006698163 3141255 819432
0b002901 0b000901 10000 100 20922 2005668647 4183767 818414
0b002a01 0b002c01 10000 100 416 2009372048 495099 8357
0b002101 0b002601 10001 100 21179 2009458975 421713 10098
0b001401 0b002b01 10000 100 610039 2005334539 4547175 867809
0b002001 0b001701 10000 100 691382 2005895316 4028456 874627
0b002101 0b003001 10000 100 6004 2006269238 3669486 17147
0b001001 0b002a01 10000 100 8042 2005482465 4500650 817337
0b002701 0b003a01 10001 100 36681 2006338454 3676987 19716
0b001001 0b002601 10001 100 3093 2007548921 2466967 816922
0b001201 0b000a01 10000 100 9409 2005650168 4381988 17431
0b000a01 0b000901 10000 100 4201 2010045477 5085 4515
0b001001 0b003a01 10001 100 27797 2007286754 2764606 818991
0b001b01 0b001201 10000 100 24513 2008603889 1510256 14537
0b001c01 0b001301 10000 100 1389723 2009113578 1053475 128995
0b001901 0b002101 10000 100 53508 2006888215 3324650 821148
0b001b01 0b001801 10000 100 3497 2010240256 4432 4455
0b001a01 0b000401 10000 100 473845 2005545386 4700968 56367
0b003501 0b000101 10001 100 105758 2004459173 5797349 825527
0b003c01 0b003101 10000 100 6586195 2009107241 1151333 564669
0b002701 0b001401 10000 100 62435 2007610794 2671574 821896
0b000901 0b000e01 10001 100 1085300 2009255646 1028014 99314
0b001801 0b003901 10000 100 2487 2007199454 3095805 816870
0b002001 0b000f01 10000 100 1907331 2004442107 5862332 976573
0b002b01 0b000a01 10001 100 5687 2005922985 4384095 817138
0b001801 0b003301 10002 100 3284 2005031935 5281399 816938
0b003901 0b003001 10000 100 36744 2010303518 18216 15561
0b000201 0b001901 10000 100 710945 2006416237 3922431 76245
0b000f01 0b002401 10001 100 74173 2006375629 3983489 822881
0b001e01 0b000c01 10000 100 72320 2008454154 1941928 22705
0b003f01 0b000001 10001 100 16005 2007025560 3388869 818005
0b000b01 0b002201 10000 100 62798 2005439355 4994901 821925
0b002801 0b002b01 10000 100 4158 2010430578 4781 4511
0b002201 0b003101 10000 100 23679 2006894836 3560465 18626
0b001701 0b002801 10000 100 32908 2002604321 7856484 819419
0b003101 0b003701 10000 100 28023 2010471272 12525 10673
0b001401 0b000f01 10000 100 33621 2008798372 1687021 19460
0b003a01 0b001d01 10000 100 446 2006051122 4447688 816699
0b001301 0b001c01 10000 100 125606 2010460369 70592 23012
0b001c01 0b002901 10000 100 133530 2006358425 4181448 827856
0b001601 0b002401 10001 100 28474 2007243556 3296561 819049
0b000201 0b000001 10000 100 213037 2010526755 25585 22024
0b001a01 0b001b01 10000 100 2069526 2010414367 185200 177670
0b003801 0b002c01 10000 100 760749 2006597686 4016584 80422
0b003401 0b003a01 10000 100 19361 2009936551 686435 14105
0b003e01 0b001001 10000 100 58178 2007120656 3521807 821540
0b001501 0b003501 10000 100 27910 2002110925 8550825 819000
0b000901 0b000f01 10000 100 53500 2009807116 871416 12807
0b001c01 0b003701 10000 100 39643 2006455357 4254595 819985
0b003d01 0b001901 10000 100 63906 2007188219 3532746 822018
0b002801 0b003101 10000 100 18677 2006788939 3933718 18207
0b001701 0b002f01 10000 100 57058 2002223070 8500255 821447
0b001501 0b003d01 10000 100 30725 2003416778 7325732 819237
0b003301 0b000501 10001 100 22981 2005484664 5264881 818586
0b001001 0b003801 10000 100 55930 2003360180 7416581 821349
0b000601 0b003c01 10001 100 1332986 2005871609 4916053 928417
0b001101 0b002901 10001 100 24435 2002772671 8040659 818710
0b001a01 0b001e01 10000 100 68531 2010794806 18566 14067
0b001901 0b001001 10000 100 74056 2010667529 179349 18692
0b001801 0b003701 10000 100 24248 2006622929 4249013 818695
0b002e01 0b000a01 10001 100 157715 2006475855 4396485 829883
0b001c01 0b002301 10001 100 70751 2004192725 6682048 822592
0b000201 0b002801 10000 100 174916 2005486465 5419180 831325
0b003401 0b001901 10001 100 26168 2005893094 5048115 818857
0b002601 0b001701 10000 100 995 2008173879 2796263 816743
0b003b01 0b002c01 10001 100 1947987 2005145889 5830289 179959
0b000c01 0b002701 10002 100 5374 2005829702 5155452 817112
0b001001 0b002801 10000 100 54879 2004268944 6726339 821261
0b002001 0b002601 10000 100 1366827 2010339699 669912 122915
0b001e01 0b002e01 10000 100 53950 2002440856 8573678 821183
0b001301 0b001001 10000 100 67907 2011033691 27721 9853
0b002c01 0b002e01 10000 100 7111 2011070334 5943 4759
0b001a01 0b003801 10000 100 953795 2007887989 3204570 896626
0b000901 0b000101 10001 100 38317 2011092817 30948 15695
0b000d01 0b000f01 10000 100 61267 2011146929 20914 9299
0b000f01 0b001401 10001 100 1629170 2005705553 5483941 153232
0b001601 0b001001 10000 100 4041164 2009671088 1530717 347134
0b001201 0b001e01 10000 100 682492 2011008159 200069 69702
0b002e01 0b002d01 10000 100 1710686 2011093658 152551 147585
0b000501 0b001e01 10000 100 25228 2005803366 5444671 18758
0b001101 0b002d01 10000 100 24899 2007110461 4186110 818747
0b003101 0b001001 10000 100 2212010 2006138945 5181946 1002118
0b003f01 0b003e01 10001 100 5922719 2010745764 586861 500721
0b000d01 0b001701 10000 100 67525 2006478947 4875737 22303
0b002d01 0b000e01 10000 100 27310 2004775165 6586159 818952
0b002d01 0b000e01 10001 100 21637 2006734268 4651836 818475
0b001001 0b000801 10000 100 7402 2007883558 3516871 17262
0b001e01 0b003e01 10001 100 48822 2008208622 3200295 820753
0b001301 0b000401 10001 100 76377 2007118637 4295486 23045
0b001801 0b000401 10000 100 432458 2007007640 4415279 52899
0b001001 0b001201 10000 100 4194293 2011069227 399727 355812
0b003001 0b003a01 10001 100 13806 2011102842 391655 13638
0b001201 0b001701 10001 100 2428066 2010396549 1157312 211892
0b002f01 0b003201 10001 100 2405 2007485430 4072012 16843
0b003f01 0b000001 10000 100 6864182 2004019228 7541489 1392156
0b000e01 0b002101 10000 100 60763 2006234431 5327827 821755
0b000b01 0b001a01 10002 100 2235 2009425063 2138401 16830
0b000d01 0b001601 10000 100 8100 2006657538 4932299 17322
0b003a01 0b000501 10000 100 1867711 2004656832 6949491 973250
0b000d01 0b002101 10000 100 4155589 2000706725 10938685 1165066
0b003f01 0b000b01 10000 100 29464 2004700768 6953318 819132
0b001201 0b003001 10000 100 126719 2001550148 10150450 827285
0b003701 0b000f01 10001 100 56022 2007054973 4658061 821360
0b003301 0b001301 10000 100 1827817 2006569357 5182333 969904
0b002e01 0b001701 10000 100 29825 2006849759 4908102 819161
0b000a01 0b000801 10000 100 28575 2011762281 6994 6557
0b002201 0b002301 10001 100 21382 2011782424 8611 5955
0b002301 0b002201 10000 100 921828 2011665670 136648 81446
0b002801 0b000701 10000 100 616066 2005249737 6569806 868314
0b001d01 0b000401 10001 100 153 2009419156 2430386 16656
0b003f01 0b001c01 10000 100 23377 2007260533 4597107 818622
0b002b01 0b003901 10000 100 58058 2006520231 5344363 21511
0b001601 0b000901 10002 100 1291369 2008066106 3839288 124910
0b001301 0b001701 10000 100 53677 2010801154 1107511 12821
0b001201 0b002a01 10000 100 71969 2007826071 4086395 822694
0b003c01 0b001301 10000 100 92538 2006445509 5499536 824420
0b002b01 0b000201 10000 100 2361569 2000655864 11295891 1014655
0b002301 0b002001 10001 100 72119 2011950501 10281 10209
0b001d01 0b001a01 10001 100 991403 2011684418 311970 91441
0b001701 0b000401 10000 100 73666 2009532644 2472119 22817
0b001201 0b003901 10001 100 15855 2002370153 9644818 817989
0b001e01 0b002001 10000 100 342383 2008857074 3168891 845367
0b003b01 0b003201 10000 100 27253 2011759672 281182 14767
0b001b01 0b003a01 10001 100 25974 2007738575 4303714 818837
0b003801 0b000001 10000 100 997924 2005223589 6831062 900326
0b001d01 0b001901 10000 100 54556 2011942032 123084 12895
0b003401 0b001501 10000 100 10336 2007087300 4978404 817529
0b001501 0b000801 10000 100 51565 2008453236 3617505 20964
0b002801 0b001601 10000 100 81719 2006560555 5513796 823512
0b001801 0b001901 10000 100 24115 2012084499 6494 6185
0b001c01 0b002901 10001 100 332 2007960755 4155250 816690
0b001701 0b001401 10001 100 1063803 2012045490 103503 93350
0b000d01 0b000001 10001 100 1663533 2010216828 1932369 151952
0b002301 0b001901 10001 100 26769 2007786546 4380872 818905
0b003f01 0b001901 10000 100 20284 2006735330 5457766 818363
0b003501 0b001101 10000 100 1427886 2007236559 4958421 936374
0b000a01 0b002d01 10000 100 70676 2006072461 6135941 822586
0b003301 0b000301 10000 100 73141 2006437800 5780845 822795
0b003701 0b001301 10000 100 20911 2006776363 5442601 818413
0b002b01 0b002101 10000 100 33029 2010584979 1687248 15252
0b002101 0b002301 10001 100 7788 2012339085 5251 4813
0b002401 0b002601 10000 100 4719362 2011712037 639315 399833
0b001301 0b003201 10000 100 65440 2007742762 4645519 822148
0b000b01 0b001501 10001 100 1670693 2007604289 4804818 156712
0b003501 0b001e01 10000 100 26346 2007196678 5245970 818871
0b003901 0b001701 10000 100 75534 2007046605 5455664 822994
0b002c01 0b000001 10001 100 25559 2007372334 5137728 818804
0b002f01 0b002d01 10000 100 4237 2012518963 4579 4518
0b003601 0b000101 10000 100 5136 2006381676 6151041 817093
0b001801 0b001a01 10000 100 56707 2012545483 10457 8915
0b001501 0b000c01 10001 100 36395 2008346399 4252623 19693
0b001001 0b002e01 10000 100 686095 2004104829 8506030 874185
0b001201 0b001301 10000 100 1060 2012636821 8692 4252
0b003d01 0b003801 10000 100 51251 2012524079 127058 12619
0b003801 0b001801 10001 100 1763653 2008363840 4347883 964526
0b000b01 0b002101 10000 100 39370 2006879924 5883510 819963
0b000c01 0b001f01 10000 100 21716 2007511555 5299401 18461
0b000c01 0b003801 10000 100 2033 2007771584 5067685 816834
0b001801 0b000e01 10000 100 49546 2007378817 5468311 20795
0b001001 0b003701 10000 100 26265 2003162361 9719247 818864
0b002601 0b001001 10000 100 81370 2008227873 4711170 823484
0b003f01 0b001701 10000 100 26956 2008594399 4355732 818920
0b001401 0b001301 10000 100 81032 2011458708 1495957 15117
0b003001 0b003101 10000 100 7834 2012953582 5050 4817
0b003101 0b002501 10000 100 967528 2006969159 6019961 97759
0b003201 0b000a01 10001 100 39498 2006829849 6173674 819973
0b000f01 0b000a01 10000 100 50789 2009042254 3982585 12578
0b000a01 0b000701 10000 100 182457 2012433836 602223 27779
0b001c01 0b003901 10001 100 71187 2008127792 4935009 822631
0b000801 0b001601 10000 100 37271 2009396060 3697230 19767
0b003401 0b000a01 10000 100 378470 2008739547 4442384 848392
0b000701 0b001201 10001 100 22607 2008755648 4489304 18536
0b001601 0b000b01 10000 100 44880 2009479715 3794416 20403
0b003d01 0b001d01 10000 100 146 2008107895 5168185 816675
0b000301 0b000501 10000 100 123842 2012157297 1120851 18703
0b003301 0b003701 10000 100 844086 2012102828 1202573 79091
0b002f01 0b000001 10000 100 48710 2006900992 6443482 820744
0b003b01 0b000801 10000 100 40072 2008843553 4551200 820023
0b003a01 0b000c01 10000 100 31881 2008702056 4757896 819333
0b003d01 0b001001 10000 100 6826 2009618641 3871343 817232
0b003801 0b001201 10000 100 1460649 2006107466 7384222 939122
0b003c01 0b001101 10001 100 32411 2009487483 4051494 819379
0b000501 0b003801 10000 100 37370 2008646097 5019969 819795
0b000d01 0b003101 10001 100 37207 2008027198 5641022 819782
0b001001 0b001501 10000 100 86972 2013365402 303378 15611
0b000e01 0b000c01 10000 100 1052329 2013564650 125720 92389
0b002c01 0b000301 10000 100 39262 2007067328 6689530 819954
0b000801 0b003f01 10001 100 43028 2008297368 5487814 820271
0b002c01 0b002301 10000 100 133723 2010687326 3098759 23692
0b003301 0b002601 10000 100 2124 2008176865 5637510 16821
0b001601 0b001201 10000 100 37683 2012460415 1370375 11480
0b001e01 0b001901 10000 100 24387 2013149560 704115 10366
0b000c01 0b001d01 10000 100 31371 2005296314 8566194 19272
0b000701 0b003701 10000 100 9169 2005832150 8049937 817431
0b000001 0b000501 10001 100 29817 2012939060 957898 10820
0b002501 0b000701 10000 100 9889 2006746113 7171807 817489
0b003b01 0b001c01 10001 100 236961 2009194132 4734232 836526
0b002b01 0b003201 10000 100 4478 2009036792 4925768 17017
0b000e01 0b003b01 10001 100 23334 2008634761 5352207 818618
0b001a01 0b001f01 10001 100 15778 2013839909 153213 9643
0b000001 0b003701 10000 100 402827 2008373263 5620201 850433
0b001a01 0b001f01 10000 100 23270 2013675886 320154 10273
0b000b01 0b000d01 10002 100 631623 2013398710 647888 61276
0b000d01 0b001701 10001 100 154329 2010000836 4046638 29581
0b000501 0b000701 10000 100 8535 2014082016 4894 4877
0b003b01 0b000101 10000 100 68364 2008713697 5410011 822394
0b000101 0b000201 10000 100 1615 2014138652 4662 4296
0b000901 0b002e01 10000 100 10228 2009266494 4882627 817520
0b000401 0b002b01 10000 100 150154 2004683256 9479365 829252
0b001e01 0b002801 10000 100 64551 2009784135 4404594 822073
0b001701 0b001e01 10000 100 8321029 2012858887 1349010 710118
0b003b01 0b003c01 10000 100 1680 2013049166 1185656 8462
0b003901 0b000201 10000 100 4631 2005605464 8641698 817049
0b001b01 0b000f01 10000 100 6026 2009552413 4729526 17148
0b000a01 0b003c01 10000 100 29263 2002672206 11745331 819116
0b000201 0b000e01 10001 100 69959 2012801146 1632885 18345
0b002201 0b002d01 10000 100 1548260 2013511348 960363 142288
0b000201 0b003801 10002 100 69729 2008989662 5532704 822507
0b000b01 0b003901 10001 100 26743 2007719760 6809703 818903
0b003101 0b001d01 10000 100 3022 2011319727 3280447 816917
0b000401 0b003f01 10000 100 3264 2008362636 6339571 816936
0b001201 0b001101 10000 100 26243 2014709004 7542 6363
0b001e01 0b003901 10000 100 345883 2008153260 6588863 845659
0b003f01 0b003d01 10000 100 40737 2014759307 11563 7576
0b000b01 0b003301 10000 100 744 2007944032 6883219 816723
0b003e01 0b003901 10000 100 79951 2013955634 879424 15023
0b003b01 0b003a01 10000 100 2595 2014911810 4394 4379
0b003b01 0b000101 10001 100 126835 2009002039 5940970 827294
0b001301 0b002c01 10000 100 11450 2008854288 6113141 817622
0b003301 0b002f01 10001 100 2655 2008552361 6447508 16863
0b000201 0b000001 10001 100 60460 2014993005 10013 9231
0b002701 0b002301 10001 100 30905 2014555273 468946 10911
0b000301 0b000b01 10000 100 1455 2014049245 1005108 12604
0b003b01 0b001d01 10000 100 180524 2011176643 3893267 831796
0b001201 0b002801 10000 100 70499 2001078886 14032717 822572
0b001d01 0b003601 10000 100 6259 2010966041 4168990 817187
0b001c01 0b000401 10000 100 1033893 2005887260 9265459 103322
0b003601 0b003901 10000 100 121 2014414379 760718 12493
0b001c01 0b002d01 10000 100 51275 2005137705 10043724 820961
0b002201 0b000501 10000 100 20812 2002713042 12601005 818405
0b000a01 0b001d01 10000 100 77232 2007233156 8119423 23118
0b000501 0b000301 10000 100 1930 2014133992 1227213 8482
0b003b01 0b003d01 10001 100 22595 2014522143 854059 10215
0b003f01 0b002101 10001 100 73494 2009140540 6297590 22803
0b000b01 0b001a01 10001 100 29017 2009399876 6044082 19076
0b002201 0b002601 10000 100 1573621 2014432300 1124470 140253
0b001101 0b000d01 10002 100 7181 2011377498 4188510 17245
0b000501 0b001801 10000 100 3683 2012134046 3445020 16950
0b001f01 0b001c01 10000 100 468973 2015464598 141303 43478
0b003e01 0b003801 10001 100 57567 2015216950 394421 13148
0b000401 0b000b01 10000 100 66153 2015497431 184282 18029
0b003d01 0b001601 10000 100 163246 2011974968 3744220 830349
0b002f01 0b001f01 10000 100 48734 2010677556 5053028 820746
0b003801 0b002601 10002 100 17995 2008709191 7023821 18148
0b000901 0b003c01 10000 100 79098 2009552456 6266172 823295
0b000701 0b002001 10000 100 24600 2009648132 6230652 818724
0b000901 0b001001 10000 100 1722031 2011404773 4533044 161018
0b001201 0b001601 10000 100 47005 2015886072 108096 12264
0b003501 0b002401 10000 100 9527 2012811165 3226154 17440
0b000201 0b000401 10001 100 6441 2015837014 336947 8862
0b002001 0b000001 10000 100 265213 2011257285 4918489 838898
0b003d01 0b000401 10000 100 2999 2010985557 5214562 816911
0b001001 0b001301 10002 100 7784 2016213791 4993 4813
0b001001 0b001f01 10000 100 501478 2016078262 153911 54525
0b002001 0b003601 10000 100 3007 2012646487 3606095 16895
0b002c01 0b002a01 10000 100 78589 2016252831 36219 14910
0b003901 0b000201 10001 100 873060 2009919394 6408957 889860
0b000e01 0b002801 10000 100 25240 2004297156 12053196 818779
0b000e01 0b003301 10001 100 49999 2009927139 6468044 820851
0b000a01 0b000c01 10000 100 39108 2015371444 1107824 11602
0b003901 0b001501 10000 100 10398 2011220311 5271292 817534
0b000201 0b000401 10000 100 26876 2015587732 959724 10573
0b000a01 0b000d01 10000 100 4719975 2015388966 1200252 404042
0b001b01 0b001901 10000 100 1555 2016680170 4300 4292
0b001001 0b003401 10001 100 1935 2011085070 5601374 816822
0b000b01 0b000001 10000 100 39718 2016034949 764088 15811
0b003d01 0b000f01 10000 100 978160 2005797901 11037237 898672
0b001901 0b003601 10001 100 1966 2011585261 5388550 816824
0b000001 0b000601 10001 100 2911303 2014336606 2647120 252406
0b003001 0b001e01 10001 100 6336 2012099767 4893762 817193
0b002401 0b003901 10001 100 28281 2012015583 4995655 19013
0b000901 0b000201 10000 100 694 2015861124 1210409 12539
0b002601 0b001c01 10000 100 43362 2011872059 5303212 820297
0b000f01 0b000a01 10001 100 11326 2016485981 775697 9272
0b003d01 0b003401 10001 100 7160 2016731955 583408 13083
0b000c01 0b001701 10000 100 27925 2009062784 8468775 18981
0b003301 0b001501 10001 100 8233 2012643478 4891003 817353
0b003201 0b001301 10000 100 1139779 2011455835 6079654 912219
0b000201 0b003d01 10000 100 1011 2010644762 6920593 816748
0b002001 0b002501 10000 100 75334 2017046559 526252 14638
0b003901 0b003801 10000 100 10333 2017586588 7611 5028
0b002401 0b000501 10000 100 271074 2012096162 5533859 839390
0b002701 0b003e01 10000 100 147749 2012250388 5392165 29028
0b003801 0b003d01 10000 100 7405 2017174643 515397 8943
0b001001 0b002701 10000 100 1182084 2010617644 7137632 915769
0b001501 0b001101 10001 100 63077 2017267819 504245 13611
0b002c01 0b000101 10000 100 1485 2012656064 5153491 816786
0b001501 0b001201 10000 100 36658 2016024718 1792739 11394
0b003701 0b001c01 10000 100 6097 2013894119 3953722 817174
0b001901 0b000f01 10001 100 15391 2008559436 9357065 17932
0b001c01 0b001f01 10000 100 861709 2017854019 81722 76406
0b002801 0b000301 10000 100 43631 2010854205 7123750 820319
0b003801 0b003101 10001 100 7666 2017294151 687156 13124
0b003801 0b000701 10001 100 1125515 2007423755 10573460 911025
0b002701 0b002001 10002 100 1570468 2016279487 1863778 139990
0b001601 0b000b01 10001 100 1133 2014489320 3688864 16738
0b003e01 0b003301 10002 100 18355 2018163797 37882 14021
0b001901 0b001e01 10000 100 264 2017086257 1124923 8344
0b000c01 0b001b01 10000 100 37563 2014111960 4107464 19790
0b001901 0b001201 10002 100 123012 2016969571 1268535 22797
0b003a01 0b003b01 10000 100 10633889 2015643439 2670834 895705
0b003d01 0b001b01 10000 100 9678 2012503924 5827804 817472
0b003501 0b002a01 10000 100 192712 2013276569 5067629 32798
0b001a01 0b001f01 10002 100 49718 2018307567 62492 12489
0b001601 0b003701 10000 100 729 2010481897 7911595 816722
0b000201 0b003d01 10001 100 57435 2013136643 5306493 821477
0b002801 0b002d01 10000 100 64260 2017224365 1425312 13710
0b002e01 0b000c01 10001 100 385597 2013973063 4714200 848990
0b003e01 0b001801 10001 100 4978 2014502703 4220400 817077
0b003901 0b003f01 10000 100 7561108 2015629064 3107477 642246
0b001801 0b001f01 10001 100 16691 2018791701 11388 9720
0b000b01 0b002c01 10001 100 196910 2014720592 4108628 833169
0b002b01 0b001d01 10001 100 273220 2010834283 8026986 839569
0b002c01 0b002601 10001 100 3626 2016846173 2055361 12785
0b000e01 0b000a01 10000 100 30605 2017784856 1184436 10887
0b003801 0b003f01 10000 100 1198378 2018254891 741601 108794
0b000901 0b002b01 10000 100 9807 2012506333 6515216 817482
0b000f01 0b000801 10000 100 2223631 2017668362 1388948 194750
0b001f01 0b002801 10000 100 37942 2016554188 2569524 819841
0b003b01 0b000a01 10000 100 234460 2005393108 13759616 836319
0b003a01 0b003e01 10000 100 45300 2018506715 679610 12120
0b000a01 0b000901 10001 100 1926771 2018987966 344778 165701
0b003101 0b003601 10000 100 8117 2018699649 654773 9003
0b001401 0b001501 10000 100 74545 2019387861 26333 10411
0b002801 0b002b01 10001 100 28299 2019487468 12028 6535
0b001501 0b000a01 10000 100 77777 2015846703 3740777 23161
0b002c01 0b002201 10000 100 1214918 2019048719 621916 114339
0b000e01 0b000001 10002 100 5849 2018963385 791947 12970
0b003301 0b003201 10000 100 70022 2019727572 33956 10034
0b000e01 0b001201 10000 100 62522 2014311724 5640870 21883
0b000801 0b000f01 10002 100 61515 2018134363 1844053 13479
0b001d01 0b000201 10003 100 64048 2016349575 3643433 22013
0b003801 0b003201 10000 100 4295 2019662750 333406 12842
0b003f01 0b001d01 10000 100 141732 2016965357 3064389 828543
0b001901 0b001f01 10000 100 7635349 2018033235 2029851 648470
0b002a01 0b003201 10001 100 51811 2016242628 3931546 20984
0b001901 0b001101 10000 100 3374 2018727489 1541074 12765
0b000a01 0b002301 10000 100 9524 2016277137 3997840 817460
0b000b01 0b000e01 10000 100 9049 2019935001 360122 9082
0b003201 0b001101 10000 100 844746 2012501526 7834107 887484
0b001901 0b000a01 10001 100 12727 2016337189 4031282 17708
0b001501 0b000001 10001 100 26357 2014453050 5956923 18852
0b003e01 0b003901 10001 100 50607 2020023988 422930 12564
0b003a01 0b003f01 10000 100 20107 2019691268 760379 10009
0b002d01 0b002a01 10000 100 28692 2019577164 878340 10726
0b000201 0b000701 10001 100 1229522 2018903678 1591567 111404
0b000201 0b000801 10002 100 20307 2020140679 507246 14185
0b001101 0b001501 10000 100 1451 2019354916 1300710 8443
0b001701 0b001201 10000 100 179093 2019495094 1177718 23338
0b003e01 0b000a01 10000 100 21168 2010032702 10739712 818437
0b001d01 0b001e01 10001 100 54938 2020901106 21849 8766
0b001501 0b003a01 10000 100 78744 2017354354 3626836 823262
0b001a01 0b000401 10001 100 67295 2007341333 13681177 22284
0b001f01 0b002c01 10000 100 868 2015433242 5599053 816733
0b000901 0b000201 10002 100 5738593 2019846087 1199222 493605
0b001b01 0b002b01 10000 100 111949 2015122272 5989575 826046
0b000801 0b000e01 10000 100 634804 2020603304 517895 61542
0b000801 0b003001 10000 100 35140 2013637285 7514545 819609
0b000201 0b002901 10000 100 17919 2004269026 17200216 818162
0b001601 0b002f01 10001 100 3855 2016225427 5376603 816983
0b002b01 0b003f01 10001 100 21060 2017697410 3909363 18409
0b001401 0b001701 10000 100 2426 2021799822 4702 4365
0b000c01 0b001401 10000 100 6981 2016159782 5672376 17225
0b000c01 0b000a01 10002 100 2774 2021448685 530705 8553
0b001701 0b001401 10002 100 1403031 2021851215 147019 121793
0b001401 0b001601 10000 100 2709856 2021318293 703462 231354
0b003301 0b001101 10000 100 23342 2017819150 4226363 818619
0b001201 0b001001 10000 100 4092562 2021667798 467443 347282
0b000f01 0b000a01 10002 100 94776 2018746707 3429044 16266
0b000801 0b000c01 10000 100 2461223 2021654786 583579 214671
0b000001 0b000401 10000 100 152936 2021986603 312214 21142
0b001b01 0b000e01 10000 100 16491 2016820507 5520708 18024
0b003f01 0b000201 10000 100 79570 2010314026 12056662 823332
0b000f01 0b000901 10000 100 348991 2020867926 1640049 37579
0b002f01 0b000901 10001 100 10008 2010171361 12590509 817502
0b000801 0b000c01 10001 100 48513 2022221039 563477 12389
0b001701 0b001301 10000 100 59580 2022231133 602048 13316
0b000a01 0b003801 10000 100 16 2017320643 5620162 816665
0b000001 0b000601 10002 100 30867 2021441219 1543423 10908
0b003f01 0b001e01 10000 100 1840 2014478630 8561688 816814
0b000501 0b003901 10000 100 3960 2013468345 9723008 816992
0b001b01 0b001d01 10000 100 71874 2021961419 1249633 14346
0b000e01 0b002701 10000 100 3381 2010788935 12565834 816945
0b001301 0b001101 10002 100 115205 2023446713 15603 13821
0b002f01 0b002c01 10000 100 7754452 2022007454 1532791 654295
0b001801 0b001e01 10000 100 87089 2021275319 2375957 15625
0b003a01 0b000c01 10001 100 1584 2016892717 6778192 816794
0b003401 0b003701 10001 100 16033 2023750467 7509 5507
0b001501 0b001401 10001 100 17126 2023722788 53036 5599
0b000a01 0b001101 10001 100 65080 2010695836 13136710 22099
0b001701 0b003001 10000 100 2141 2001769100 22064007 816842
0b002b01 0b002601 10000 100 10878 2021356889 2578034 13392
0b002b01 0b002e01 10001 100 227 2023015761 1169441 8342
0b003901 0b000601 10000 100 28871 2013797797 10395103 819081
0b001201 0b001c01 10001 100 2016 2023559472 651880 12652
0b001001 0b003601 10000 100 1068 2015068659 9180493 816753
0b000a01 0b000c01 10001 100 155460 2023794301 480773 21355
0b001501 0b001301 10001 100 2046 2021872453 2449859 8495
0b001c01 0b001e01 10001 100 52094 2024411660 12911 8531
0b001601 0b002c01 10000 100 6721549 2000199926 24267957 1380196
0b000601 0b000701 10001 100 2045496 2024140602 327744 175656
0b000e01 0b000a01 10001 100 68777 2024086022 446250 14087
0b002a01 0b002601 10001 100 822678 2023551431 1039483 81454
0b000c01 0b000a01 10001 100 45640 2019159471 5461737 12147
0b002b01 0b002401 10000 100 69304 2023800685 891857 18293
0b002801 0b002601 10002 100 2319 2023592723 1202447 12677
0b000101 0b000001 10000 100 70564 2024809026 49790 10077
0b002801 0b002701 10003 100 830527 2022038434 3140263 82113
0b001d01 0b001001 10000 100 4215 2024034826 1153234 12836
0b000901 0b001701 10000 100 112385 2021489882 3700787 26064
0b002f01 0b002501 10002 100 63932 2013259709 11951869 17840
0b000601 0b000201 10001 100 61495 2024691445 578092 13477
0b000f01 0b000d01 10000 100 933240 2024514599 785470 82405
0b002d01 0b003401 10002 100 30763 2020562142 4775591 19220
0b001101 0b001601 10001 100 760 2024915028 505271 8384
0b000f01 0b002601 10000 100 23925 2010367598 15111534 818666
0b003e01 0b003a01 10000 100 9422 2020209636 5440439 9112
0b003801 0b003c01 10001 100 47278 2025126955 665490 12286
0b000f01 0b000e01 10000 100 123419 2025896220 17083 14509
0b000801 0b000b01 10001 100 24673 2026052034 8401 6229
0b001f01 0b001c01 10001 100 6396 2026158151 4992 4698
0b001a01 0b001b01 10001 100 1779329 2025938613 269844 153341
0b001d01 0b001201 10000 100 1082736 2024150591 2178398 103257
0b000901 0b000b01 10000 100 1134953 2026399710 112282 99314
0b000f01 0b000501 10001 100 4102272 2022210239 4429758 356417
0b003d01 0b003601 10000 100 4975 2024862514 1871523 12897
0b001901 0b001f01 10002 100 95413 2026002790 740673 16321
0b001801 0b001e01 10001 100 17245 2026087289 709223 9768
0b003001 0b002d01 10001 100 152918 2015891862 11003917 29460
0b001a01 0b001001 10001 100 6620 2025806792 1186183 13036
0b002e01 0b002801 10003 100 459324 2026432633 596579 46832
0b000c01 0b000901 10000 100 2195632 2024775501 2423040 192403
0b002a01 0b001001 10000 100 40599 2019916011 7315037 820065
0b002701 0b002501 10002 100 53702 2027280411 29680 8663
0b001701 0b001301 10001 100 36692 2026947461 733873 11397
0b000b01 0b000d01 10003 100 4569 2026835272 1005567 8704
0b002b01 0b001901 10000 100 4686 2022251902 5745557 817054
0b002301 0b003f01 10000 100 183 2021724707 6396923 16658
0b002401 0b002001 10000 100 20393 2022276752 5870171 10032
0b002801 0b001e01 10001 100 1645 2024203836 4040084 816799
0b000d01 0b000401 10000 100 3795687 2023029483 5275624 330711
0b002d01 0b002f01 10001 100 607 2028480263 4246 4212
0b003101 0b000c01 10000 100 1091 2012825531 15717633 816754
0b003801 0b003e01 10002 100 2390179 2025024882 3622581 208715
0b003601 0b003701 10001 100 3320 2028697264 5837 4440
0b001301 0b003c01 10000 100 72388 2023433155 5486772 822731
0b000b01 0b000801 10001 100 42369 2028893388 39741 7714
0b002f01 0b000601 10001 100 13415 2022086648 6885778 817786
0b003101 0b003701 10001 100 5020 2027871077 1144628 8744
0b003201 0b000f01 10000 100 307 2020103052 9127348 816688
0b000901 0b003501 10001 100 1825 2020246470 9163505 816813
0b002f01 0b003d01 10000 100 1231 2026361775 3460017 16746
0b000901 0b000c01 10001 100 973303 2029033967 790554 89924
0b000f01 0b002f01 10000 100 50072 2024729989 5519386 820861
0b002a01 0b000c01 10001 100 24191 2023701882 6670709 818691
0b003d01 0b003a01 10000 100 1007 2029204013 1279452 8408
0b001801 0b001c01 10002 100 473128 2029649769 1019336 47990
0b003c01 0b003e01 10000 100 1555678 2030352462 338529 134589
0b002b01 0b002f01 10000 100 74823 2028063936 2640684 14593
0b003401 0b003301 10000 100 36014 2022427624 8311417 11343
0b001001 0b003901 10001 100 745 2025210250 5641217 816723
0b002f01 0b002c01 10001 100 2407788 2030202221 659779 206029
0b003d01 0b003101 10001 100 31739 2030206450 879768 15142
0b002401 0b002001 10001 100 15282 2028626275 2554680 9604
0b001701 0b001301 10002 100 10091 2028841588 2453061 9169
0b003e01 0b001c01 10001 100 8206 2026475857 4999792 817351
0b003d01 0b003801 10001 100 348106 2030414484 1068046 37508
0b003a01 0b003c01 10001 100 8463 2031280542 204752 9031
0b000a01 0b003401 10000 100 50116 2018514017 13282938 820865
0b003801 0b003901 10000 100 3987 2031847629 4609 4494
0b003801 0b003e01 10003 100 9231 2030419472 1458617 9096
0b000e01 0b002b01 10000 100 11957 2008165865 23775434 817662
0b001701 0b001801 10000 100 45981 2030468190 1555662 16335
0b003a01 0b003c01 10000 100 1417024 2030953642 1210330 127127
0b001001 0b002f01 10001 100 54596 2019846274 12579926 821238
0b003801 0b003a01 10000 100 45808 2032772678 13737 8001
0b000a01 0b000801 10001 100 2125954 2032477520 345197 182400
0b000f01 0b001401 10002 100 36301 2018052393 14835900 19686
0b000201 0b000701 10003 100 69950 2032023477 885416 14184
0b000c01 0b000b01 10000 100 84120 2032243391 713469 15376
0b000c01 0b002801 10000 100 34048 2025662821 7301342 819518
0b001601 0b002001 10000 100 3592 2025529066 7689443 816962
0b002a01 0b002101 10000 100 516 2031953565 1375308 12525
0b001001 0b001701 10000 100 63965 2027932568 5467683 13682
0b002201 0b002301 10002 100 1951611 2033097334 348628 167784
0b001b01 0b002501 10000 100 1143 2020350334 13248888 816759
0b003201 0b003101 10001 100 38150 2033779526 114723 7361
0b002801 0b000c01 10000 100 2163 2027446461 6614605 816844
0b002201 0b002501 10001 100 7297 2032306699 1881557 8934
0b002801 0b002f01 10002 100 25332 2034310087 477118 10446
0b001f01 0b001e01 10002 100 7164 2034863162 5167 4763
0b003a01 0b001e01 10000 100 49125 2017770033 17133400 820782
0b002201 0b002501 10000 100 12906 2032118302 2798801 9402
0b001101 0b001501 10002 100 141271 2033414529 1623933 20166
0b000901 0b000c01 10002 100 248084 2035118708 50334 29122
0b000b01 0b000501 10001 100 26945 2034518190 825812 14739
0b000001 0b003601 10001 100 7284 2023876924 11687794 817273
0b001b01 0b001e01 10002 100 913 2034310974 1346427 8396
0b003101 0b000d01 10002 100 45572 2019845194 16295495 820482
0b001001 0b001201 10001 100 2838 2036263694 5168 4398
0b000f01 0b000901 10001 100 506265 2036440432 326984 50768
0b001a01 0b001801 10000 100 375007 2036726030 96859 35604
0b000401 0b000101 10002 100 12 2035133178 1852409 8324
0b003a01 0b003b01 10001 100 22888 2037059015 8302 6079
0b003a01 0b000501 10001 100 49253 2012625247 24454427 820792
0b002001 0b001d01 10000 100 5545 2009333663 27849754 817126
0b003a01 0b001701 10001 100 28863 2030025515 7183852 819080
0b003201 0b003401 10000 100 2627 2034875034 2370669 8541
0b000c01 0b000901 10001 100 719523 2034666080 2742411 68646
0b001b01 0b001801 10003 100 68656 2037593906 17208 9917
0b001f01 0b000901 10000 100 3741 2022031934 16132819 16954
0b001a01 0b001b01 10002 100 67646 2038230670 23189 9832
0b001101 0b001201 10003 100 1440 2038627755 4520 4282
0b000901 0b001801 10001 100 25234 2029379492 9320536 18758
0b000901 0b000c01 10003 100 7637 2037897628 1062119 8961
0b000201 0b000101 10000 100 8929 2038977508 6787 4908
0b001001 0b003101 10001 100 7586 2012983337 26583586 817297
0b001901 0b001c01 10002 100 4444 2038430957 1244228 8694
0b001801 0b000101 10000 100 70274 2032388085 7378011 22534
0b002a01 0b001e01 10001 100 221686 2028280556 11715942 835247
0b000a01 0b003e01 10001 100 22517 2025571532 14760063 818549
0b001901 0b001e01 10001 100 26153 2039335786 1003979 10515
0b001901 0b001601 10002 100 67840 2039516654 872102 18168
0b000201 0b000601 10000 100 6255 2037829284 2900715 8847
0b000901 0b001901 10000 100 33399 2018832279 22681210 19442
0b001b01 0b001801 10004 100 4273 2041645336 11165 4521
0b003b01 0b000301 10001 100 417 2035136860 7072459 816697
0b003f01 0b003a01 10002 100 22636 2037497955 5422818 10219
0b003a01 0b000e01 10001 100 53722 2023763884 19697259 821165
0b003c01 0b001c01 10001 100 1248 2030406128 13101067 816767
0b001b01 0b002b01 10001 100 4206 2037638645 6078765 817015
0b002f01 0b002301 10003 100 636 2042986180 823861 12534
0b003801 0b003d01 10001 100 712 2043237648 1095407 8380
0b003601 0b003301 10001 100 21511 2041715538 2681467 10125
0b001101 0b003e01 10000 100 125 2036873765 7676345 816673
0b002801 0b002f01 10003 100 25048 2038367179 7119614 10423
0b002101 0b002301 10004 100 2008 2045592531 6295 4332
0b000001 0b000401 10002 100 202 2046657875 1291237 8340
0b003f01 0b003c01 10000 100 46626 2047973718 8910 8070
0b001401 0b001e01 10002 100 47 2047256436 935327 12487
0b001401 0b003e01 10003 100 473 2041745067 6468247 816701
0b003f01 0b001801 10001 100 22286 2025417583 22946097 818531
0b000f01 0b000601 10000 100 177 2047736775 717049 12498
0b003d01 0b003b01 10002 100 1354 2047215351 1307226 8436
0b002c01 0b002b01 10003 100 324 2048412900 809962 8349
0b001301 0b001101 10003 100 3954 2049326263 6435 4491
0b002a01 0b002401 10002 100 416 2048677660 1194736 12517
0b000201 0b001401 10000 100 333 2044273060 5926973 16670
0b001d01 0b001801 10001 100 6122 2048058355 2156238 8836
0b002f01 0b002d01 10001 100 520809 2050575707 61205 47825
0b002c01 0b002801 10002 100 3197 2049134301 1552562 8591
0b000101 0b002201 10001 100 539 2044058988 7228813 816706
0b001001 0b000a01 10001 100 933 2045575208 6812176 16718
0b002901 0b002a01 10002 100 54854 2052832030 18685 8759
0b003a01 0b002901 10003 100 109 2048378881 5491973 16652
0b002601 0b000401 10000 100 465 2047744890 6301548 816701
0b000901 0b000801 10000 100 18483 2054352723 6389 5711
0b003b01 0b003d01 10003 100 5736 2052332053 3223828 8801
0b002c01 0b002901 10001 100 5845259 2045691059 11328165 498389
0b002f01 0b002301 10004 100 4482 2055101975 3082750 12857
0b002c01 0b002a01 10001 100 419889 2058303219 509597 43523
0b002c01 0b002001 10001 100 2967 2056120049 2872864 12728
0b003f01 0b003801 10002 100 5764 2056093509 3140511 8804
0b002901 0b002d01 10001 100 4919 2058246537 1696226 8732
0b002b01 0b002f01 10002 100 2817 2059701562 744992 8556
0b002701 0b002201 10002 100 4925 2058054083 3351905 8733
0b003401 0b003601 10000 100 2036 2061886787 13217 4334
0b002c01 0b002801 10001 100 1711419 2032213039 29689889 151807
0b001b01 0b001f01 10003 100 529 2061999421 881741 8366
0b000f01 0b003301 10001 100 441 2056332851 6967660 816699
0b001b01 0b001d01 10003 100 15422 2059769462 5171054 9615
0b003f01 0b003901 10001 100 57534 2062589986 3165006 13145
0b003801 0b003901 10001 100 5516 2065878650 39627 4624
0b000d01 0b000901 10000 100 43975 2065442532 511124 12006
0b000001 0b000301 10001 100 4030 2066782325 4835 4501
0b002c01 0b002e01 10002 100 4915 2068227563 4699 4572
0b000101 0b001e01 10000 100 38 2064181764 5195218 16646
0b001201 0b003801 10000 100 977 2064491245 5159666 816742
0b000101 0b003c01 10001 100 353 2063204380 6710309 816692
0b002801 0b002c01 10002 100 9209 2062945325 7418258 9095
0b003001 0b003201 10001 100 162 2070597852 4351 4176
0b002a01 0b002901 10002 100 9132 2070979214 35361 4928
0b001a01 0b001d01 10003 100 1009 2070076928 951164 8408
0b000d01 0b000c01 10005 100 4408 2071047950 4898 4531
0b003b01 0b003a01 10006 100 5416 2071225645 6368 4616
0b003b01 0b003a01 10005 100 129306 2071204198 60327 15003
0b001b01 0b001f01 10002 100 21074 2052859397 19013399 10090
0b000d01 0b000e01 10004 100 23597 2072149603 33957 6139
0b002a01 0b001601 10001 100 1043 2055641479 17669677 816751
0b000001 0b000601 10005 100 3931 2068822270 5353996 8649
0b000c01 0b001b01 10003 100 116 2070772745 6611143 16653
0b003401 0b003001 10003 100 4558 2074428143 3516902 8703
0b002b01 0b002801 10001 100 926 2077999762 5623 4237
0b001001 0b001601 10001 100 8870 2063104143 15354798 9064
0b003001 0b003101 10002 100 3075 2078768911 9015 4421
0b000701 0b000401 10003 100 11585 2079217632 26134 5132
0b003c01 0b003e01 10003 100 926 2079712411 4494 4237
0b003901 0b003801 10002 100 7862 2081523754 15146 4819
0b001001 0b001501 10001 100 42805 2083689268 251182 11909
0b002001 0b002401 10007 100 33865 2081531854 4793547 11159
0b000b01 0b000201 10000 100 65 2085495448 1285255 12489
0b003601 0b000701 10000 100 156 2078619459 9136199 816676
0b002901 0b002e01 10005 100 2060 2084942561 3091139 8496
0b002501 0b002b01 10001 100 64 2087041602 1114609 12488
0b003d01 0b003801 10004 100 2048 2091449721 594237 8495
0b003901 0b000501 10002 100 1435 2087331406 6640281 816782
0b000d01 0b000e01 10007 100 871 2094462903 5203 4233
0b000101 0b000001 10001 100 1010 2095194980 6080 4248
0b000b01 0b000a01 10003 100 3054 2097100820 24879 4419
0b002401 0b003b01 10002 100 895 2093821376 6609871 16715
0b001601 0b001a01 10006 100 3031 2096414374 9173595 12737
0b000501 0b001401 10001 100 295 2096742388 9075795 16667
0b002501 0b000601 10004 100 273 2099239266 7062680 816685
0b001501 0b001701 10003 100 586726 2075904667 46648871 53352
0b002c01 0b002a01 10002 100 184404 2094787420 29349884 23782
0b002f01 0b002801 10002 100 55662 2075325354 49505778 12988
0b000901 0b000801 10003 100 677934 2097911658 28622300 60998
0b002301 0b002601 10000 100 955158 2017988046 112355519 88403
0b003001 0b003401 10004 100 470967 2090317637 40802167 47806
0b002201 0b002101 10002 100 819914 2086694315 48040568 72901
0b002001 0b002101 10002 100 777996 2096888181 38293029 69387
0b003001 0b003701 10002 100 1194727 2080200857 56762180 108486
0b002801 0b002a01 10002 100 1234579 2094607304 43914469 107668
0b000901 0b000801 10001 100 1891907 2095385505 44629923 162777
0b003101 0b003501 10003 100 937782 2052536347 88281605 86944
0b003f01 0b003b01 10002 100 611216 2083814976 57998617 59567
0b001d01 0b001801 10002 100 310737 2091245203 52025230 34373
0b000d01 0b000e01 10003 100 1464082 2060613913 84498461 126912
0b001801 0b001901 10005 100 1175805 2093045265 52287697 102740
0b003e01 0b003b01 10000 100 1454194 2072306043 83719193 130242
0b002001 0b002401 10003 100 826310 2055815927 100623421 77600
0b000501 0b000201 10003 100 2082084 2070705863 87823871 182885
0b000a01 0b000e01 10002 100 419915 2046290554 114075388 43526
0b001901 0b001e01 10004 100 1086837 2084477988 77916817 99441
0b000701 0b000501 10003 100 1256563 2078765949 83859633 109511
0b003b01 0b003e01 10001 100 1051831 2024431863 140274634 96506
0b001501 0b001701 10002 100 2462369 2049161976 116367162 210607
0b000d01 0b000f01 10003 100 2320665 2050892831 115382695 198725
0b001501 0b001701 10001 100 2809947 2043978060 122743616 239746
0b003e01 0b003c01 10001 100 1981599 2059650549 107157085 170298
0b003c01 0b003801 10000 100 1977129 2028834348 138112234 174085
0b003d01 0b003f01 10000 100 1459877 2023011026 144093017 126556
0b003101 0b003601 10001 100 1507820 2026572799 140543918 134736
0b003001 0b003501 10000 100 2656090 2036179760 132865685 231010
0b002e01 0b002a01 10003 100 821714 2070434989 100281147 77213
0b002e01 0b002c01 10003 100 2647543 2060662581 110430074 226131
0b000a01 0b000d01 10002 100 834613 2067389592 103984837 78295
0b000701 0b000201 10005 100 592698 2051174247 120321058 58012
0b002901 0b002e01 10002 100 1513562 2050490512 122025423 135218
0b003e01 0b003901 10004 100 908585 2091404767 81772135 84497
0b003c01 0b003901 10003 100 833971 2086404094 92499534 78240
0b003801 0b003f01 10002 100 892337 2054422080 125454235 83136
0b003301 0b003401 10001 100 1537952 2019131107 161076224 137262
0b000601 0b000401 10002 100 3871563 2032901835 149060737 328753
0b000e01 0b000901 10000 100 1356296 2040149459 142012578 122034
0b000b01 0b000c01 10000 100 1785560 2031212474 150963811 158023
0b000801 0b000d01 10002 100 549127 2091827852 91946237 54362
0b000e01 0b000a01 10002 100 1415771 2043973348 141572190 127019
0b000e01 0b000f01 10001 100 2122884 2071648623 114441781 182143
0b000f01 0b000801 10002 100 1427789 2051305210 135370058 128026
0b002401 0b002301 10002 100 1514359 2095676796 95736490 135286
0b003b01 0b003f01 10000 100 1832911 2085061328 109734786 161991
0b002e01 0b002901 10000 100 852049 2021369403 175827189 79759
0b000a01 0b000c01 10005 100 974241 2092740211 104577258 90003
0b003101 0b003501 10002 100 2834707 2046521784 152218947 245982
0b001101 0b001401 10002 100 753334 2066173447 133874546 71482
0b000801 0b000f01 10003 100 696664 2031079141 171816996 66729
0b001e01 0b001901 10002 100 762205 2036181276 175617479 72226
0b002001 0b002401 10004 100 2070847 2063937860 149058974 181940
0b003b01 0b003a01 10007 100 7541708 2089183580 131604655 636457
0b002201 0b002401 10002 100 649241 2060576132 160619034 62755
0b003b01 0b003a01 10001 100 9478545 2026786890 200918324 798842
0b002e01 0b002b01 10001 100 1868820 2023304616 204879504 165002
0b002801 0b002d01 10003 100 1495974 2094392982 135431597 133742
0b002e01 0b002c01 10001 100 1729595 2049356750 184652046 149170
0b002e01 0b002d01 10002 100 2791832 2064589912 169959850 238227
0b000901 0b000a01 10000 100 12945944 2073083131 163288539 1089548
0b001101 0b001001 10000 100 2013799 2085578515 155799219 172997
0b001101 0b001301 10002 100 1871117 2055894290 186943801 161037
0b000901 0b000c01 10004 100 15795421 2054389699 190917603 1332610
0b000d01 0b000b01 10002 100 1849142 2035500819 211966301 163355
0b002001 0b002401 10005 100 2698938 2064186969 184467511 234599
0b003801 0b003e01 10004 100 1182156 2038169742 216987644 107435
0b000001 0b000501 10002 100 405368 2068930621 187312983 42308
0b003b01 0b003e01 10003 100 3254465 2072952247 185871243 281176
0b002c01 0b002b01 10002 100 8966408 2043303996 222132031 760065
0b002301 0b002401 10002 100 1529506 2091749010 180926947 136555
0b001201 0b001101 10001 100 5753632 2019849376 261943489 486545
0b000901 0b000f01 10004 100 6755282 2070310992 212221991 574685
0b000a01 0b000901 10003 100 3807458 2055621277 228156957 323379
0b001501 0b001301 10003 100 1207908 2076066706 215742860 109591
0b002001 0b002401 10006 100 4909236 2068841107 225578006 419913
0b001001 0b001401 10000 100 6247585 2003974568 291586498 532119
0b002301 0b002601 10002 100 3225640 2070725291 227615938 278759
0b000a01 0b000801 10004 100 3881197 2087196724 212843644 329562
0b000201 0b000601 10002 100 1433320 2091126544 209059278 128492
0b000201 0b000501 10001 100 831606 2051845254 253574693 78043
0b002801 0b002f01 10005 100 3980650 2062488140 246131290 342059
0b003a01 0b003f01 10003 100 869266 2097668985 211260728 81202
0b001d01 0b001801 10000 100 4117461 2038402973 278596001 353530
0b002801 0b002e01 10000 100 2075041 2078284566 241078217 182295
0b000a01 0b000f01 10003 100 2407554 2077596841 248760528 210171
0b001401 0b001001 10000 100 1834061 2069028561 262256482 162091
0b003001 0b003701 10003 100 12336704 2091282890 243500623 1042630
0b000a01 0b000f01 10001 100 1942751 2059833021 276803130 171201
0b000501 0b000301 10002 100 4075636 2087185995 256082632 350022
0b003301 0b003401 10002 100 1955210 2043493343 301263896 172247
0b001001 0b001601 10003 100 1633091 2094401420 265730985 145241
0b001401 0b001301 10003 100 4599829 2063014482 309180434 393970
0b002901 0b002a01 10000 100 8518251 2017777812 354603501 718333
0b001801 0b000e01 10001 100 137115 2009491383 364878203 28139
0b001901 0b001b01 10000 100 6785092 2065523720 309716717 573025
0b003b01 0b003c01 10001 100 6195509 2040642372 337261385 527753
0b003c01 0b003901 10001 100 3891013 2057196133 320906355 334546
0b003501 0b003101 10001 100 1649666 2053432991 325086207 146629
0b002b01 0b002f01 10004 100 2619426 2095264143 297562111 227934
0b003101 0b003201 10002 100 17349152 2064934279 329507017 1458716
0b003501 0b003701 10002 100 3932565 2064344355 334044799 333867
0b001301 0b001001 10003 100 4002710 2096437515 305232844 339748
0b002201 0b002401 10000 100 2460700 2044511722 362369077 214626
0b003401 0b003201 10002 100 1584753 2057200595 363729217 141186
0b002901 0b002c01 10000 100 5992116 2045263697 376339654 510702
0b002d01 0b002a01 10004 100 848835 2056383724 367889570 79486
0b003401 0b003101 10001 100 1945165 2040725746 384835918 171405
0b000a01 0b000c01 10003 100 4350142 2067041468 383416914 373039
0b002201 0b002401 10001 100 3758240 2050251806 402117980 323413
0b001301 0b001001 10001 100 3184729 2034047686 422037081 271168
0b001801 0b001c01 10003 100 7537415 2043168742 416361192 640259
0b003501 0b003201 10002 100 1947912 2073597830 397402883 171633
0b000d01 0b003301 10003 100 277913 2088371570 388464931 839960
