0b000001 0b000101 10000 100 20752 2002260911 20047425 20047443
0b000101 0b000001 10000 100 27118 2000684987 21951548 20049587
0b000001 0b000101 10002 100 46291 2003970371 20651280 20056015
0b000001 0b000101 10003 100 6118 2003982303 20658909 20042545
0b000101 0b000001 10002 100 1191 2011341660 20040592 20040891
0b000001 0b000101 10004 100 3244 2010777020 21880726 20041579
0b000101 0b000001 10003 100 16439 2013388609 20045908 20046001
0b000001 0b000101 10006 100 25651 2016984708 21884665 20049087
0b000101 0b000001 10006 100 6552 2020373613 39726760 20042684
0b000101 0b000001 10009 100 2898 2024480692 53059931 20041453
0b000101 0b000001 10011 100 9288 2025448131 52122689 20043605
0b000101 0b000001 10012 100 47685 2027786755 49786221 20056476
0b000001 0b000101 10011 100 42068 2033162184 48051745 20054602
0b000101 0b000001 10017 100 18794 2032017586 49403843 20046785
0b000001 0b000101 10012 100 28304 2033869587 56293852 20049982
0b000101 0b000001 10019 100 21970 2034581177 56422613 20047848
0b000001 0b000101 10013 100 13652 2034649561 67951940 20045063
0b000001 0b000101 10014 100 53240 2035132454 68845128 20058346
0b000001 0b000101 10007 100 121962 2019008240 85149326 20081381
0b000001 0b000101 10015 100 33467 2039780391 64425803 20051711
0b000001 0b000101 10019 100 7826 2045458436 75618354 20043107
0b000001 0b000101 10020 100 117 2047861471 77519841 20040532
0b000001 0b000101 10024 100 40114 2053064261 81808272 20053946
0b000001 0b000101 10025 100 2041 2054180146 85129794 20041179
0b000001 0b000101 10027 100 78073 2055328162 88653722 20066676
0b000101 0b000001 10024 100 22278 2049663745 101670373 20047962
0b000001 0b000101 10028 100 20739 2058181793 97147355 20047439
0b000001 0b000101 10030 100 24490 2060069942 102814560 20048700
0b000001 0b000101 10031 100 53468 2060705120 104740142 20058419
0b000001 0b000101 10033 100 64614 2062489543 110101027 20062154
0b000101 0b000001 10026 100 6966 2054656388 121911453 20042816
0b000101 0b000001 10027 100 53234 2055375960 125951284 20058344
0b000101 0b000001 10028 100 25196 2056629657 124734507 20048942
0b000101 0b000001 10029 100 29996 2056689271 124716818 20050539
0b000001 0b000101 10035 100 22410 2070056085 132771426 20048004
0b000001 0b000101 10036 100 885 2071404857 136802735 20040778
0b000101 0b000001 10036 100 39849 2068710908 158836573 20053846
0b000101 0b000001 10038 100 22180 2070730268 164869862 20047930
0b000001 0b000101 10010 100 114962 2032607897 206993060 20079034
0b000101 0b000001 10040 100 1068 2072578732 172127758 20040852
0b000101 0b000001 10043 100 4780 2074069307 176597372 20042086
0b000101 0b000001 10044 100 29458 2074828711 178865913 20050367
0b000001 0b000101 10042 100 18996 2083257278 176822879 20046850
0b000001 0b000101 10043 100 45104 2084084461 179488524 20055619
0b000101 0b000001 10018 100 66699 2033329435 246877942 20062852
0b000101 0b000001 10056 100 4550 2090258336 189949181 20042012
0b000101 0b000001 10057 100 26695 2091341842 188866431 20049437
0b000101 0b000001 10058 100 75411 2091625560 188670856 20065778
0b000101 0b000001 10059 100 3300 2092127549 188173851 20041597
0b000001 0b000101 10045 100 16063 2088438503 192457641 20045881
0b000001 0b000101 10047 100 38512 2091996737 203310051 20053402
0b000001 0b000101 10049 100 9267 2092532827 204719245 20043599
0b000101 0b000001 10031 100 74150 2058388957 300718067 20065360
0b000101 0b000001 10005 100 60977 2020047174 339060354 20060929
0b000001 0b000101 10023 100 66203 2051923701 370739254 20062694
0b000101 0b000001 10052 100 161265 2080275090 466864971 20094573
0b000101 0b000001 10023 100 51867 2039537783 542265449 20057876
0b000001 0b000101 10050 100 77710 2093195070 527618485 20066545
0b000001 0b000101 10051 100 39700 2095939886 535481813 20053798
0b000001 0b000101 10017 100 63986 2041271559 634729937 20061938
0b000001 0b000101 10021 100 67590 2048386156 692873688 20063153
0b000101 0b000001 10007 100 1940851 2023614908 1053317301 20691366
0b000101 0b000001 10010 100 914595 2025321378 1120571354 20347204
0b000101 0b000001 10015 100 1428651 2029261298 1119771394 20519597
0b000101 0b000001 10022 100 445277 2036251141 1182547359 20189819
0b000101 0b000001 10025 100 8415930 2054216797 1216114067 22862847
0b000001 0b000101 10032 100 442795 2062196970 1323049695 20188978
0b000001 0b000101 10029 100 746415 2058505579 1327869055 20290806
0b000001 0b000101 10038 100 330943 2073384435 1345302097 20151465
0b000001 0b000101 10039 100 1280712 2074481491 1348439784 20469984
0b000101 0b000001 10013 100 1021924 2028174664 1438078514 20383193
0b000101 0b000001 10014 100 1515578 2028508926 1440014007 20548750
0b000101 0b000001 10016 100 3366290 2030166330 1457069195 21169409
0b000101 0b000001 10049 100 2537261 2078891438 1422219344 20891387
0b000101 0b000001 10020 100 526310 2035054648 1492904824 20216993
0b000101 0b000001 10004 100 879528 2014902225 1529308567 20335445
0b000101 0b000001 10039 100 17075886 2071971007 1589356319 25767050
0b000001 0b000101 10008 100 769291 2028498289 1677435002 20298480
0b000001 0b000101 10034 100 1417516 2063009527 1643977627 20515865
0b000001 0b000101 10005 100 411023 2011637596 1731420981 20178335
0b000101 0b000001 10008 100 1345032 2023780041 1730862998 20491564
0b000101 0b000001 10045 100 1647434 2076202931 1688617799 20592972
0b000101 0b000001 10001 100 3690762 2004628571 1784448267 21278217
0b000101 0b000001 10050 100 1353012 2079172498 1736421720 20494241
0b000101 0b000001 10030 100 2438380 2058166023 1840472883 20858224
0b000101 0b000001 10032 100 2196390 2062986207 1837712842 20777070
0b000101 0b000001 10042 100 8909030 2073551313 1867175106 23028227
