0b000001 0b000101 10000 100 20752 2002260911 20047427 20047443
0b000101 0b000001 10000 100 27118 2000684987 21951604 20049587
0b000001 0b000101 10002 100 46291 2003970371 20651282 20056015
0b000001 0b000101 10003 100 6118 2003982303 20658911 20042545
0b000101 0b000001 10002 100 1191 2011341660 20040596 20040891
0b000001 0b000101 10004 100 3244 2010777020 21880784 20041579
0b000101 0b000001 10003 100 16439 2013388609 20045910 20046001
0b000001 0b000101 10006 100 25651 2016984708 21884717 20049087
0b000101 0b000001 10006 100 6552 2020373613 39727298 20042684
0b000101 0b000001 10009 100 2898 2024480692 53060877 20041453
0b000101 0b000001 10011 100 9288 2025448131 52124467 20043605
0b000101 0b000001 10017 100 18794 2032017586 49399029 20046785
0b000101 0b000001 10018 100 66699 2033329435 53401533 20062852
0b000001 0b000101 10012 100 28304 2033869587 56296352 20049982
0b000101 0b000001 10019 100 21970 2034581177 56419348 20047848
0b000001 0b000101 10013 100 13652 2034649561 67955844 20045063
0b000001 0b000101 10014 100 53240 2035132454 68845342 20058346
0b000001 0b000101 10007 100 121962 2019008240 85142981 20081381
0b000001 0b000101 10015 100 33467 2039780391 64419526 20051711
0b000001 0b000101 10019 100 7826 2045458436 75891071 20043107
0b000001 0b000101 10020 100 117 2047861471 77818524 20040532
0b000001 0b000101 10023 100 66203 2051923701 78402078 20062694
0b000001 0b000101 10025 100 2041 2054180146 85126956 20041179
0b000001 0b000101 10027 100 78073 2055328162 88650884 20066676
0b000101 0b000001 10024 100 22278 2049663745 101667946 20047962
0b000001 0b000101 10028 100 20739 2058181793 97144517 20047439
0b000001 0b000101 10031 100 53468 2060705120 104737350 20058419
0b000001 0b000101 10033 100 64614 2062489543 110098583 20062154
0b000101 0b000001 10026 100 6966 2054656388 121909632 20042816
0b000101 0b000001 10027 100 53234 2055375960 125952357 20058344
0b000101 0b000001 10028 100 25196 2056629657 124742940 20048942
0b000101 0b000001 10029 100 29996 2056689271 124725313 20050539
0b000101 0b000001 10031 100 74150 2058388957 130418618 20065360
0b000101 0b000001 10005 100 60977 2020047174 168795248 20060929
0b000001 0b000101 10035 100 22410 2070056085 132769191 20048004
0b000001 0b000101 10036 100 885 2071404857 136800500 20040778
0b000001 0b000101 10038 100 330943 2073384435 143083623 20151465
0b000101 0b000001 10036 100 39849 2068710908 158835418 20053846
0b000101 0b000001 10038 100 22180 2070730268 164868810 20047930
0b000001 0b000101 10010 100 114962 2032607897 206593565 20079034
0b000001 0b000101 10040 100 5731 2079255886 160359591 20042406
0b000101 0b000001 10040 100 1068 2072578732 172195366 20040852
0b000101 0b000001 10047 100 4220 2077665023 187080632 20041907
0b000101 0b000001 10057 100 26695 2091341842 189268208 20049437
0b000101 0b000001 10023 100 51867 2039537783 246725030 20057876
0b000001 0b000101 10011 100 42068 2033162184 395743011 20054602
0b000001 0b000101 10045 100 16063 2088438503 426157459 20045881
0b000001 0b000101 10051 100 39700 2095939886 447665830 20053798
0b000001 0b000101 10030 100 24490 2060069942 541131819 20048700
0b000101 0b000001 10025 100 8415930 2054216797 829890571 22862847
