0b000601 0b000101 10000 100 5000000 2000000000 2964322 423360
0b000901 0b000101 10000 100 5000000 2000000000 3594064 423360
0b000b01 0b000101 10000 100 5000000 2000000000 4478251 423360
0b000701 0b000101 10000 100 5000000 2000000000 4594824 423360
0b000801 0b000101 10000 100 5000000 2000000000 4802194 423360
0b000501 0b000101 10000 100 5000000 2000000000 4803923 423360
0b000a01 0b000101 10000 100 5000000 2000000000 4864529 423360
0b000401 0b000101 10000 100 150000000 2000000000 38466560 12580160
0b000301 0b000101 10000 100 200000000 2000000000 49656253 16772160
0b000201 0b000101 10000 100 200000000 2000000000 50242958 16772160
