2014965901 93 1 4 1
2014969938 93 1 4 0
2014974965 93 1 4 1
2014979010 93 1 4 0
2014984037 93 1 4 1
2014988082 93 1 4 0
2014993109 93 1 4 1
2014997154 93 1 4 0
2015002181 93 1 4 1
2015006226 93 1 4 0
2015011253 93 1 4 1
2015015298 93 1 4 0
2015020325 93 1 4 1
2015024370 93 1 4 0
2015029397 93 1 4 1
2015033442 93 1 4 0
2015038469 93 1 4 1
2015042514 93 1 4 0
2015047541 93 1 4 1
2015051586 93 1 4 0
2015056613 93 1 4 1
2015060658 93 1 4 0
2015065685 93 1 4 1
2015069730 93 1 4 0
2015074757 93 1 4 1
2015078802 93 1 4 0
2015083829 93 1 4 1
2015087874 93 1 4 0
2015092901 93 1 4 1
2015096946 93 1 4 0
2015101973 93 1 4 1
2015106018 93 1 4 0
2015111045 93 1 4 1
2015115090 93 1 4 0
2015120117 93 1 4 1
2015124162 93 1 4 0
2015129021 93 1 4 1
2015133066 93 1 4 0
2015137925 93 1 4 1
2015141970 93 1 4 0
2015146997 93 1 4 1
2015151042 93 1 4 0
2015156069 93 1 4 1
2015160114 93 1 4 0
2015165141 93 1 4 1
2015169186 93 1 4 0
2015174213 93 1 4 1
2015178258 93 1 4 0
2015183285 93 1 4 1
2015187330 93 1 4 0
2015192357 93 1 4 1
2015196402 93 1 4 0
2015200421 93 1 4 1
2015205474 93 1 4 0
2015209493 93 1 4 1
2015214546 93 1 4 0
2015218565 93 1 4 1
2015223618 93 1 4 0
2015227637 93 1 4 1
2015232690 93 1 4 0
2015236709 93 1 4 1
2015241762 93 1 4 0
2015245781 93 1 4 1
2015250834 93 1 4 0
2015254853 93 1 4 1
2015259906 93 1 4 0
2015263925 93 1 4 1
2015268978 93 1 4 0
2015272997 93 1 4 1
2015278050 93 1 4 0
2015282069 93 1 4 1
2015287122 93 1 4 0
2015291141 93 1 4 1
2015296194 93 1 4 0
2015300213 93 1 4 1
2015305266 93 1 4 0
2015309285 93 1 4 1
2015314338 93 1 4 0
2015318357 93 1 4 1
2015323410 93 1 4 0
2015327429 93 1 4 1
2015332482 93 1 4 0
2015336501 93 1 4 1
2015341554 93 1 4 0
2015345573 93 1 4 1
2015350626 93 1 4 0
2015354645 93 1 4 1
2015359698 93 1 4 0
2015363717 93 1 4 1
2015368770 93 1 4 0
2015372789 93 1 4 1
2015377842 93 1 4 0
2015395721 93 1 4 1
2015398227 93 1 4 0
2015417618 93 1 4 1
2015420067 93 1 4 0
2015439542 93 1 4 1
2015442159 93 1 4 0
2015451974 93 1 4 1
2015454423 93 1 4 0
2015460501 92 1 4 1
2015573690 93 1 4 1
2015575135 92 1 4 0
2015579755 93 1 4 0
2015579826 92 1 4 1
2015583774 93 1 4 1
2015583871 92 1 4 0
2015592859 93 1 4 0
2015592930 92 1 4 1
2015596878 93 1 4 1
2015596975 92 1 4 0
2015605963 93 1 4 0
2015606034 92 1 4 1
2015609982 93 1 4 1
2015610079 92 1 4 0
2015619067 93 1 4 0
2015619138 92 1 4 1
2015623086 93 1 4 1
2015623183 92 1 4 0
2015632171 93 1 4 0
2015632242 92 1 4 1
2015636190 93 1 4 1
2015636287 92 1 4 0
2015645275 93 1 4 0
2015645346 92 1 4 1
2015649294 93 1 4 1
2015649391 92 1 4 0
2015658379 93 1 4 0
2015658450 92 1 4 1
2015662398 93 1 4 1
2015662495 92 1 4 0
2015671483 93 1 4 0
2015671554 92 1 4 1
2015675502 93 1 4 1
2015675599 92 1 4 0
2015684587 93 1 4 0
2015684658 92 1 4 1
2015688606 93 1 4 1
2015688703 92 1 4 0
2015690745 84 1 6 1
2015697691 93 1 4 0
2015697762 92 1 4 1
2015700878 84 1 6 0
2015701710 93 1 4 1
2015701807 92 1 4 0
2015704897 84 1 6 1
2015710795 93 1 4 0
2015710866 92 1 4 1
2015713982 84 1 6 0
2015714814 93 1 4 1
2015714911 92 1 4 0
2015718001 84 1 6 1
2015723802 92 1 4 1
2015723899 93 1 4 0
2015727086 84 1 6 0
2015727918 93 1 4 1
2015727931 92 1 4 0
2015731105 84 1 6 1
2015736990 92 1 4 1
2015737171 93 1 4 0
2015740358 84 1 6 0
2015741035 92 1 4 0
2015741106 93 1 4 1
2015744293 84 1 6 1
2015750010 92 1 4 1
2015750275 93 1 4 0
2015753462 84 1 6 0
2015754139 92 1 4 0
2015754294 93 1 4 1
2015757481 84 1 6 1
2015763114 92 1 4 1
2015763547 93 1 4 0
2015766734 84 1 6 0
2015767243 92 1 4 0
2015767482 93 1 4 1
2015770669 84 1 6 1
2015776218 92 1 4 1
2015776651 93 1 4 0
2015779838 84 1 6 0
2015780347 92 1 4 0
2015780586 93 1 4 1
2015783773 84 1 6 1
2015789322 92 1 4 1
2015789755 93 1 4 0
2015792942 84 1 6 0
2015793451 92 1 4 0
2015793690 93 1 4 1
2015796877 84 1 6 1
2015802426 92 1 4 1
2015802859 93 1 4 0
2015806046 84 1 6 0
2015806555 92 1 4 0
2015806794 93 1 4 1
2015809981 84 1 6 1
2015815530 92 1 4 1
2015815963 93 1 4 0
2015819150 84 1 6 0
2015819575 92 1 4 0
2015819898 93 1 4 1
2015823085 84 1 6 1
2015828466 92 1 4 1
2015828899 93 1 4 0
2015832086 84 1 6 0
2015832595 92 1 4 0
2015832834 93 1 4 1
2015836021 84 1 6 1
2015841570 92 1 4 1
2015842003 93 1 4 0
2015845190 84 1 6 0
2015845951 92 1 4 0
2015846358 93 1 4 1
2015849545 84 1 6 1
2015850306 92 1 4 1
2015850907 93 1 4 0
2015854094 84 1 6 0
2015854855 92 1 4 0
2015855430 93 1 4 1
2015858617 84 1 6 1
2015859210 92 1 4 1
2015860147 93 1 4 0
2015863334 84 1 6 0
2015863591 92 1 4 0
2015864838 93 1 4 1
2015867778 92 1 4 1
2015868025 84 1 6 1
2015869555 93 1 4 0
2015871991 92 1 4 0
2015872742 84 1 6 0
2015873742 93 1 4 1
2015876929 84 1 6 1
2015878698 92 1 4 1
2015880643 93 1 4 0
2015882911 92 1 4 0
2015883830 84 1 6 0
2015885334 93 1 4 1
2015886930 92 1 4 1
2015888521 84 1 6 1
2015890051 93 1 4 0
2015891143 92 1 4 0
2015893238 84 1 6 0
2015894574 93 1 4 1
2015895330 92 1 4 1
2015897761 84 1 6 1
2015899291 93 1 4 0
2015899711 92 1 4 0
2015902478 84 1 6 0
2015903814 93 1 4 1
2015904066 92 1 4 1
2015907001 84 1 6 1
2015908363 93 1 4 0
2015908615 92 1 4 0
2015911550 84 1 6 0
2015912886 93 1 4 1
2015912970 92 1 4 1
2015915923 92 1 4 0
2015916073 84 1 6 1
2015919703 93 1 4 0
2015921454 92 1 4 1
2015922890 84 1 6 0
2015923890 93 1 4 1
2015926171 92 1 4 0
2015927077 84 1 6 1
2015928271 93 1 4 0
2015930778 92 1 4 1
2015931458 84 1 6 0
2015932458 93 1 4 1
2015935579 92 1 4 0
2015935645 84 1 6 1
2015936839 93 1 4 0
2015940026 84 1 6 0
2015940102 92 1 4 1
2015941194 93 1 4 1
2015944381 84 1 6 1
2015944651 92 1 4 0
2015945575 93 1 4 0
2015948762 84 1 6 0
2015949090 92 1 4 1
2015949762 93 1 4 1
2015952949 84 1 6 1
2015953723 92 1 4 0
2015954143 93 1 4 0
2015957322 93 1 4 1
2015957330 84 1 6 0
2015957658 92 1 4 1
2015960509 84 1 6 1
2015961703 92 1 4 0
2015965302 92 1 4 1
2015967751 93 1 4 0
2015970938 84 1 6 0
2015971266 93 1 4 1
2015971699 92 1 4 0
2015974453 84 1 6 1
2015975214 92 1 4 1
2015977327 93 1 4 0
2015980514 84 1 6 0
2015980842 93 1 4 1
2015981527 92 1 4 0
2015984029 84 1 6 1
2015985042 92 1 4 1
2015986660 93 1 4 0
2015989348 92 1 4 0
2015989847 84 1 6 0
2015990343 93 1 4 1
2015993530 84 1 6 1
2015995887 92 1 4 1
2015996488 93 1 4 0
2015999675 84 1 6 0
2016000268 92 1 4 0
2016000843 93 1 4 1
2016004030 84 1 6 1
2016004203 92 1 4 1
2016004636 93 1 4 0
2016007823 84 1 6 0
2016097275 93 1 4 1
2016099724 93 1 4 0
2016100462 84 1 6 1
2016102911 84 1 6 0
2016117351 93 1 4 1
2016120538 84 1 6 1
2016124504 93 1 4 0
2016127691 84 1 6 0
2016127851 93 1 4 1
2016128368 92 1 4 0
2016131038 84 1 6 1
2016136251 92 1 4 1
2016138112 93 1 4 0
2016140871 93 1 4 1
2016141299 84 1 6 0
2016141640 92 1 4 0
2016144058 84 1 6 1
2016149428 92 1 4 1
2016151300 93 1 4 0
2016153975 93 1 4 1
2016154487 84 1 6 0
2016154828 92 1 4 0
2016157162 84 1 6 1
2016162543 92 1 4 1
2016164320 93 1 4 0
2016167079 93 1 4 1
2016167507 84 1 6 0
2016167908 92 1 4 0
2016170266 84 1 6 1
2016175623 92 1 4 1
2016177508 93 1 4 0
2016180183 93 1 4 1
2016180779 84 1 6 0
2016180952 92 1 4 0
2016183454 84 1 6 1
2016188667 92 1 4 1
2016190612 93 1 4 0
2016193287 93 1 4 1
2016193883 84 1 6 0
2016194056 92 1 4 0
2016196558 84 1 6 1
2016201855 92 1 4 1
2016203632 93 1 4 0
2016206391 93 1 4 1
2016206903 84 1 6 0
2016207160 92 1 4 0
2016209662 84 1 6 1
2016213857 35 0 1 1
2016214875 92 1 4 1
2016216820 93 1 4 0
2016219495 93 1 4 1
2016220091 84 1 6 0
2016220264 92 1 4 0
2016222766 84 1 6 1
2016223362 35 0 1 0
2016225953 35 0 1 1
2016228063 92 1 4 1
2016229840 93 1 4 0
2016232599 93 1 4 1
2016233111 84 1 6 0
2016233368 92 1 4 0
2016235870 84 1 6 1
2016236382 35 0 1 0
2016239141 35 0 1 1
2016241083 92 1 4 1
2016243028 93 1 4 0
2016245703 93 1 4 1
2016246299 84 1 6 0
2016246472 92 1 4 0
2016248974 84 1 6 1
2016249570 35 0 1 0
2016252245 35 0 1 1
2016254187 92 1 4 1
2016256132 93 1 4 0
2016258807 93 1 4 1
2016259403 84 1 6 0
2016259576 92 1 4 0
2016262078 84 1 6 1
2016262758 35 0 1 0
2016265349 35 0 1 1
2016267207 92 1 4 1
2016269276 93 1 4 0
2016272035 93 1 4 1
2016272547 84 1 6 0
2016272968 92 1 4 0
2016275306 84 1 6 1
2016275818 35 0 1 0
2016278577 35 0 1 1
2016280767 92 1 4 1
2016282996 93 1 4 0
2016285671 93 1 4 1
2016286267 84 1 6 0
2016286600 92 1 4 0
2016288942 84 1 6 1
2016289538 35 0 1 0
2016292129 35 0 1 1
2016294315 92 1 4 1
2016296544 93 1 4 0
2016299303 93 1 4 1
2016299815 84 1 6 0
2016300316 92 1 4 0
2016302574 84 1 6 1
2016303002 35 0 1 0
2016305677 35 0 1 1
2016306475 94 1 4 1
2016308115 92 1 4 1
2016309828 93 1 4 0
2016313091 93 1 4 1
2016313099 84 1 6 0
2016313156 92 1 4 0
2016316288 35 0 1 0
2016316362 84 1 6 1
2016319551 35 0 1 1
2016322215 92 1 4 1
2016322672 93 1 4 0
2016325943 84 1 6 0
2016326607 93 1 4 1
2016326792 92 1 4 0
2016329214 35 0 1 0
2016329878 84 1 6 1
2016333149 35 0 1 1
2016335767 92 1 4 1
2016336216 93 1 4 0
2016339487 84 1 6 0
2016340151 93 1 4 1
2016340336 92 1 4 0
2016342842 35 0 1 0
2016343422 84 1 6 1
2016345256 94 1 4 0
2016346696 35 0 1 1
2016347679 94 1 4 1
2016349311 92 1 4 1
2016349852 93 1 4 0
2016353123 84 1 6 0
2016353787 93 1 4 1
2016353972 92 1 4 0
2016356394 35 0 1 0
2016357058 84 1 6 1
2016360329 35 0 1 1
2016362947 92 1 4 1
2016363396 93 1 4 0
2016366667 84 1 6 0
2016367331 93 1 4 1
2016367512 92 1 4 0
2016370022 35 0 1 0
2016370602 84 1 6 1
2016373873 35 0 1 1
2016376403 92 1 4 1
2016376848 93 1 4 0
2016380119 84 1 6 0
2016380615 93 1 4 1
2016381056 92 1 4 0
2016383390 35 0 1 0
2016383886 84 1 6 1
2016387073 35 0 1 1
2016389947 92 1 4 1
2016390308 93 1 4 0
2016391624 94 1 4 0
2016393579 84 1 6 0
2016393879 94 1 4 1
2016394747 93 1 4 1
2016394948 92 1 4 0
2016396766 35 0 1 0
2016398018 84 1 6 1
2016399219 92 1 4 1
2016399544 93 1 4 0
2016401121 35 0 1 1
2016402815 84 1 6 0
2016404067 93 1 4 1
2016404176 92 1 4 0
2016406002 35 0 1 0
2016407338 84 1 6 1
2016408531 92 1 4 1
2016408880 93 1 4 0
2016410525 35 0 1 1
2016412739 84 1 6 0
2016413571 93 1 4 1
2016413656 92 1 4 0
2016416010 35 0 1 0
2016416422 84 1 6 1
2016417843 92 1 4 1
2016418220 93 1 4 0
2016419609 35 0 1 1
2016422079 84 1 6 0
2016422407 93 1 4 1
2016422432 92 1 4 0
2016425258 84 1 6 1
2016425266 35 0 1 0
2016428445 35 0 1 1
2016429139 92 1 4 1
2016429504 93 1 4 0
2016433615 84 1 6 0
2016433892 92 1 4 0
2016433943 93 1 4 1
2016436794 84 1 6 1
2016436886 35 0 1 0
2016438751 92 1 4 1
2016439204 93 1 4 0
2016440065 35 0 1 1
2016443147 84 1 6 0
2016443208 92 1 4 0
2016443727 93 1 4 1
2016444828 94 1 4 0
2016446502 35 0 1 0
2016446578 84 1 6 1
2016447167 94 1 4 1
2016447731 92 1 4 1
2016448860 93 1 4 0
2016449849 35 0 1 1
2016452180 92 1 4 0
2016452803 84 1 6 0
2016453551 93 1 4 1
2016456074 35 0 1 0
2016456367 92 1 4 1
2016456402 84 1 6 1
2016458516 93 1 4 0
2016459676 35 0 1 1
2016460644 92 1 4 0
2016462375 84 1 6 0
2016463207 93 1 4 1
2016465730 35 0 1 0
2016466058 84 1 6 1
2016468275 92 1 4 1
2016469329 35 0 1 1
2016471592 93 1 4 0
2016474424 92 1 4 0
2016475947 93 1 4 1
2016475955 84 1 6 0
2016478882 84 1 6 1
2016479226 35 0 1 0
2016479787 92 1 4 1
2016480984 93 1 4 0
2016482153 35 0 1 1
2016484927 84 1 6 0
2016484976 92 1 4 0
2016485675 93 1 4 1
2016488198 35 0 1 0
2016488526 84 1 6 1
2016489247 92 1 4 1
2016490396 93 1 4 0
2016491797 35 0 1 1
2016492140 94 1 4 0
2016494124 92 1 4 0
2016494339 84 1 6 0
2016494479 94 1 4 1
2016494835 93 1 4 1
2016497694 35 0 1 0
2016497770 84 1 6 1
2016498227 92 1 4 1
2016499540 93 1 4 0
2016501041 35 0 1 1
2016503012 92 1 4 0
2016503483 84 1 6 0
2016504063 93 1 4 1
2016506754 35 0 1 0
2016506914 84 1 6 1
2016507115 92 1 4 1
2016510101 35 0 1 1
2016510116 92 1 4 0
2016512692 93 1 4 0
2016514891 92 1 4 1
2016517055 84 1 6 0
2016518139 93 1 4 1
2016518952 92 1 4 0
2016520326 35 0 1 0
2016520990 84 1 6 1
2016522215 92 1 4 1
2016522480 93 1 4 0
2016524177 35 0 1 1
2016526079 93 1 4 1
2016526200 92 1 4 0
2016526339 84 1 6 0
2016527340 94 1 4 0
2016529014 84 1 6 1
2016529511 94 1 4 1
2016529526 35 0 1 0
2016529547 92 1 4 1
2016530320 93 1 4 0
2016532201 35 0 1 1
2016533415 93 1 4 1
2016534095 84 1 6 0
2016534228 92 1 4 0
2016536350 84 1 6 1
2016537282 35 0 1 0
2016539537 35 0 1 1
2016539759 92 1 4 1
2016541552 93 1 4 0
2016544731 93 1 4 1
2016545832 92 1 4 0
2016548843 92 1 4 1
2016549896 93 1 4 0
2016551571 84 1 6 0
2016554926 35 0 1 0
2016565843 93 1 4 1
2016567350 84 1 6 1
2016568328 93 1 4 0
2016570537 35 0 1 1
2016572103 84 1 6 0
2016575374 35 0 1 0
2016587803 93 1 4 1
2016589142 84 1 6 1
2016590252 93 1 4 0
2016592245 35 0 1 1
2016594027 84 1 6 0
2016597298 35 0 1 0
2016609727 93 1 4 1
2016611066 84 1 6 1
2016612176 93 1 4 0
2016614169 35 0 1 1
2016615951 84 1 6 0
2016619222 35 0 1 0
2016621823 93 1 4 1
2016624086 84 1 6 1
2016626876 93 1 4 0
2016627273 35 0 1 1
2016630819 84 1 6 0
2016631063 93 1 4 1
2016633914 84 1 6 1
2016634090 35 0 1 0
2016635108 93 1 4 0
2016637185 35 0 1 1
2016638883 84 1 6 0
2016640135 93 1 4 1
2016640400 94 1 4 0
2016642238 35 0 1 0
2016642986 84 1 6 1
2016644516 93 1 4 0
2016644923 94 1 4 1
2016646257 35 0 1 1
2016648375 84 1 6 0
2016648871 93 1 4 1
2016649472 94 1 4 0
2016651646 35 0 1 0
2016651722 84 1 6 1
2016653252 93 1 4 0
2016653995 94 1 4 1
2016654993 35 0 1 1
2016657111 84 1 6 0
2016657607 93 1 4 1
2016658544 94 1 4 0
2016660458 84 1 6 1
2016660466 35 0 1 0
2016663729 35 0 1 1
2016664424 93 1 4 0
2016665503 94 1 4 1
2016668535 84 1 6 0
2016668779 93 1 4 1
2016670052 94 1 4 0
2016671714 84 1 6 1
2016671806 35 0 1 0
2016672671 85 1 6 1
2016673160 93 1 4 0
2016674575 94 1 4 1
2016674901 35 0 1 1
2016676515 84 1 6 0
2016677515 93 1 4 1
2016679124 94 1 4 0
2016679702 35 0 1 0
2016680702 84 1 6 1
2016681728 93 1 4 0
2016683647 94 1 4 1
2016683805 35 0 1 1
2016684915 84 1 6 0
2016685915 93 1 4 1
2016688102 35 0 1 0
2016688223 94 1 4 0
2016689102 84 1 6 1
2016690128 93 1 4 0
2016692289 35 0 1 1
2016692830 94 1 4 1
2016693315 84 1 6 0
2016694315 93 1 4 1
2016696502 35 0 1 0
2016697491 94 1 4 0
2016697502 84 1 6 1
2016698696 93 1 4 0
2016700605 35 0 1 1
2016701119 93 1 4 1
2016701883 84 1 6 0
2016704306 84 1 6 1
2016705070 35 0 1 0
2016707493 35 0 1 1
2016710036 93 1 4 0
2016713223 84 1 6 0
2016713803 93 1 4 1
2016716494 35 0 1 0
2016716990 84 1 6 1
2016720261 35 0 1 1
2016734564 93 1 4 0
2016737168 92 1 4 0
2016737751 84 1 6 0
2016739591 93 1 4 1
2016741106 35 0 1 0
2016742699 92 1 4 1
2016742778 84 1 6 1
2016746049 35 0 1 1
2016746744 92 1 4 0
2016751771 92 1 4 1
2016758672 93 1 4 0
2016761859 84 1 6 0
2016762355 93 1 4 1
2016763544 92 1 4 0
2016765130 35 0 1 0
2016765542 84 1 6 1
2016768729 35 0 1 1
2016769075 92 1 4 1
2016773120 92 1 4 0
2016777139 92 1 4 1
2016781772 93 1 4 0
2016784959 84 1 6 0
2016785791 93 1 4 1
2016788156 92 1 4 0
2016788230 35 0 1 0
2016788978 84 1 6 1
2016792165 35 0 1 1
2016793519 92 1 4 1
2016797564 92 1 4 0
2016801163 92 1 4 1
2016805628 93 1 4 0
2016808815 84 1 6 0
2016809479 93 1 4 1
2016811592 92 1 4 0
2016812086 35 0 1 0
2016812666 84 1 6 1
2016815937 35 0 1 1
2016816787 92 1 4 1
2016820832 92 1 4 0
2016824599 92 1 4 1
2016829148 93 1 4 0
2016832335 84 1 6 0
2016833167 93 1 4 1
2016835112 92 1 4 0
2016835690 35 0 1 0
2016836354 84 1 6 1
2016839625 35 0 1 1
2016840475 92 1 4 1
2016844520 92 1 4 0
2016848287 92 1 4 1
2016852668 93 1 4 0
2016855855 84 1 6 0
2016856687 93 1 4 1
2016858800 92 1 4 0
2016859126 35 0 1 0
2016859874 84 1 6 1
2016863061 35 0 1 1
2016876356 93 1 4 0
2016879543 84 1 6 0
2016880795 93 1 4 1
2016882730 35 0 1 0
2016883982 84 1 6 1
2016887085 35 0 1 1
2016899540 93 1 4 0
2016902727 84 1 6 0
2016904651 93 1 4 1
2016905998 35 0 1 0
2016907838 84 1 6 1
2016911109 35 0 1 1
2016923228 93 1 4 0
2016926415 84 1 6 0
2016928255 93 1 4 1
2016929770 35 0 1 0
2016931442 84 1 6 1
2016934713 35 0 1 1
2016946748 93 1 4 0
2016949935 84 1 6 0
2016951691 93 1 4 1
2016953206 35 0 1 0
2016954878 84 1 6 1
2016958065 35 0 1 1
2016968359 37 0 1 1
2016970184 93 1 4 0
2016973371 84 1 6 0
2016975295 93 1 4 1
2016976642 35 0 1 0
2016978482 84 1 6 1
2016981669 35 0 1 1
2016994544 93 1 4 0
2016997731 84 1 6 0
2016999571 93 1 4 1
2017001002 35 0 1 0
2017002758 84 1 6 1
2017005945 35 0 1 1
2017018484 93 1 4 0
2017021671 84 1 6 0
2017023595 93 1 4 1
2017024944 35 0 1 0
2017026782 84 1 6 1
2017030055 35 0 1 1
2017037216 93 1 4 0
2017040403 84 1 6 0
2017042243 93 1 4 1
2017043758 35 0 1 0
2017045430 84 1 6 1
2017048701 35 0 1 1
2017049564 93 1 4 0
2017052883 84 1 6 0
2017054315 93 1 4 1
2017056154 35 0 1 0
2017057238 84 1 6 1
2017060425 35 0 1 1
2017062500 93 1 4 0
2017065787 84 1 6 0
2017067387 93 1 4 1
2017069058 35 0 1 0
2017070562 84 1 6 1
2017073749 35 0 1 1
2017077956 93 1 4 0
2017081143 84 1 6 0
2017083067 93 1 4 1
2017084330 35 0 1 0
2017086254 84 1 6 1
2017089357 35 0 1 1
2017091144 93 1 4 0
2017094331 84 1 6 0
2017095499 93 1 4 1
2017097518 35 0 1 0
2017098686 84 1 6 1
2017101873 35 0 1 1
2017105050 93 1 4 0
2017108237 84 1 6 0
2017109993 93 1 4 1
2017111508 35 0 1 0
2017113180 84 1 6 1
2017116367 35 0 1 1
2017118290 93 1 4 0
2017121477 84 1 6 0
2017123821 93 1 4 1
2017124748 35 0 1 0
2017127008 84 1 6 1
2017129026 93 1 4 0
2017130279 35 0 1 1
2017132213 84 1 6 0
2017134137 93 1 4 1
2017135568 35 0 1 0
2017137324 84 1 6 1
2017138098 93 1 4 0
2017140595 35 0 1 1
2017141285 84 1 6 0
2017143293 93 1 4 1
2017144556 35 0 1 0
2017146480 84 1 6 1
2017147002 93 1 4 0
2017149667 35 0 1 1
2017150189 84 1 6 0
2017151693 93 1 4 1
2017153460 35 0 1 0
2017154880 84 1 6 1
2017157670 93 1 4 0
2017158151 35 0 1 1
2017160857 84 1 6 0
2017162697 93 1 4 1
2017164128 35 0 1 0
2017165884 84 1 6 1
2017167162 93 1 4 0
2017168987 35 0 1 1
2017170349 84 1 6 0
2017172189 93 1 4 1
2017173704 35 0 1 0
2017175376 84 1 6 1
2017178418 93 1 4 0
2017178479 35 0 1 1
2017181605 84 1 6 0
2017183949 93 1 4 1
2017184960 35 0 1 0
2017187136 84 1 6 1
2017187658 93 1 4 0
2017190239 35 0 1 1
2017190845 84 1 6 0
2017192685 93 1 4 1
2017194116 35 0 1 0
2017195536 84 1 6 1
2017198555 35 0 1 1
2017199586 93 1 4 0
2017203025 85 1 6 0
2017204865 93 1 4 1
2017206296 37 0 1 0
2017207632 85 1 6 1
2017209498 93 1 4 0
2017210903 37 0 1 1
2017212685 85 1 6 0
2017214617 84 1 6 0
2017214777 93 1 4 1
2017215956 37 0 1 0
2017217040 85 1 6 1
2017217208 84 1 6 1
2017217972 35 0 1 0
2017218822 93 1 4 0
2017220311 37 0 1 1
2017220395 35 0 1 1
2017223345 93 1 4 1
2017224193 84 1 6 0
2017224277 85 1 6 0
2017226448 84 1 6 1
2017226532 85 1 6 1
2017227380 35 0 1 0
2017228902 93 1 4 0
2017229635 35 0 1 1
2017232593 85 1 6 0
2017233596 37 0 1 0
2017234601 93 1 4 1
2017237788 85 1 6 1
2017241059 37 0 1 1
2017242510 93 1 4 0
2017247041 85 1 6 0
2017247797 84 1 6 0
2017248881 93 1 4 1
2017250312 37 0 1 0
2017250724 85 1 6 1
2017251060 84 1 6 1
2017251152 35 0 1 0
2017251834 93 1 4 0
2017253995 37 0 1 1
2017254331 35 0 1 1
2017255525 85 1 6 0
2017255853 93 1 4 1
2017258796 37 0 1 0
2017259040 85 1 6 1
2017262311 37 0 1 1
2017267038 93 1 4 0
2017270225 85 1 6 0
2017271477 93 1 4 1
2017273496 37 0 1 0
2017274664 85 1 6 1
2017277935 37 0 1 1
2017286946 93 1 4 0
2017291645 85 1 6 0
2017292057 93 1 4 1
2017292233 84 1 6 0
2017294572 85 1 6 1
2017294824 84 1 6 1
2017294916 37 0 1 0
2017295672 35 0 1 0
2017297843 37 0 1 1
2017298095 35 0 1 1
2017301478 93 1 4 0
2017305673 85 1 6 0
2017307345 93 1 4 1
2017308944 37 0 1 0
2017310532 85 1 6 1
2017311390 93 1 4 0
2017313803 37 0 1 1
2017314577 85 1 6 0
2017316417 93 1 4 1
2017317097 84 1 6 0
2017317848 37 0 1 0
2017318344 85 1 6 1
2017319352 84 1 6 1
2017320462 93 1 4 0
2017321615 37 0 1 1
2017325489 93 1 4 1
2017325833 85 1 6 0
2017328676 85 1 6 1
2017329104 37 0 1 0
2017329534 93 1 4 0
2017331947 37 0 1 1
2017332209 93 1 4 1
2017332721 85 1 6 0
2017335396 85 1 6 1
2017335992 37 0 1 0
2017336338 93 1 4 0
2017338667 37 0 1 1
2017339525 85 1 6 0
2017340197 84 1 6 0
2017341284 35 0 1 0
2017341365 93 1 4 1
2017342796 37 0 1 0
2017343460 84 1 6 1
2017343460 85 1 6 1
2017345410 93 1 4 0
2017346563 35 0 1 1
2017346731 37 0 1 1
2017350437 93 1 4 1
2017350781 84 1 6 0
2017350865 85 1 6 0
2017353288 84 1 6 1
2017353372 85 1 6 1
2017354052 35 0 1 0
2017354136 37 0 1 0
2017354482 93 1 4 0
2017356475 35 0 1 1
2017356643 37 0 1 1
2017357669 85 1 6 0
2017359509 93 1 4 1
2017360940 37 0 1 0
2017362696 85 1 6 1
2017363554 93 1 4 0
2017365967 37 0 1 1
2017368085 85 1 6 0
2017368581 93 1 4 1
2017371012 85 1 6 1
2017371356 37 0 1 0
2017374283 37 0 1 1
2017374726 93 1 4 0
2017375981 84 1 6 0
2017379252 35 0 1 0
2017379509 85 1 6 0
2017379748 84 1 6 1
2017380089 93 1 4 1
2017382780 37 0 1 0
2017382851 35 0 1 1
2017383276 85 1 6 1
2017384134 93 1 4 0
2017386547 37 0 1 1
2017387405 85 1 6 0
2017389161 93 1 4 1
2017390676 37 0 1 0
2017392432 85 1 6 1
2017393206 93 1 4 0
2017395703 37 0 1 1
2017396480 85 1 6 0
2017398233 93 1 4 1
2017399751 37 0 1 0
2017400331 85 1 6 1
2017402278 93 1 4 0
2017403602 37 0 1 1
2017405465 84 1 6 0
2017407145 85 1 6 0
2017407305 93 1 4 1
2017408476 84 1 6 1
2017408736 35 0 1 0
2017410408 85 1 6 1
2017410416 37 0 1 0
2017411350 93 1 4 0
2017411663 35 0 1 1
2017413679 37 0 1 1
2017414529 93 1 4 1
2017414621 85 1 6 0
2017417800 85 1 6 1
2017417892 37 0 1 0
2017419162 93 1 4 0
2017421071 37 0 1 1
2017423441 85 1 6 0
2017424189 93 1 4 1
2017426620 85 1 6 1
2017426712 37 0 1 0
2017428234 93 1 4 0
2017429891 37 0 1 1
2017430245 84 1 6 0
2017433185 85 1 6 0
2017433261 93 1 4 1
2017433516 35 0 1 0
2017433760 84 1 6 1
2017436448 85 1 6 1
2017436456 37 0 1 0
2017436947 35 0 1 1
2017439719 37 0 1 1
2017441937 93 1 4 0
2017445208 85 1 6 0
2017448479 37 0 1 0
2017451663 85 1 6 1
2017451760 84 1 6 0
2017452844 93 1 4 1
2017454934 37 0 1 1
2017455023 84 1 6 1
2017455031 35 0 1 0
2017456469 93 1 4 0
2017458648 85 1 6 0
2017459900 35 0 1 1
2017461328 93 1 4 1
2017461919 37 0 1 0
2017464515 85 1 6 1
2017465373 93 1 4 0
2017467786 37 0 1 1
2017469736 85 1 6 0
2017470232 93 1 4 1
2017472663 85 1 6 1
2017473007 37 0 1 0
2017475934 37 0 1 1
2017476681 93 1 4 0
2017478104 84 1 6 0
2017480115 35 0 1 0
2017481380 85 1 6 0
2017481703 84 1 6 1
2017481792 93 1 4 1
2017484651 37 0 1 0
2017484979 85 1 6 1
2017485837 93 1 4 0
2017488250 37 0 1 1
2017488836 35 0 1 1
2017489108 85 1 6 0
2017490696 93 1 4 1
2017492379 37 0 1 0
2017493967 85 1 6 1
2017494741 93 1 4 0
2017497238 37 0 1 1
2017498012 85 1 6 0
2017500020 93 1 4 1
2017501283 37 0 1 0
2017502283 85 1 6 1
2017504065 93 1 4 0
2017505554 37 0 1 1
2017507588 84 1 6 0
2017509344 93 1 4 1
2017509352 85 1 6 0
2017509599 35 0 1 0
2017511271 84 1 6 1
2017511943 85 1 6 1
2017512623 37 0 1 0
2017515214 37 0 1 1
2017515242 93 1 4 0
2017518748 35 0 1 1
2017518765 85 1 6 0
2017522036 37 0 1 0
2017525393 93 1 4 1
2017526157 84 1 6 0
2017526564 85 1 6 1
2017528168 35 0 1 0
2017528496 84 1 6 1
2017529835 37 0 1 1
2017533893 35 0 1 1
2017536746 93 1 4 0
2017540521 85 1 6 0
2017542613 93 1 4 1
2017543792 37 0 1 0
2017545800 85 1 6 1
2017549071 37 0 1 1
2017551458 93 1 4 0
2017556157 84 1 6 0
2017556569 93 1 4 1
2017556577 85 1 6 0
2017558168 35 0 1 0
2017559000 84 1 6 1
2017559420 85 1 6 1
2017559848 37 0 1 0
2017562691 37 0 1 1
2017564963 35 0 1 1
2017565250 93 1 4 0
2017568521 85 1 6 0
2017570193 93 1 4 1
2017571792 37 0 1 0
2017573464 85 1 6 1
2017576735 37 0 1 1
2017578274 93 1 4 0
2017581545 85 1 6 0
2017583301 93 1 4 1
2017584816 37 0 1 0
2017586572 85 1 6 1
2017589843 37 0 1 1
2017591462 93 1 4 0
2017594733 85 1 6 0
2017596573 93 1 4 1
2017598004 37 0 1 0
2017599760 85 1 6 1
2017600076 93 1 4 0
2017603031 37 0 1 1
2017605447 84 1 6 0
2017605531 85 1 6 0
2017607458 35 0 1 0
2017608802 37 0 1 0
2017609802 84 1 6 1
2017609886 85 1 6 1
2017613157 37 0 1 1
2017614183 84 1 6 0
2017614267 85 1 6 0
2017617538 37 0 1 0
2017618538 84 1 6 1
2017618622 85 1 6 1
2017621893 37 0 1 1
2017622919 84 1 6 0
2017623003 85 1 6 0
2017626274 37 0 1 0
2017627274 84 1 6 1
2017627358 85 1 6 1
2017630629 37 0 1 1
2017631655 84 1 6 0
2017631739 85 1 6 0
2017634498 84 1 6 1
2017635010 37 0 1 0
2017640798 85 1 6 1
2017642071 84 1 6 0
2017644069 37 0 1 1
2017645179 85 1 6 0
2017646594 84 1 6 1
2017648450 37 0 1 0
2017649534 85 1 6 1
2017651143 84 1 6 0
2017652805 37 0 1 1
2017653747 85 1 6 0
2017654243 93 1 4 1
2017655498 84 1 6 1
2017656590 85 1 6 1
2017657018 37 0 1 0
2017659334 93 1 4 0
2017659861 37 0 1 1
2017664705 85 1 6 0
2017664957 84 1 6 0
2017667976 37 0 1 0
2017669060 85 1 6 1
2017669312 84 1 6 1
2017672331 37 0 1 1
2017673441 85 1 6 0
2017673693 84 1 6 0
2017676712 37 0 1 0
2017677292 84 1 6 1
2017682668 85 1 6 1
2017685789 84 1 6 0
2017685939 37 0 1 1
2017687049 85 1 6 0
2017690312 84 1 6 1
2017690320 37 0 1 0
2017691404 85 1 6 1
2017694675 37 0 1 1
2017694861 84 1 6 0
2017695785 85 1 6 0
2017699056 37 0 1 0
2017699384 84 1 6 1
2017700140 85 1 6 1
2017703411 37 0 1 1
2017703933 84 1 6 0
2017704521 85 1 6 0
2017707792 37 0 1 0
2017708372 84 1 6 1
2017708876 85 1 6 1
2017712147 37 0 1 1
2017712837 84 1 6 0
2017713257 85 1 6 0
2017716436 84 1 6 1
2017716528 37 0 1 0
2017722484 85 1 6 1
2017724933 84 1 6 0
2017725755 37 0 1 1
2017726697 85 1 6 0
2017729456 84 1 6 1
2017729968 37 0 1 0
2017730884 85 1 6 1
2017734005 84 1 6 0
2017734155 37 0 1 1
2017735265 85 1 6 0
2017737604 84 1 6 1
2017738536 37 0 1 0
2017746340 85 1 6 1
2017747949 84 1 6 0
2017749611 37 0 1 1
2017749965 85 1 6 0
2017751044 84 1 6 1
2017753236 37 0 1 0
2017758520 85 1 6 1
2017759121 84 1 6 0
2017759773 35 0 1 1
2017760628 35 0 1 0
2017761791 37 0 1 1
2017762733 85 1 6 0
2017763140 84 1 6 1
2017766004 37 0 1 0
2017770847 35 0 1 1
2017772296 85 1 6 1
2017772561 84 1 6 0
2017774572 35 0 1 0
2017775567 37 0 1 1
2017775669 85 1 6 0
2017775908 84 1 6 1
2017778940 37 0 1 0
2017782865 35 0 1 1
2017784392 85 1 6 1
2017784657 84 1 6 0
2017786668 35 0 1 0
2017787663 37 0 1 1
2017787765 85 1 6 0
2017788004 84 1 6 1
2017791036 37 0 1 0
2017794961 35 0 1 1
2017799176 85 1 6 1
2017799441 84 1 6 0
2017801452 35 0 1 0
2017802447 37 0 1 1
2017932069 93 1 4 1
2017933408 84 1 6 1
2017934488 93 1 4 0
2017937759 84 1 6 0
2017943631 93 1 4 1
2017946902 84 1 6 1
2017947943 93 1 4 0
2017951214 84 1 6 0
2017956842 85 1 6 0
2017959349 84 1 6 1
2017961287 37 0 1 0
2017967329 85 1 6 1
2017968266 84 1 6 0
2017971878 85 1 6 0
2017972957 84 1 6 1
2017977750 93 1 4 1
2017980031 93 1 4 0
2017980433 85 1 6 1
2017985486 85 1 6 0
2017985738 84 1 6 0
2017986099 37 0 1 1
2017987683 37 0 1 0
2017989085 84 1 6 1
2017998241 85 1 6 1
2018000690 84 1 6 0
2018001866 85 1 6 0
2018003281 84 1 6 1
2018011765 85 1 6 1
2018014046 85 1 6 0
2018018078 84 1 6 0
2018022265 84 1 6 1
2018022513 85 1 6 1
2018026646 84 1 6 0
2018026898 85 1 6 0
2018030413 84 1 6 1
2018039750 84 1 6 0
2018043438 93 1 4 1
2018043685 84 1 6 1
2018045719 93 1 4 0
2018058650 84 1 6 0
2018062165 84 1 6 1
2018071082 84 1 6 0
2018074849 84 1 6 1
2018084270 84 1 6 0
2018087953 84 1 6 1
2018096450 84 1 6 0
2018100301 84 1 6 1
2018105430 93 1 4 1
2018107711 93 1 4 0
2018115098 84 1 6 0
2018119201 84 1 6 1
2018129126 84 1 6 0
2018131885 84 1 6 1
2018138702 84 1 6 0
2018141797 84 1 6 1
2018159450 84 1 6 0
2018164813 84 1 6 1
2018166666 93 1 4 1
2018168947 93 1 4 0
2018171798 84 1 6 0
2018176153 84 1 6 1
2018180534 84 1 6 0
2018184889 84 1 6 1
2018189270 84 1 6 0
2018191861 84 1 6 1
2018198174 84 1 6 0
2018202781 84 1 6 1
2018207162 84 1 6 0
2018211517 84 1 6 1
2018214042 93 1 4 1
2018217667 93 1 4 0
2018220854 84 1 6 0
2018223282 93 1 4 1
2018224873 84 1 6 1
2018226907 93 1 4 0
2018232522 93 1 4 1
2018232866 84 1 6 0
2018235373 84 1 6 1
2018236147 93 1 4 0
2018241762 93 1 4 1
2018246899 93 1 4 0
2018251346 84 1 6 0
2018252514 93 1 4 1
2018254609 84 1 6 1
2018256139 93 1 4 0
2018261082 93 1 4 1
2018266975 93 1 4 0
2018268734 84 1 6 0
2018271666 93 1 4 1
2018273005 84 1 6 1
2018276030 93 1 4 0
2018280973 93 1 4 1
2018284766 93 1 4 0
2018286105 84 1 6 0
2018290381 93 1 4 1
2018290628 84 1 6 1
2018294342 93 1 4 0
2018299545 84 1 6 0
2018300209 93 1 4 1
2018302556 84 1 6 1
2018303223 93 1 4 0
2018311862 93 1 4 1
2018315487 93 1 4 0
2018317750 84 1 6 0
2018323365 84 1 6 1
2018325722 93 1 4 1
2018328675 93 1 4 0
2018331190 84 1 6 0
2018335377 84 1 6 1
2018337230 93 1 4 1
2018340183 93 1 4 0
2018348746 84 1 6 0
2018349074 93 1 4 1
2018351505 84 1 6 1
2018352027 93 1 4 0
2018360582 93 1 4 1
2018363535 93 1 4 0
2018365882 84 1 6 0
2018370405 84 1 6 1
2018372426 93 1 4 1
2018375379 93 1 4 0
2018382850 84 1 6 0
2018384186 93 1 4 1
2018386281 84 1 6 1
2018387139 93 1 4 0
2018395694 93 1 4 1
2018399235 93 1 4 0
2018401582 84 1 6 0
2018405013 84 1 6 1
2018407706 93 1 4 1
2018410659 93 1 4 0
2018419054 84 1 6 0
2018419298 93 1 4 1
2018422317 84 1 6 1
2018422335 93 1 4 0
2018425774 84 1 6 0
2018431058 93 1 4 1
2018433909 84 1 6 1
2018434095 93 1 4 0
2018437534 84 1 6 0
2018442650 93 1 4 1
2018445417 84 1 6 1
2018445603 93 1 4 0
2018449042 84 1 6 0
2018453906 93 1 4 1
2018456757 84 1 6 1
2018456943 93 1 4 0
2018460466 84 1 6 0
2018462061 85 1 6 1
2018465666 93 1 4 1
2018468703 93 1 4 0
2018468853 84 1 6 1
2018471974 84 1 6 0
2018476754 93 1 4 1
2018480025 84 1 6 1
2018480211 93 1 4 0
2018483482 84 1 6 0
2018488598 93 1 4 1
2018491635 93 1 4 0
2018491869 84 1 6 1
2018494906 84 1 6 0
2018500358 93 1 4 1
2018503395 93 1 4 0
2018503629 84 1 6 1
2018506666 84 1 6 0
2018512118 93 1 4 1
2018515155 93 1 4 0
2018515389 84 1 6 1
2018518426 84 1 6 0
2018523542 93 1 4 1
2018526579 93 1 4 0
2018526813 84 1 6 1
2018529850 84 1 6 0
2018535302 93 1 4 1
2018538339 93 1 4 0
2018538573 84 1 6 1
2018541610 84 1 6 0
2018547062 93 1 4 1
2018550099 93 1 4 0
2018550333 84 1 6 1
2018553370 84 1 6 0
2018556638 93 1 4 1
2018559591 93 1 4 0
2018559909 84 1 6 1
2018562862 84 1 6 0
2018567726 93 1 4 1
2018570763 93 1 4 0
2018570997 84 1 6 1
2018574034 84 1 6 0
2018578730 93 1 4 1
2018581851 93 1 4 0
2018582001 84 1 6 1
2018585122 84 1 6 0
2018589818 93 1 4 1
2018592855 93 1 4 0
2018593089 84 1 6 1
2018596126 84 1 6 0
2018600822 93 1 4 1
2018603943 93 1 4 0
2018604093 84 1 6 1
2018607214 84 1 6 0
2018611994 93 1 4 1
2018615115 93 1 4 0
2018615265 84 1 6 1
2018618386 84 1 6 0
2018620142 93 1 4 1
2018623161 84 1 6 1
2018623179 93 1 4 0
2018626282 85 1 6 0
2018628290 93 1 4 1
2018628382 84 1 6 0
2018630805 84 1 6 1
2018631411 93 1 4 0
2018631981 85 1 6 1
2018633170 85 1 6 0
2018636438 93 1 4 1
2018639475 93 1 4 0
2018644250 93 1 4 1
2018645014 84 1 6 0
2018647353 84 1 6 1
2018647623 93 1 4 0
2018648109 85 1 6 1
2018651986 84 1 6 0
2018652070 85 1 6 0
2018653070 93 1 4 1
2018654493 84 1 6 1
2018656779 93 1 4 0
2018660882 93 1 4 1
2018665683 93 1 4 0
2018666505 85 1 6 1
2018667190 85 1 6 0
2018669366 93 1 4 1
2018672385 85 1 6 1
2018673327 93 1 4 0
2018676682 85 1 6 0
2018677102 84 1 6 0
2018677262 93 1 4 1
2018679945 84 1 6 1
2018680701 85 1 6 1
2018681055 93 1 4 0
2018683570 85 1 6 0
2018685578 93 1 4 1
2018690043 93 1 4 0
2018694734 93 1 4 1
2018698695 93 1 4 0
2018703058 84 1 6 0
2018704226 93 1 4 1
2018705985 84 1 6 1
2018707245 85 1 6 1
2018709111 93 1 4 0
2018711290 85 1 6 0
2018714726 93 1 4 1
2018718183 93 1 4 0
2018722874 93 1 4 1
2018726247 93 1 4 0
2018732542 84 1 6 0
2018732954 93 1 4 1
2018735469 84 1 6 1
2018737083 93 1 4 0
2018742874 84 1 6 0
2018746898 93 1 4 1
2018747229 84 1 6 1
2018749749 85 1 6 1
2018750439 93 1 4 0
2018752954 85 1 6 0
2018758918 84 1 6 0
2018759414 93 1 4 1
2018762097 84 1 6 1
2018762871 93 1 4 0
2018772182 93 1 4 1
2018775723 93 1 4 0
2018778154 84 1 6 0
2018783265 84 1 6 1
2018784950 93 1 4 1
2018788491 93 1 4 0
2018794030 84 1 6 0
2018797466 93 1 4 1
2018797797 84 1 6 1
2018801279 93 1 4 0
2018808246 84 1 6 0
2018810254 93 1 4 1
2018811761 84 1 6 1
2018813421 85 1 6 1
2018813627 93 1 4 0
2018815806 85 1 6 0
2018821014 84 1 6 0
2018822686 93 1 4 1
2018824865 84 1 6 1
2018826209 85 1 6 1
2018826227 93 1 4 0
2018828406 85 1 6 0
2018835286 93 1 4 1
2018838743 93 1 4 0
2018841174 84 1 6 0
2018845445 84 1 6 1
2018847718 93 1 4 1
2018851175 93 1 4 0
2018855958 84 1 6 0
2018858801 84 1 6 1
2018859898 93 1 4 1
2018863355 93 1 4 0
2018867179 85 1 6 1
2018867382 84 1 6 0
2018870070 85 1 6 0
2018870141 84 1 6 1
2018872498 93 1 4 1
2018875685 85 1 6 1
2018876039 93 1 4 0
2018879310 85 1 6 0
2018883846 84 1 6 0
2018883917 85 1 6 1
2018884510 93 1 4 1
2018887109 84 1 6 1
2018887883 93 1 4 0
2018892582 85 1 6 0
2018895522 84 1 6 0
2018896690 93 1 4 1
2018898449 85 1 6 1
2018899121 84 1 6 1
2018900147 93 1 4 0
2018904594 84 1 6 0
2018906190 85 1 6 0
2018907605 84 1 6 1
2018909290 93 1 4 1
2018910629 85 1 6 1
2018912747 93 1 4 0
2018914674 84 1 6 0
2018918538 85 1 6 0
2018918945 84 1 6 1
2018921890 93 1 4 1
2018923061 85 1 6 1
2018925431 93 1 4 0
2018926770 84 1 6 0
2018929206 85 1 6 0
2018929277 84 1 6 1
2018933645 85 1 6 1
2018933742 84 1 6 0
2018934238 93 1 4 1
2018936921 84 1 6 1
2018937611 93 1 4 0
2018941638 85 1 6 0
2018943822 84 1 6 0
2018946413 85 1 6 1
2018946754 93 1 4 1
2018948513 84 1 6 1
2018950295 93 1 4 0
2018954322 85 1 6 0
2018959194 84 1 6 0
2018959438 93 1 4 1
2018960861 85 1 6 1
2018962121 84 1 6 1
2018962979 93 1 4 0
2018968434 85 1 6 0
2018970106 93 1 4 1
2018972975 93 1 4 0
2018973293 85 1 6 1
2018974062 84 1 6 0
2018978682 85 1 6 0
2018978753 84 1 6 1
2018980522 93 1 4 1
2018983709 85 1 6 1
2018984903 93 1 4 0
2018988174 85 1 6 0
2018992114 93 1 4 1
2018993453 85 1 6 1
2018995881 37 0 1 1
2018996663 93 1 4 0
2018998002 84 1 6 0
2019001194 85 1 6 0
2019001265 84 1 6 1
2019004378 93 1 4 1
2019004465 37 0 1 0
2019007499 93 1 4 0
2019007565 85 1 6 1
2019010920 37 0 1 1
2019011686 93 1 4 1
2019014807 93 1 4 0
2019015894 85 1 6 0
2019016230 84 1 6 0
2019019165 37 0 1 0
2019020249 85 1 6 1
2019020501 84 1 6 1
2019022186 93 1 4 1
2019022446 85 1 6 0
2019025373 85 1 6 1
2019026544 37 0 1 1
2019026567 93 1 4 0
2019030846 85 1 6 0
2019032526 84 1 6 0
2019033778 93 1 4 1
2019034117 37 0 1 0
2019034445 85 1 6 1
2019036209 84 1 6 1
2019037800 37 0 1 1
2019038243 93 1 4 0
2019042354 85 1 6 0
2019045202 93 1 4 1
2019045625 37 0 1 0
2019047297 85 1 6 1
2019049415 93 1 4 0
2019050652 37 0 1 1
2019050838 84 1 6 0
2019054534 85 1 6 0
2019054773 84 1 6 1
2019055030 93 1 4 1
2019057805 37 0 1 0
2019058217 85 1 6 1
2019058655 93 1 4 0
2019061572 37 0 1 1
2019061926 85 1 6 0
2019064102 93 1 4 1
2019065197 37 0 1 0
2019066617 85 1 6 1
2019067727 93 1 4 0
2019069972 37 0 1 1
2019070914 84 1 6 0
2019073006 93 1 4 1
2019075185 84 1 6 1
2019076715 93 1 4 0
2019079482 85 1 6 0
2019082162 93 1 4 1
2019082753 37 0 1 0
2019085349 85 1 6 1
2019088704 37 0 1 1
2019092339 93 1 4 0
2019094686 84 1 6 0
2019097534 93 1 4 1
2019099461 84 1 6 1
2019109391 93 1 4 0
2019111570 85 1 6 0
2019114841 37 0 1 0
2019115006 93 1 4 1
2019118193 85 1 6 1
2019121548 37 0 1 1
2019125603 93 1 4 0
2019129462 85 1 6 0
2019130798 93 1 4 1
2019130806 84 1 6 0
2019132557 85 1 6 1
2019132733 37 0 1 0
2019133649 84 1 6 1
2019135912 37 0 1 1
2019140891 93 1 4 0
2019144750 85 1 6 0
2019145918 93 1 4 1
2019148021 37 0 1 0
2019149105 85 1 6 1
2019152460 37 0 1 1
2019157271 93 1 4 0
2019160458 85 1 6 0
2019162718 93 1 4 1
2019163650 84 1 6 0
2019163729 37 0 1 0
2019164225 85 1 6 1
2019165905 84 1 6 1
2019167580 37 0 1 1
2019173231 93 1 4 0
2019177678 84 1 6 0
2019178426 93 1 4 1
2019179190 85 1 6 0
2019180605 84 1 6 1
2019181529 85 1 6 1
2019182461 37 0 1 0
2019183143 93 1 4 0
2019184884 37 0 1 1
2019186414 85 1 6 0
2019186910 93 1 4 1
2019189685 37 0 1 0
2019190181 85 1 6 1
2019193536 37 0 1 1
2019198179 93 1 4 0
2019202962 85 1 6 0
2019203458 93 1 4 1
2019204138 84 1 6 0
2019205805 85 1 6 1
2019206233 37 0 1 0
2019206561 84 1 6 1
2019209160 37 0 1 1
2019211199 93 1 4 0
2019215394 85 1 6 0
2019216730 93 1 4 1
2019218665 37 0 1 0
2019219917 85 1 6 1
2019223272 37 0 1 1
2019223883 93 1 4 0
2019227070 85 1 6 0
2019229414 93 1 4 1
2019230178 84 1 6 0
2019230341 37 0 1 0
2019231257 85 1 6 1
2019232433 84 1 6 1
2019233459 93 1 4 0
2019234612 37 0 1 1
2019238746 85 1 6 0
2019242017 37 0 1 0
2019244626 84 1 6 0
2019247973 85 1 6 1
2019249989 84 1 6 1
2019251328 37 0 1 1
2019251346 85 1 6 0
2019254533 37 0 1 0
2019254538 84 1 6 0
2019254609 85 1 6 1
2019257880 37 0 1 1
2019258814 93 1 4 1
2019260237 84 1 6 1
2019261021 93 1 4 0
2019263368 85 1 6 0
2019265216 84 1 6 0
2019266639 37 0 1 0
2019268143 84 1 6 1
2019268479 85 1 6 1
2019271516 84 1 6 0
2019271834 37 0 1 1
2019274876 85 1 6 0
2019277971 84 1 6 1
2019278055 85 1 6 1
2019278147 37 0 1 0
2019281092 85 1 6 0
2019281410 37 0 1 1
2019282940 84 1 6 0
2019284363 37 0 1 0
2019284607 85 1 6 1
2019287878 37 0 1 1
2019289227 84 1 6 1
2019291676 85 1 6 0
2019292516 84 1 6 0
2019294863 37 0 1 0
2019295611 84 1 6 1
2019296787 85 1 6 1
2019298312 84 1 6 0
2019300142 37 0 1 1
2019414728 93 1 4 1
2019417034 93 1 4 0
2019420893 85 1 6 0
2019424416 37 0 1 0
2019461200 85 1 6 1
2019464555 37 0 1 1
2019464993 85 1 6 0
2019468264 37 0 1 0
2019478840 85 1 6 1
2019481457 85 1 6 0
2019482195 37 0 1 1
2019484728 37 0 1 0
2019486820 85 1 6 1
2019490091 37 0 1 1
2019490781 85 1 6 0
2019494052 37 0 1 0
2019497777 85 1 6 1
2019500693 85 1 6 0
2019501179 37 0 1 1
2019503964 37 0 1 0
2019510592 85 1 6 1
2019513863 37 0 1 1
2019515141 85 1 6 0
2019518244 37 0 1 0
2019523649 85 1 6 1
2019526967 37 0 1 1
2019527069 85 1 6 0
2019530340 37 0 1 0
2019534737 85 1 6 1
2019537929 85 1 6 0
2019537971 37 0 1 1
2019541116 37 0 1 0
2019543305 85 1 6 1
2019546563 37 0 1 1
2019546725 85 1 6 0
2019549996 37 0 1 0
2019556120 85 1 6 1
2019559475 37 0 1 1
2019559937 85 1 6 0
2019563124 37 0 1 0
2019567833 85 1 6 1
2019570353 85 1 6 0
2019571091 37 0 1 1
2019573624 37 0 1 0
2019576976 85 1 6 1
2019579485 85 1 6 0
2019580331 37 0 1 1
2019582756 37 0 1 0
2019590056 85 1 6 1
2019593033 85 1 6 0
2019593411 37 0 1 1
2019596304 37 0 1 0
2019598816 85 1 6 1
2019602172 37 0 1 1
2019604769 85 1 6 0
2019608040 37 0 1 0
2019610384 85 1 6 1
2019613655 37 0 1 1
2019614177 85 1 6 0
2019617449 37 0 1 0
2019619204 85 1 6 1
2019621401 85 1 6 0
2019626008 85 1 6 1
2019627096 37 0 1 1
2019628877 85 1 6 0
2019632064 37 0 1 0
2019633736 85 1 6 1
2019637007 37 0 1 1
2019637949 85 1 6 0
2019641220 37 0 1 0
2019645328 85 1 6 1
2019647945 85 1 6 0
2019648599 37 0 1 1
2019651216 37 0 1 0
2019653056 85 1 6 1
2019656411 37 0 1 1
2019657269 85 1 6 0
2019660540 37 0 1 0
2019668092 85 1 6 1
2019671045 85 1 6 0
2019671363 37 0 1 1
2019674232 37 0 1 0
2019680608 85 1 6 1
2019683795 37 0 1 1
2019684485 85 1 6 0
2019687588 37 0 1 0
2019693040 85 1 6 1
2019696227 37 0 1 1
2019696329 85 1 6 0
2019699516 37 0 1 0
2019701692 85 1 6 1
2019704963 37 0 1 1
2019705233 85 1 6 0
2019708504 37 0 1 0
2019714040 85 1 6 1
2019717311 37 0 1 1
2019717833 85 1 6 0
2019721020 37 0 1 0
2019723369 93 1 4 1
2019724120 85 1 6 1
2019725566 93 1 4 0
2019727391 37 0 1 1
2019730601 85 1 6 0
2019733872 37 0 1 0
2019740836 85 1 6 1
2019743453 85 1 6 0
2019744191 37 0 1 1
2019746724 37 0 1 0
2019751924 85 1 6 1
2019755195 37 0 1 1
2019756557 85 1 6 0
2019759828 37 0 1 0
2019773764 85 1 6 1
2019777035 37 0 1 1
2019777977 85 1 6 0
2019781164 37 0 1 0
2019787876 85 1 6 1
2019791147 37 0 1 1
2019792677 85 1 6 0
2019795952 37 0 1 0
2019797540 85 1 6 1
2019800895 37 0 1 1
2019802589 85 1 6 0
2019805860 37 0 1 0
2019807448 85 1 6 1
2019810719 37 0 1 1
2019814097 85 1 6 0
2019817368 37 0 1 0
2019821308 85 1 6 1
2019824579 37 0 1 1
2019828965 85 1 6 0
2019832236 37 0 1 0
2019834664 85 1 6 1
2019838019 37 0 1 1
2019895069 85 1 6 0
2019898340 37 0 1 0
2019920671 37 0 1 1
2019922960 37 0 1 0
2019926393 93 1 4 1
2019928578 93 1 4 0
2020005183 37 0 1 1
2020007420 37 0 1 0
2020075867 37 0 1 1
2020078156 37 0 1 0
2020091609 93 1 4 1
2020093839 93 1 4 0
2020129551 37 0 1 1
2020132016 37 0 1 0
2020185091 37 0 1 1
2020187508 37 0 1 0
2020340366 93 1 4 1
2020342643 93 1 4 0
2020372198 93 1 4 1
2020375364 93 1 4 0
2020553767 93 1 4 1
2020555964 93 1 4 0
2020727563 93 1 4 1
2020729844 93 1 4 0
2020909591 93 1 4 1
2020911596 85 1 6 1
2020911872 93 1 4 0
2020915143 85 1 6 0
2021093635 93 1 4 1
2021095832 93 1 4 0
2021266815 93 1 4 1
2021269103 93 1 4 0
2038166846 99 1 3 1
2038170947 99 1 3 0
2038175806 99 1 3 1
2038179899 99 1 3 0
2038184758 99 1 3 1
2038188935 99 1 3 0
2038193794 99 1 3 1
2038197887 99 1 3 0
2038202830 99 1 3 1
2038207007 99 1 3 0
2038211950 99 1 3 1
2038216111 99 1 3 0
2038220886 99 1 3 1
2038224955 99 1 3 0
2038229730 99 1 3 1
2038233887 99 1 3 0
2038238830 99 1 3 1
2038243075 99 1 3 0
2038248018 99 1 3 1
2038252183 99 1 3 0
2038256958 99 1 3 1
2038261199 99 1 3 0
2038266142 99 1 3 1
2038270295 99 1 3 0
2038275322 99 1 3 1
2038279507 99 1 3 0
2038284534 99 1 3 1
2038288747 99 1 3 0
2038293690 99 1 3 1
2038297739 99 1 3 0
2038302766 99 1 3 1
2038306979 99 1 3 0
2038311922 99 1 3 1
2038315971 99 1 3 0
2038320830 99 1 3 1
2038324875 99 1 3 0
2038329818 99 1 3 1
2038333867 99 1 3 0
2038338726 99 1 3 1
2038342775 99 1 3 0
2038347718 99 1 3 1
2038351763 99 1 3 0
2038356622 99 1 3 1
2038360671 99 1 3 0
2038365446 99 1 3 1
2038369491 99 1 3 0
2038374518 99 1 3 1
2038378651 99 1 3 0
2038383510 99 1 3 1
2038387555 99 1 3 0
2038392414 99 1 3 1
2038396547 99 1 3 0
2038401406 99 1 3 1
2038405451 99 1 3 0
2038410478 99 1 3 1
2038414779 99 1 3 0
2038419806 99 1 3 1
2038423851 99 1 3 0
2038428710 99 1 3 1
2038432843 99 1 3 0
2038437702 99 1 3 1
2038441747 99 1 3 0
2038446690 99 1 3 1
2038450907 99 1 3 0
2038455934 99 1 3 1
2038459979 99 1 3 0
2038464754 99 1 3 1
2038468803 99 1 3 0
2038473662 99 1 3 1
2038477707 99 1 3 0
2038482482 99 1 3 1
2038486531 99 1 3 0
2038491390 99 1 3 1
2038495435 99 1 3 0
2038500210 99 1 3 1
2038504091 99 1 3 0
2038509622 99 1 3 1
2038513755 99 1 3 0
2038518614 99 1 3 1
2038522659 99 1 3 0
2038537514 99 1 3 1
2038539803 99 1 3 0
2038610014 99 1 3 1
2038612327 99 1 3 0
2055864978 93 1 4 1
2055867378 95 1 4 1
2055870006 93 1 4 0
2055871596 95 1 4 0
2055874678 93 1 4 1
2055875783 95 1 4 1
2055879618 93 1 4 0
2055880164 95 1 4 0
2055884290 93 1 4 1
2055884519 95 1 4 1
2055888900 95 1 4 0
2055889054 93 1 4 0
2055893255 95 1 4 1
2055893374 93 1 4 1
2055897636 95 1 4 0
2055897962 93 1 4 0
2055901991 95 1 4 1
2055902458 93 1 4 1
2055906372 95 1 4 0
2055907134 93 1 4 0
2055910895 95 1 4 1
2055911630 93 1 4 1
2055915444 95 1 4 0
2055916394 93 1 4 0
2055919967 95 1 4 1
2055920890 93 1 4 1
2055924516 95 1 4 0
2055925478 93 1 4 0
2055929039 95 1 4 1
2055929798 93 1 4 1
2055933588 95 1 4 0
2055934382 93 1 4 0
2055938111 95 1 4 1
2055938706 93 1 4 1
2055942660 95 1 4 0
2055943290 93 1 4 0
2055947183 95 1 4 1
2055947610 93 1 4 1
2055951732 95 1 4 0
2055952198 93 1 4 0
2055956171 95 1 4 1
2055956518 93 1 4 1
2055960636 95 1 4 0
2055961106 93 1 4 0
2055965075 95 1 4 1
2055965602 93 1 4 1
2055969540 95 1 4 0
2055970366 93 1 4 0
2055974063 95 1 4 1
2055974862 93 1 4 1
2055978612 95 1 4 0
2055979446 93 1 4 0
2055983135 95 1 4 1
2055983770 93 1 4 1
2055987684 95 1 4 0
2055988354 93 1 4 0
2055992207 95 1 4 1
2055992766 93 1 4 1
2055996756 95 1 4 0
2055997350 93 1 4 0
2056001279 95 1 4 1
2056001670 93 1 4 1
2056005828 95 1 4 0
2056006258 93 1 4 0
2056010267 95 1 4 1
2056010578 93 1 4 1
2056014732 95 1 4 0
2056015166 93 1 4 0
2056019171 95 1 4 1
2056019662 93 1 4 1
2056023636 95 1 4 0
2056024406 93 1 4 0
2056028159 95 1 4 1
2056028902 93 1 4 1
2056032708 95 1 4 0
2056033666 93 1 4 0
2056037231 95 1 4 1
2056038154 93 1 4 1
2056041780 95 1 4 0
2056042742 93 1 4 0
2056046303 95 1 4 1
2056047062 93 1 4 1
2056050852 95 1 4 0
2056051776 93 1 4 0
2056055375 95 1 4 1
2056056246 93 1 4 1
2056059924 95 1 4 0
2056060746 93 1 4 0
2056064447 95 1 4 1
2056065066 93 1 4 1
2056068996 95 1 4 0
2056069650 93 1 4 0
2056073519 95 1 4 1
2056073974 93 1 4 1
2056078068 95 1 4 0
2056078558 93 1 4 0
2056082507 95 1 4 1
2056082882 93 1 4 1
2056086972 95 1 4 0
2056087466 93 1 4 0
2056091411 95 1 4 1
2056091786 93 1 4 1
2056095876 95 1 4 0
2056096374 93 1 4 0
2056100315 95 1 4 1
2056100958 93 1 4 1
2056104780 95 1 4 0
2056105722 93 1 4 0
2056109303 95 1 4 1
2056110218 93 1 4 1
2056113852 95 1 4 0
2056114806 93 1 4 0
2056118375 95 1 4 1
2056119126 93 1 4 1
2056122940 95 1 4 0
2056123628 93 1 4 0
2056127619 95 1 4 1
2056132132 95 1 4 0
2056136039 95 1 4 1
2056137962 93 1 4 1
2056141920 95 1 4 0
2056143638 93 1 4 0
2056145771 95 1 4 1
2056147146 93 1 4 1
2056151624 95 1 4 0
2056152446 93 1 4 0
2056155475 95 1 4 1
2056156118 93 1 4 1
2056161240 95 1 4 0
2056161754 93 1 4 0
2056165091 95 1 4 1
2056165513 93 1 4 1
2056170772 95 1 4 0
2056171062 93 1 4 0
2056174455 95 1 4 1
2056174746 93 1 4 1
2056180044 95 1 4 0
2056180342 93 1 4 0
2056183727 95 1 4 1
2056184130 93 1 4 1
2056189232 95 1 4 0
2056189898 93 1 4 0
2056192915 95 1 4 1
2056193514 93 1 4 1
2056198504 95 1 4 0
2056199122 93 1 4 0
2056202187 95 1 4 1
2056202817 93 1 4 1
2056207780 95 1 4 0
2056208537 93 1 4 0
2056211547 95 1 4 1
2056212145 93 1 4 1
2056217308 95 1 4 0
2056217773 93 1 4 0
2056221159 95 1 4 1
2056221532 93 1 4 1
2056226928 95 1 4 0
2056227184 93 1 4 0
2056230611 95 1 4 1
2056230855 93 1 4 1
2056236112 95 1 4 0
2056236368 93 1 4 0
2056239795 95 1 4 1
2056240039 93 1 4 1
2056245388 95 1 4 0
2056245472 93 1 4 0
2056249071 95 1 4 1
2056249143 93 1 4 1
2056254572 95 1 4 0
2056254828 93 1 4 0
2056258255 95 1 4 1
2056258499 93 1 4 1
2056263848 95 1 4 0
2056263932 93 1 4 0
2056267531 95 1 4 1
2056267603 93 1 4 1
2056273120 95 1 4 0
2056273204 93 1 4 0
2056276803 95 1 4 1
2056276875 93 1 4 1
2056282304 95 1 4 0
2056282388 93 1 4 0
2056285987 95 1 4 1
2056286059 93 1 4 1
2056291492 93 1 4 0
2056291580 95 1 4 0
2056295163 93 1 4 1
2056295263 95 1 4 1
2056300764 93 1 4 0
2056300852 95 1 4 0
2056304523 93 1 4 1
2056304535 95 1 4 1
2056310040 95 1 4 0
2056310124 93 1 4 0
2056313723 95 1 4 1
2056313795 93 1 4 1
2056319312 95 1 4 0
2056319396 93 1 4 0
2056322995 95 1 4 1
2056323067 93 1 4 1
2056328500 95 1 4 0
2056328584 93 1 4 0
2056332183 95 1 4 1
2056332255 93 1 4 1
2056337684 93 1 4 0
2056337772 95 1 4 0
2056341355 93 1 4 1
2056341455 95 1 4 1
2056346960 93 1 4 0
2056347048 95 1 4 0
2056350635 93 1 4 1
2056350731 95 1 4 1
2056356144 93 1 4 0
2056356232 95 1 4 0
2056359799 93 1 4 1
2056359915 95 1 4 1
2056365420 93 1 4 0
2056365508 95 1 4 0
2056369191 95 1 4 1
2056369247 93 1 4 1
2056374692 95 1 4 0
2056374948 93 1 4 0
2056375193 92 1 4 1
2056379047 95 1 4 1
2056379323 93 1 4 1
2056383624 95 1 4 0
2056383792 93 1 4 0
2056388147 95 1 4 1
2056388251 93 1 4 1
2056392724 95 1 4 0
2056392808 93 1 4 0
2056397247 95 1 4 1
2056397359 93 1 4 1
2056399804 95 1 4 0
2056402752 93 1 4 0
2056403151 95 1 4 1
2056407299 93 1 4 1
2056407732 95 1 4 0
2056412356 93 1 4 0
2056412759 95 1 4 1
2056412890 85 1 6 1
2056414595 85 1 6 0
2056416907 93 1 4 1
2056417340 95 1 4 0
2056420040 85 1 6 1
2056421796 93 1 4 0
2056422199 95 1 4 1
2056424295 85 1 6 0
2056426347 93 1 4 1
2056426692 95 1 4 0
2056429574 85 1 6 1
2056431064 93 1 4 0
2056434267 85 1 6 0
2056436319 93 1 4 1
2056439546 85 1 6 1
2056440676 93 1 4 0
2056443875 85 1 6 0
2056445751 93 1 4 1
2056449070 85 1 6 1
2056449944 93 1 4 0
2056453147 85 1 6 0
2056455019 93 1 4 1
2056458258 85 1 6 1
2056459220 93 1 4 0
2056462423 85 1 6 0
2056464383 93 1 4 1
2056467618 85 1 6 1
2056468492 93 1 4 0
2056471695 85 1 6 0
2056473659 93 1 4 1
2056476974 85 1 6 1
2056477768 93 1 4 0
2056481059 85 1 6 0
2056482851 93 1 4 1
2056486170 85 1 6 1
2056486868 93 1 4 0
2056490067 85 1 6 0
2056491767 93 1 4 1
2056495010 85 1 6 1
2056495968 93 1 4 0
2056499171 85 1 6 0
2056500867 93 1 4 1
2056504114 85 1 6 1
2056504980 93 1 4 0
2056508183 85 1 6 0
2056510147 93 1 4 1
2056513378 85 1 6 1
2056514252 93 1 4 0
2056517451 85 1 6 0
2056519415 93 1 4 1
2056522730 85 1 6 1
2056523528 93 1 4 0
2056526731 85 1 6 0
2056528519 93 1 4 1
2056531758 85 1 6 1
2056532628 93 1 4 0
2056535831 85 1 6 0
2056537795 93 1 4 1
2056541026 85 1 6 1
2056541904 93 1 4 0
2056545111 85 1 6 0
2056546983 93 1 4 1
2056550306 85 1 6 1
2056551172 93 1 4 0
2056554459 85 1 6 0
2056556159 93 1 4 1
2056559486 85 1 6 1
2056560272 93 1 4 0
2056563479 85 1 6 0
2056565003 93 1 4 1
2056568254 85 1 6 1
2056569108 93 1 4 0
2056572311 85 1 6 0
2056574187 93 1 4 1
2056577422 85 1 6 1
2056578220 93 1 4 0
2056581427 85 1 6 0
2056583303 93 1 4 1
2056586622 85 1 6 1
2056587404 93 1 4 0
2056590611 85 1 6 0
2056592399 93 1 4 1
2056595638 85 1 6 1
2056596508 93 1 4 0
2056599715 85 1 6 0
2056601679 93 1 4 1
2056604910 85 1 6 1
2056605780 93 1 4 0
2056608987 85 1 6 0
2056610951 93 1 4 1
2056614266 85 1 6 1
2056615056 93 1 4 0
2056618259 85 1 6 0
2056619959 93 1 4 1
2056623202 85 1 6 1
2056623988 93 1 4 0
2056627191 85 1 6 0
2056628891 93 1 4 1
2056632134 85 1 6 1
2056632828 93 1 4 0
2056636035 85 1 6 0
2056637383 93 1 4 1
2056640642 85 1 6 1
2056641492 93 1 4 0
2056644695 85 1 6 0
2056646659 93 1 4 1
2056649890 85 1 6 1
2056650680 93 1 4 0
2056653851 85 1 6 0
2056655283 93 1 4 1
2056658542 85 1 6 1
2056659424 93 1 4 0
2056662627 85 1 6 0
2056663623 93 1 4 1
2056664808 92 1 4 0
2056666898 85 1 6 1
2056672288 93 1 4 0
2056675575 85 1 6 0
2056676047 93 1 4 1
2056679342 85 1 6 1
2056690196 93 1 4 0
2056693255 93 1 4 1
2056693399 85 1 6 0
2056696494 85 1 6 1
2056697807 92 1 4 1
2056703756 92 1 4 0
2056704352 93 1 4 0
2056707271 92 1 4 1
2056707551 85 1 6 0
2056708199 93 1 4 1
2056710216 92 1 4 0
2056711402 85 1 6 1
2056717511 92 1 4 1
2056720380 93 1 4 0
2056723551 85 1 6 0
2056723708 92 1 4 0
2056723963 93 1 4 1
2056727150 85 1 6 1
2056732935 92 1 4 1
2056735556 93 1 4 0
2056738743 85 1 6 0
2056739140 92 1 4 0
2056739155 93 1 4 1
2056742342 85 1 6 1
2056748283 92 1 4 1
2056750904 93 1 4 0
2056754091 85 1 6 0
2056754484 92 1 4 0
2056754503 93 1 4 1
2056757690 85 1 6 1
2056757999 92 1 4 1
2056760940 92 1 4 0
2056766072 93 1 4 0
2056768403 92 1 4 1
2056769259 85 1 6 0
2056769335 93 1 4 1
2056772522 85 1 6 1
2056774768 92 1 4 0
2056775024 93 1 4 0
2056777867 93 1 4 1
2056778211 85 1 6 0
2056781054 85 1 6 1
2056783911 92 1 4 1
2056788580 93 1 4 0
2056790116 92 1 4 0
2056791767 85 1 6 0
2056792599 93 1 4 1
2056795786 85 1 6 1
2056799259 92 1 4 1
2056805116 93 1 4 0
2056805460 92 1 4 0
2056808303 85 1 6 0
2056808883 93 1 4 1
2056809143 92 1 4 1
2056811572 92 1 4 0
2056812070 85 1 6 1
2056818447 92 1 4 1
2056820720 93 1 4 0
2056823907 85 1 6 0
2056824319 93 1 4 1
2056824556 92 1 4 0
2056827506 85 1 6 1
2056835724 93 1 4 0
2056838911 85 1 6 0
2056839911 93 1 4 1
2056843098 85 1 6 1
2056850988 93 1 4 0
2056854175 85 1 6 0
2056855931 93 1 4 1
2056859118 85 1 6 1
2056866764 93 1 4 0
2056869951 85 1 6 0
2056871623 93 1 4 1
2056874810 85 1 6 1
2056883212 93 1 4 0
2056886399 85 1 6 0
2056888155 93 1 4 1
2056891342 85 1 6 1
2056898988 93 1 4 0
2056902175 85 1 6 0
2056903931 93 1 4 1
2056907118 85 1 6 1
2056909472 93 1 4 0
2056912063 93 1 4 1
2056912659 85 1 6 0
2056915250 85 1 6 1
2056920556 93 1 4 0
2056923743 85 1 6 0
2056924911 93 1 4 1
2056928098 85 1 6 1
2056936072 93 1 4 0
2056939259 85 1 6 0
2056941015 93 1 4 1
2056944202 85 1 6 1
2056951928 93 1 4 0
2056955115 85 1 6 0
2056956787 93 1 4 1
2056959974 85 1 6 1
2056968040 93 1 4 0
2056971227 85 1 6 0
2056972983 93 1 4 1
2056976170 85 1 6 1
2056984236 93 1 4 0
2056987423 85 1 6 0
2056989180 93 1 4 1
2056992366 85 1 6 1
2057000348 93 1 4 0
2057003535 85 1 6 0
2057005291 93 1 4 1
2057008478 85 1 6 1
2057016460 93 1 4 0
2057019647 85 1 6 0
2057021403 93 1 4 1
2057024590 85 1 6 1
2057032236 93 1 4 0
2057035423 85 1 6 0
2057037095 93 1 4 1
2057040282 85 1 6 1
2057048348 93 1 4 0
2057051535 85 1 6 0
2057053291 93 1 4 1
2057056478 85 1 6 1
2057058832 93 1 4 0
2057061507 93 1 4 1
2057062019 85 1 6 0
2057064694 85 1 6 1
2057070064 93 1 4 0
2057073251 85 1 6 0
2057074419 93 1 4 1
2057077606 85 1 6 1
2057085776 93 1 4 0
2057088963 85 1 6 0
2057090887 93 1 4 1
2057101388 93 1 4 0
2057107927 93 1 4 1
2057112036 93 1 4 0
2057117231 93 1 4 1
2057121312 93 1 4 0
2057126087 93 1 4 1
2057130816 93 1 4 0
2057136011 93 1 4 1
2057140420 93 1 4 0
2057145531 93 1 4 1
2057149860 93 1 4 0
2057286683 93 1 4 1
2057296128 93 1 4 0
2057301071 93 1 4 1
2057317624 93 1 4 0
2057322819 93 1 4 1
2057328932 93 1 4 0
2057333539 93 1 4 1
2057341268 93 1 4 0
2057345875 93 1 4 1
2057354036 93 1 4 0
2057358643 93 1 4 1
2057366804 93 1 4 0
2057371411 93 1 4 1
2057380916 93 1 4 0
2057387455 93 1 4 1
2057396036 93 1 4 0
2057401903 93 1 4 1
2057411324 93 1 4 0
2057416267 93 1 4 1
2057424260 93 1 4 0
2057428867 93 1 4 1
2057432851 93 1 4 0
2061501105 75 1 4 1
2061501169 74 1 4 1
2061505609 74 1 4 0
2061505693 75 1 4 0
2061509964 74 1 4 1
2061510216 75 1 4 1
2061514513 74 1 4 0
2061514597 75 1 4 0
2061518952 75 1 4 1
2061519036 74 1 4 1
2061523417 74 1 4 0
2061523501 75 1 4 0
2061527772 74 1 4 1
2061528024 75 1 4 1
2061532321 74 1 4 0
2061532405 75 1 4 0
2061536760 75 1 4 1
2061536844 74 1 4 1
2061541253 75 1 4 0
2061541337 74 1 4 0
2061545524 75 1 4 1
2061545608 74 1 4 1
2061550013 75 1 4 0
2061550101 74 1 4 0
2061554372 74 1 4 1
2061554452 75 1 4 1
2061558865 74 1 4 0
2061559121 75 1 4 0
2061563304 74 1 4 1
2061563560 75 1 4 1
2061567969 74 1 4 0
2061568057 75 1 4 0
2061572328 75 1 4 1
2061572408 74 1 4 1
2061576817 75 1 4 0
2061576905 74 1 4 0
2061581172 75 1 4 1
2061581176 74 1 4 1
2061585325 74 1 4 0
2061585753 75 1 4 0
2061590696 75 1 4 1
2061594685 75 1 4 0
2061599460 75 1 4 1
2061603449 75 1 4 0
2061608224 75 1 4 1
2061612213 75 1 4 0
2061616988 75 1 4 1
2061620973 75 1 4 0
2061625748 75 1 4 1
2061629737 75 1 4 0
2061634512 75 1 4 1
2061638501 75 1 4 0
2061643276 75 1 4 1
2061647433 75 1 4 0
2061652544 75 1 4 1
2061656713 75 1 4 0
2061661656 75 1 4 1
2061665817 75 1 4 0
2061670760 75 1 4 1
2061674925 75 1 4 0
2061679868 75 1 4 1
2061683957 75 1 4 0
2061688984 75 1 4 1
2061693029 75 1 4 0
2061698056 75 1 4 1
2061702101 75 1 4 0
2061707128 75 1 4 1
2061711341 75 1 4 0
2061716368 75 1 4 1
2061720413 75 1 4 0
2061725272 75 1 4 1
2061729317 75 1 4 0
2061734344 75 1 4 1
2061738557 75 1 4 0
2061743708 75 1 4 1
2061744941 75 1 4 0
