2000153875 7 0 1 1
2000153875 8 0 1 1
2000153875 9 0 1 1
2000153875 10 0 1 1
2000153875 11 0 1 1
2000153959 2 0 1 1
2000153959 3 0 1 1
2000153959 4 0 1 1
2000153959 5 0 1 1
2000153959 6 0 1 1
2000175547 7 0 1 0
2000175631 8 0 1 0
2000175715 9 0 1 0
2000175799 10 0 1 0
2000175883 11 0 1 0
2000175967 2 0 1 0
2000176051 3 0 1 0
2000176135 4 0 1 0
2000176219 5 0 1 0
2000176303 6 0 1 0
2000178138 8 0 1 1
2000178138 7 0 1 1
2000178222 9 0 1 1
2000178306 11 0 1 1
2000178306 10 0 1 1
2000178390 2 0 1 1
2000178474 4 0 1 1
2000178474 3 0 1 1
2000178558 5 0 1 1
2000178642 6 0 1 1
2000200243 11 0 1 0
2000200327 2 0 1 0
2000200411 3 0 1 0
2000200495 4 0 1 0
2000200579 5 0 1 0
2000200663 6 0 1 0
2000200747 7 0 1 0
2000200831 8 0 1 0
2000200915 9 0 1 0
2000200999 10 0 1 0
2000202834 2 0 1 1
2000202834 11 0 1 1
2000202918 3 0 1 1
2000203002 4 0 1 1
2000203086 7 0 1 1
2000203086 5 0 1 1
2000203170 8 0 1 1
2000203170 6 0 1 1
2000203254 9 0 1 1
2000203338 10 0 1 1
2000224519 10 0 1 0
2000224855 4 0 1 0
2000224939 5 0 1 0
2000225023 6 0 1 0
2000225107 7 0 1 0
2000225191 8 0 1 0
2000225275 9 0 1 0
2000225443 11 0 1 0
2000225527 2 0 1 0
2000225611 3 0 1 0
2000227194 10 0 1 1
2000227362 4 0 1 1
2000227446 5 0 1 1
2000227530 7 0 1 1
2000227530 6 0 1 1
2000227698 11 0 1 1
2000227698 9 0 1 1
2000227698 8 0 1 1
2000227866 2 0 1 1
2000227950 3 0 1 1
2000249131 3 0 1 0
2000249467 7 0 1 0
2000249551 8 0 1 0
2000249635 9 0 1 0
2000249803 11 0 1 0
2000249887 2 0 1 0
2000250055 4 0 1 0
2000250139 5 0 1 0
2000250223 6 0 1 0
2000250559 10 0 1 0
2000251806 3 0 1 1
2000251974 7 0 1 1
2000252058 8 0 1 1
2000252226 9 0 1 1
2000252310 11 0 1 1
2000252394 2 0 1 1
2000252478 5 0 1 1
2000252478 4 0 1 1
2000252562 6 0 1 1
2000252814 10 0 1 1
2000274079 10 0 1 0
2000274163 11 0 1 0
2000274247 2 0 1 0
2000274415 4 0 1 0
2000274499 5 0 1 0
2000274583 6 0 1 0
2000274667 7 0 1 0
2000274751 8 0 1 0
2000274835 9 0 1 0
2000275171 3 0 1 0
2000276670 10 0 1 1
2000276754 2 0 1 1
2000276754 11 0 1 1
2000276838 4 0 1 1
2000277006 6 0 1 1
2000277006 5 0 1 1
2000277090 8 0 1 1
2000277090 7 0 1 1
2000277174 9 0 1 1
2000277426 3 0 1 1
2000298691 3 0 1 0
2000298775 4 0 1 0
2000298859 5 0 1 0
2000298943 6 0 1 0
2000299027 7 0 1 0
2000299111 8 0 1 0
2000299195 9 0 1 0
2000299279 10 0 1 0
2000299363 11 0 1 0
2000299447 2 0 1 0
2000301282 4 0 1 1
2000301282 3 0 1 1
2000301366 5 0 1 1
2000301450 7 0 1 1
2000301450 6 0 1 1
2000301618 11 0 1 1
2000301618 10 0 1 1
2000301618 9 0 1 1
2000301618 8 0 1 1
2000301786 2 0 1 1
2000322967 2 0 1 0
2000323303 6 0 1 0
2000323387 7 0 1 0
2000323471 8 0 1 0
2000323555 9 0 1 0
2000323639 10 0 1 0
2000323723 11 0 1 0
2000323891 3 0 1 0
2000323975 4 0 1 0
2000324059 5 0 1 0
2000325642 2 0 1 1
2000325810 6 0 1 1
2000325894 7 0 1 1
2000325978 8 0 1 1
2000326062 10 0 1 1
2000326062 9 0 1 1
2000326146 3 0 1 1
2000326146 11 0 1 1
2000326314 4 0 1 1
2000326398 5 0 1 1
2000347579 5 0 1 0
2000347915 9 0 1 0
2000347999 10 0 1 0
2000348083 11 0 1 0
2000348251 3 0 1 0
2000348335 4 0 1 0
2000348503 6 0 1 0
2000348587 7 0 1 0
2000348671 8 0 1 0
2000349007 2 0 1 0
2000350254 5 0 1 1
2000350422 9 0 1 1
2000350506 10 0 1 1
2000350674 11 0 1 1
2000350758 3 0 1 1
2000350842 4 0 1 1
2000350926 7 0 1 1
2000350926 6 0 1 1
2000351010 8 0 1 1
2000351262 2 0 1 1
2000372527 2 0 1 0
2000372611 3 0 1 0
2000372695 4 0 1 0
2000372863 6 0 1 0
2000372947 7 0 1 0
2000373031 8 0 1 0
2000373115 9 0 1 0
2000373199 10 0 1 0
2000373283 11 0 1 0
2000373619 5 0 1 0
2000375118 2 0 1 1
2000375202 4 0 1 1
2000375202 3 0 1 1
2000375286 6 0 1 1
2000375454 8 0 1 1
2000375454 7 0 1 1
2000375538 10 0 1 1
2000375538 9 0 1 1
2000375622 11 0 1 1
2000375874 5 0 1 1
2000397139 5 0 1 0
2000397223 6 0 1 0
2000397307 7 0 1 0
2000397391 8 0 1 0
2000397475 9 0 1 0
2000397559 10 0 1 0
2000397643 11 0 1 0
2000397727 2 0 1 0
2000397811 3 0 1 0
2000397895 4 0 1 0
2000399730 6 0 1 1
2000399730 5 0 1 1
2000399814 7 0 1 1
2000399898 9 0 1 1
2000399898 8 0 1 1
2000400066 3 0 1 1
2000400066 2 0 1 1
2000400066 11 0 1 1
2000400066 10 0 1 1
2000400234 4 0 1 1
2000421415 4 0 1 0
2000421751 8 0 1 0
2000421835 9 0 1 0
2000421919 10 0 1 0
2000422003 11 0 1 0
2000422087 2 0 1 0
2000422171 3 0 1 0
2000422339 5 0 1 0
2000422423 6 0 1 0
2000422507 7 0 1 0
2000424090 4 0 1 1
2000424258 8 0 1 1
2000424342 9 0 1 1
2000424426 10 0 1 1
2000424510 2 0 1 1
2000424510 11 0 1 1
2000424594 5 0 1 1
2000424594 3 0 1 1
2000424762 6 0 1 1
2000424846 7 0 1 1
2000446027 7 0 1 0
2000446363 11 0 1 0
2000446447 2 0 1 0
2000446531 3 0 1 0
2000446699 5 0 1 0
2000446783 6 0 1 0
2000446951 8 0 1 0
2000447035 9 0 1 0
2000447119 10 0 1 0
2000447455 4 0 1 0
2000448702 7 0 1 1
2000448870 11 0 1 1
2000448954 2 0 1 1
2000449122 3 0 1 1
2000449206 5 0 1 1
2000449290 6 0 1 1
2000449374 9 0 1 1
2000449374 8 0 1 1
2000449458 10 0 1 1
2000449710 4 0 1 1
2000470975 4 0 1 0
2000471059 5 0 1 0
2000471143 6 0 1 0
2000471311 8 0 1 0
2000471395 9 0 1 0
2000471479 10 0 1 0
2000471563 11 0 1 0
2000471647 2 0 1 0
2000471731 3 0 1 0
2000472067 7 0 1 0
2000473566 4 0 1 1
2000473650 6 0 1 1
2000473650 5 0 1 1
2000473734 8 0 1 1
2000473902 9 0 1 1
2000473986 11 0 1 1
2000473986 10 0 1 1
2000474070 3 0 1 1
2000474322 7 0 1 1
2000494411 3 0 1 0
2000494663 6 0 1 0
2000494747 7 0 1 0
2000494831 8 0 1 0
2000494915 9 0 1 0
2000494999 10 0 1 0
2000495083 11 0 1 0
2000495335 4 0 1 0
2000495419 5 0 1 0
2000497170 6 0 1 1
2000497338 8 0 1 1
2000497338 7 0 1 1
2000497422 9 0 1 1
2000497506 10 0 1 1
2000497590 11 0 1 1
2000516671 8 0 1 0
2000516755 9 0 1 0
2000516839 10 0 1 0
2000516923 11 0 1 0
2000517343 6 0 1 0
2000518267 7 0 1 0
2000519598 8 0 1 1
2000519682 9 0 1 1
2000519766 10 0 1 1
2000519850 11 0 1 1
2000538679 10 0 1 0
2000538763 11 0 1 0
2000539351 8 0 1 0
2000539435 9 0 1 0
2000542194 10 0 1 1
2000542278 11 0 1 1
2000548759 10 0 1 0
2000561443 11 0 1 0
