2003234163 7 0 1 1
2003238021 7 0 1 0
2003243384 7 0 1 1
2003247345 7 0 1 0
2003252708 7 0 1 1
2003256501 7 0 1 0
2003261864 7 0 1 1
2003265741 7 0 1 0
2003271104 7 0 1 1
2003274897 7 0 1 0
2003280092 7 0 1 1
2003283885 7 0 1 0
2003289248 7 0 1 1
2003293041 7 0 1 0
2003298404 7 0 1 1
2003302365 7 0 1 0
2003307896 7 0 1 1
2003311877 7 0 1 0
2010546055 69 1 6 1
2010550019 69 1 6 0
2010554878 69 1 6 1
2010558839 69 1 6 0
2010563530 69 1 6 1
2010567575 69 1 6 0
2010572266 69 1 6 1
2010576395 69 1 6 0
2010581254 69 1 6 1
2010585299 69 1 6 0
2010589990 69 1 6 1
2010594035 69 1 6 0
2010598726 69 1 6 1
2010602687 69 1 6 0
2010607378 69 1 6 1
2010611423 69 1 6 0
2010616114 69 1 6 1
2010620243 69 1 6 0
2010625102 69 1 6 1
2010629147 69 1 6 0
2010633838 69 1 6 1
2010637883 69 1 6 0
2010642574 69 1 6 1
2010646535 69 1 6 0
2010651226 69 1 6 1
2010655271 69 1 6 0
2010659962 69 1 6 1
2010664091 69 1 6 0
2010668950 69 1 6 1
2010672995 69 1 6 0
2010677686 69 1 6 1
2010681731 69 1 6 0
2010686422 69 1 6 1
2010690383 69 1 6 0
2010695074 69 1 6 1
2010699119 69 1 6 0
2010703810 69 1 6 1
2010707939 69 1 6 0
2010712798 69 1 6 1
2010716843 69 1 6 0
2010721534 69 1 6 1
2010725579 69 1 6 0
2010730270 69 1 6 1
2010734231 69 1 6 0
2010738922 69 1 6 1
2010742967 69 1 6 0
2010747658 69 1 6 1
2010751787 69 1 6 0
2010756646 69 1 6 1
2010760691 69 1 6 0
2010765382 69 1 6 1
2010769427 69 1 6 0
2010774118 69 1 6 1
2010778079 69 1 6 0
2010782770 69 1 6 1
2010786815 69 1 6 0
2010791506 69 1 6 1
2010795635 69 1 6 0
2010800494 69 1 6 1
2010804539 69 1 6 0
2010809230 69 1 6 1
2010813275 69 1 6 0
2010817966 69 1 6 1
2010821931 69 1 6 0
2010826622 69 1 6 1
2010830663 69 1 6 0
2010835354 69 1 6 1
2010839483 69 1 6 0
2010844342 69 1 6 1
2010848387 69 1 6 0
2010853078 69 1 6 1
2010857123 69 1 6 0
2010861814 69 1 6 1
2010865775 69 1 6 0
2015059093 93 1 4 1
2015063178 93 1 4 0
2015068205 93 1 4 1
2015072250 93 1 4 0
2015077277 93 1 4 1
2015081322 93 1 4 0
2015086349 93 1 4 1
2015090394 93 1 4 0
2015095421 93 1 4 1
2015099466 93 1 4 0
2015104493 93 1 4 1
2015108538 93 1 4 0
2015113565 93 1 4 1
2015117610 93 1 4 0
2015122637 93 1 4 1
2015126682 93 1 4 0
2015131541 93 1 4 1
2015135586 93 1 4 0
2015140445 93 1 4 1
2015144490 93 1 4 0
2015149517 93 1 4 1
2015153562 93 1 4 0
2015158589 93 1 4 1
2015162634 93 1 4 0
2015167661 93 1 4 1
2015171706 93 1 4 0
2015176733 93 1 4 1
2015180778 93 1 4 0
2015185805 93 1 4 1
2015189850 93 1 4 0
2015194877 93 1 4 1
2015199594 93 1 4 0
2015203613 93 1 4 1
2015208666 93 1 4 0
2015212685 93 1 4 1
2015217738 93 1 4 0
2015221757 93 1 4 1
2015226810 93 1 4 0
2015230829 93 1 4 1
2015235882 93 1 4 0
2015239901 93 1 4 1
2015244954 93 1 4 0
2015248973 93 1 4 1
2015254026 93 1 4 0
2015258045 93 1 4 1
2015263098 93 1 4 0
2015267117 93 1 4 1
2015272170 93 1 4 0
2015276189 93 1 4 1
2015281242 93 1 4 0
2015285261 93 1 4 1
2015290314 93 1 4 0
2015294333 93 1 4 1
2015299386 93 1 4 0
2015303405 93 1 4 1
2015306163 93 1 4 0
2015326142 93 1 4 1
2015328591 93 1 4 0
2015348066 93 1 4 1
2015350515 93 1 4 0
2015369990 93 1 4 1
2015372439 93 1 4 0
2015391914 93 1 4 1
2015394363 93 1 4 0
2015413838 93 1 4 1
2015416287 93 1 4 0
2015435762 93 1 4 1
2015438211 93 1 4 0
2015449286 93 1 4 1
2015452071 93 1 4 0
2015460501 92 1 4 1
2015541266 93 1 4 1
2015543383 92 1 4 0
2015550355 93 1 4 0
2015551266 92 1 4 1
2015554710 93 1 4 1
2015555311 92 1 4 0
2015564131 93 1 4 0
2015564370 92 1 4 1
2015568234 93 1 4 1
2015568415 92 1 4 0
2015577403 93 1 4 0
2015577474 92 1 4 1
2015581422 93 1 4 1
2015581519 92 1 4 0
2015590507 93 1 4 0
2015590578 92 1 4 1
2015594526 93 1 4 1
2015594623 92 1 4 0
2015603611 93 1 4 0
2015603682 92 1 4 1
2015607630 93 1 4 1
2015607727 92 1 4 0
2015616715 93 1 4 0
2015616786 92 1 4 1
2015620734 93 1 4 1
2015620831 92 1 4 0
2015629819 93 1 4 0
2015629890 92 1 4 1
2015633838 93 1 4 1
2015633935 92 1 4 0
2015642923 93 1 4 0
2015642994 92 1 4 1
2015646942 93 1 4 1
2015647039 92 1 4 0
2015656027 93 1 4 0
2015656098 92 1 4 1
2015660046 93 1 4 1
2015660143 92 1 4 0
2015669131 93 1 4 0
2015669202 92 1 4 1
2015673150 93 1 4 1
2015673247 92 1 4 0
2015682235 93 1 4 0
2015682306 92 1 4 1
2015686254 93 1 4 1
2015686351 92 1 4 0
2015695339 93 1 4 0
2015695410 92 1 4 1
2015699358 93 1 4 1
2015699455 92 1 4 0
2015706175 93 1 4 0
2015706246 92 1 4 1
2015710530 93 1 4 1
2015710795 92 1 4 0
2015714911 93 1 4 0
2015715318 92 1 4 1
2015719266 93 1 4 1
2015719867 92 1 4 0
2015723647 93 1 4 0
2015724390 92 1 4 1
2015728002 93 1 4 1
2015729107 92 1 4 0
2015732383 93 1 4 0
2015733798 92 1 4 1
2015736570 93 1 4 1
2015738515 92 1 4 0
2015740783 93 1 4 0
2015743458 93 1 4 1
2015745306 92 1 4 1
2015748931 93 1 4 0
2015749687 92 1 4 0
2015753454 93 1 4 1
2015753874 92 1 4 1
2015758171 93 1 4 0
2015758255 92 1 4 0
2015762610 92 1 4 1
2015762694 93 1 4 1
2015767159 92 1 4 0
2015767243 93 1 4 0
2015771514 92 1 4 1
2015771598 93 1 4 1
2015776063 92 1 4 0
2015776147 93 1 4 0
2015780502 92 1 4 1
2015780586 93 1 4 1
2015784043 92 1 4 0
2015787319 93 1 4 0
2015790078 92 1 4 1
2015791506 93 1 4 1
2015794795 92 1 4 0
2015795887 93 1 4 0
2015799318 92 1 4 1
2015800074 93 1 4 1
2015804035 92 1 4 0
2015804455 93 1 4 0
2015808558 92 1 4 1
2015808810 93 1 4 1
2015813107 92 1 4 0
2015813359 93 1 4 0
2015817462 92 1 4 1
2015817714 93 1 4 1
2015822011 92 1 4 0
2015822263 93 1 4 0
2015825778 93 1 4 1
2015828802 92 1 4 1
2015831923 93 1 4 0
2015833183 92 1 4 0
2015836446 93 1 4 1
2015837538 92 1 4 1
2015840995 93 1 4 0
2015841919 92 1 4 0
2015845434 93 1 4 1
2015846106 92 1 4 1
2015850067 93 1 4 0
2015850487 92 1 4 0
2015854506 93 1 4 1
2015854674 92 1 4 1
2015858971 93 1 4 0
2015859055 92 1 4 0
2015863326 93 1 4 1
2015863410 92 1 4 1
2015866951 92 1 4 0
2015869975 93 1 4 0
2015872902 92 1 4 1
2015873994 93 1 4 1
2015877619 92 1 4 0
2015878375 93 1 4 0
2015882142 92 1 4 1
2015882730 93 1 4 1
2015886691 92 1 4 0
2015887279 93 1 4 0
2015891214 92 1 4 1
2015891634 93 1 4 1
2015895763 92 1 4 0
2015896015 93 1 4 0
2015900118 92 1 4 1
2015900370 93 1 4 1
2015904667 92 1 4 0
2015904751 93 1 4 0
2015908350 93 1 4 1
2015911626 92 1 4 1
2015914579 93 1 4 0
2015916007 92 1 4 0
2015919102 93 1 4 1
2015920194 92 1 4 1
2015923819 93 1 4 0
2015924575 92 1 4 0
2015928342 93 1 4 1
2015928762 92 1 4 1
2015932891 93 1 4 0
2015933143 92 1 4 0
2015937246 93 1 4 1
2015937498 92 1 4 1
2015941795 93 1 4 0
2015942047 92 1 4 0
2015946150 93 1 4 1
2015946402 92 1 4 1
2015949775 92 1 4 0
2015952967 93 1 4 0
2015955054 92 1 4 1
2015956230 93 1 4 1
2015961703 92 1 4 0
2015962291 93 1 4 0
2015965218 92 1 4 1
2015965722 93 1 4 1
2015971279 92 1 4 0
2015971867 93 1 4 0
2015974794 92 1 4 1
2015975298 93 1 4 1
2015981107 92 1 4 0
2015981443 93 1 4 0
2015984622 93 1 4 1
2015984874 92 1 4 1
2015987248 92 1 4 0
2015991603 92 1 4 1
2015991868 93 1 4 0
2015995984 92 1 4 0
2015996223 93 1 4 1
2016000339 92 1 4 1
2016000772 93 1 4 0
2016082239 93 1 4 1
2016084688 93 1 4 0
2016086116 92 1 4 0
2016087111 93 1 4 1
2016094167 92 1 4 1
2016096112 93 1 4 0
2016099123 93 1 4 1
2016099976 92 1 4 0
2016107691 92 1 4 1
2016109552 93 1 4 0
2016112311 93 1 4 1
2016113080 92 1 4 0
2016120795 92 1 4 1
2016122740 93 1 4 0
2016125415 93 1 4 1
2016126184 92 1 4 0
2016133983 92 1 4 1
2016135760 93 1 4 0
2016138519 93 1 4 1
2016139288 92 1 4 0
2016147076 92 1 4 1
2016148948 93 1 4 0
2016151623 93 1 4 1
2016152476 92 1 4 0
2016160180 92 1 4 1
2016162052 93 1 4 0
2016164727 93 1 4 1
2016165580 92 1 4 0
2016173295 92 1 4 1
2016175072 93 1 4 0
2016177831 93 1 4 1
2016178600 92 1 4 0
2016186315 92 1 4 1
2016188260 93 1 4 0
2016190935 93 1 4 1
2016191704 92 1 4 0
2016199503 92 1 4 1
2016201280 93 1 4 0
2016204039 93 1 4 1
2016204808 92 1 4 0
2016212523 92 1 4 1
2016214468 93 1 4 0
2016217143 93 1 4 1
2016217912 92 1 4 0
2016225627 92 1 4 1
2016227572 93 1 4 0
2016230247 93 1 4 1
2016231016 92 1 4 0
2016238815 92 1 4 1
2016240592 93 1 4 0
2016243351 93 1 4 1
2016244120 92 1 4 0
2016249819 92 1 4 1
2016251260 93 1 4 0
2016254523 93 1 4 1
2016255376 92 1 4 0
2016258975 92 1 4 1
2016259912 93 1 4 0
2016263343 93 1 4 1
2016264276 92 1 4 0
2016267959 92 1 4 1
2016268988 93 1 4 0
2016272503 93 1 4 1
2016273700 92 1 4 0
2016277467 92 1 4 1
2016278556 93 1 4 0
2016281819 93 1 4 1
2016283628 92 1 4 0
2016287227 92 1 4 1
2016290380 93 1 4 0
2016291252 92 1 4 0
2016294399 93 1 4 1
2016294683 92 1 4 1
2016300056 92 1 4 0
2016300656 93 1 4 0
2016303823 92 1 4 1
2016304255 93 1 4 1
2016306307 94 1 4 1
2016309292 92 1 4 0
2016309380 93 1 4 0
2016313563 92 1 4 1
2016313651 93 1 4 1
2016318272 92 1 4 0
2016318356 93 1 4 0
2016322543 92 1 4 1
2016322627 93 1 4 1
2016327116 92 1 4 0
2016330456 93 1 4 0
2016334411 92 1 4 1
2016334559 93 1 4 1
2016338920 93 1 4 0
2016339520 92 1 4 0
2016343359 93 1 4 1
2016343791 92 1 4 1
2016346788 94 1 4 0
2016347900 93 1 4 0
2016348672 92 1 4 0
2016349463 94 1 4 1
2016352095 93 1 4 1
2016352775 92 1 4 1
2016357048 93 1 4 0
2016357476 92 1 4 0
2016361419 93 1 4 1
2016361747 92 1 4 1
2016366200 93 1 4 0
2016366456 92 1 4 0
2016370479 93 1 4 1
2016370727 92 1 4 1
2016374132 92 1 4 0
2016377268 93 1 4 0
2016378907 92 1 4 1
2016381371 93 1 4 1
2016383720 92 1 4 0
2016386240 93 1 4 0
2016388327 92 1 4 1
2016390679 93 1 4 1
2016393208 92 1 4 0
2016394480 94 1 4 0
2016395480 93 1 4 0
2016396987 94 1 4 1
2016397899 92 1 4 1
2016399415 93 1 4 1
2016402788 92 1 4 0
2016404024 93 1 4 0
2016407143 92 1 4 1
2016408127 93 1 4 1
2016411848 92 1 4 0
2016415952 93 1 4 0
2016419059 92 1 4 1
2016420223 93 1 4 1
2016424228 92 1 4 0
2016424484 93 1 4 0
2016428751 92 1 4 1
2016428839 93 1 4 1
2016433444 93 1 4 0
2016433528 92 1 4 0
2016437799 93 1 4 1
2016438051 92 1 4 1
2016442216 93 1 4 0
2016442812 92 1 4 0
2016446739 93 1 4 1
2016447167 92 1 4 1
2016451332 93 1 4 0
2016451924 92 1 4 0
2016453028 94 1 4 0
2016455199 94 1 4 1
2016455855 93 1 4 1
2016456279 92 1 4 1
2016459348 92 1 4 0
2016462648 93 1 4 0
2016464123 92 1 4 1
2016466835 93 1 4 1
2016469012 92 1 4 0
2016471712 93 1 4 0
2016473787 92 1 4 1
2016475815 93 1 4 1
2016478680 92 1 4 0
2016480516 93 1 4 0
2016483287 92 1 4 1
2016484619 93 1 4 1
2016488168 92 1 4 0
2016489152 93 1 4 0
2016492439 92 1 4 1
2016493255 93 1 4 1
2016497148 92 1 4 0
2016497804 94 1 4 0
2016500479 94 1 4 1
2016501252 93 1 4 0
2016504695 92 1 4 1
2016505355 93 1 4 1
2016509540 93 1 4 0
2016510140 92 1 4 0
2016514075 92 1 4 1
2016514231 93 1 4 1
2016518588 92 1 4 0
2016519536 93 1 4 0
2016522607 92 1 4 1
2016523723 93 1 4 1
2016527300 92 1 4 0
2016528248 93 1 4 0
2016530503 93 1 4 1
2016534175 92 1 4 1
2016536796 93 1 4 0
2016540143 93 1 4 1
2016541180 92 1 4 0
2016544611 92 1 4 1
2016545772 93 1 4 0
2016561215 93 1 4 1
2016563792 93 1 4 0
2016583939 93 1 4 1
2016586472 93 1 4 0
2016606619 93 1 4 1
2016609152 93 1 4 0
2016621319 93 1 4 1
2016626372 93 1 4 0
2016630559 93 1 4 1
2016634436 94 1 4 0
2016637040 93 1 4 0
2016638287 94 1 4 1
2016639967 93 1 4 1
2016643172 94 1 4 0
2016648199 94 1 4 1
2016652244 94 1 4 0
2016658867 94 1 4 1
2016659300 93 1 4 0
2016662576 94 1 4 0
2016662899 93 1 4 1
2016665684 92 1 4 0
2016667435 94 1 4 1
2016669871 92 1 4 1
2016672152 94 1 4 0
2016674084 92 1 4 0
2016676843 94 1 4 1
2016677935 92 1 4 1
2016679712 94 1 4 0
2016683660 93 1 4 0
2016684235 94 1 4 1
2016686503 93 1 4 1
2016688080 94 1 4 0
2016689792 92 1 4 0
2016692848 94 1 4 1
2016693979 92 1 4 1
2016697636 94 1 4 0
2016698360 92 1 4 0
2016701959 92 1 4 1
2016705263 85 1 6 1
2016707012 93 1 4 0
2016710191 93 1 4 1
2016713144 92 1 4 0
2016718507 92 1 4 1
2016722552 92 1 4 0
2016726235 92 1 4 1
2016730532 93 1 4 0
2016733803 85 1 6 0
2016734467 93 1 4 1
2016736832 92 1 4 0
2016736982 85 1 6 1
2016742027 92 1 4 1
2016746072 92 1 4 0
2016749755 92 1 4 1
2016754304 93 1 4 0
2016758155 93 1 4 1
2016760352 92 1 4 0
2016765547 92 1 4 1
2016769592 92 1 4 0
2016773275 92 1 4 1
2016777824 93 1 4 0
2016781675 93 1 4 1
2016781767 85 1 6 0
2016783872 92 1 4 0
2016784442 85 1 6 1
2016789235 92 1 4 1
2016793280 92 1 4 0
2016796963 92 1 4 1
2016801092 93 1 4 0
2016805195 93 1 4 1
2016805208 92 1 4 0
2016824612 93 1 4 0
2016828303 85 1 6 0
2016829723 93 1 4 1
2016832070 85 1 6 1
2016848300 93 1 4 0
2016853327 93 1 4 1
2016871820 93 1 4 0
2016874419 85 1 6 0
2016876511 93 1 4 1
2016878522 85 1 6 1
2016895340 93 1 4 0
2016900367 93 1 4 1
2016901215 85 1 6 0
2016903554 85 1 6 1
2016918860 93 1 4 0
2016923971 93 1 4 1
2016924735 85 1 6 0
2016927074 85 1 6 1
2016938012 93 1 4 0
2016943039 93 1 4 1
2016943467 85 1 6 0
2016945974 85 1 6 1
2016953552 93 1 4 0
2016958243 93 1 4 1
2016958839 85 1 6 0
2016961346 85 1 6 1
2016969764 93 1 4 0
2016974707 93 1 4 1
2016975135 85 1 6 0
2016977726 85 1 6 1
2016986648 93 1 4 0
2016991423 93 1 4 1
2016992019 85 1 6 0
2016994442 85 1 6 1
2017006304 93 1 4 0
2017011751 93 1 4 1
2017011843 85 1 6 0
2017014602 85 1 6 1
2017024280 93 1 4 0
2017029307 93 1 4 1
2017029651 85 1 6 0
2017032242 85 1 6 1
2017033268 84 1 6 1
2017034887 37 0 1 1
2017035284 93 1 4 0
2017039479 84 1 6 0
2017039815 85 1 6 0
2017040479 93 1 4 1
2017042574 84 1 6 1
2017043078 85 1 6 1
2017043086 37 0 1 0
2017044440 93 1 4 0
2017046349 37 0 1 1
2017048971 85 1 6 0
2017049467 93 1 4 1
2017052234 85 1 6 1
2017052242 37 0 1 0
2017055505 37 0 1 1
2017056452 93 1 4 0
2017058883 84 1 6 0
2017060731 85 1 6 0
2017062566 84 1 6 1
2017062571 93 1 4 1
2017064002 37 0 1 0
2017064666 85 1 6 1
2017066616 93 1 4 0
2017067937 37 0 1 1
2017070635 93 1 4 1
2017071147 85 1 6 0
2017073738 85 1 6 1
2017074418 37 0 1 0
2017075728 93 1 4 0
2017077009 37 0 1 1
2017078411 84 1 6 0
2017080175 85 1 6 0
2017080587 93 1 4 1
2017081926 84 1 6 1
2017083270 85 1 6 1
2017083446 37 0 1 0
2017085152 93 1 4 0
2017086541 37 0 1 1
2017089423 93 1 4 1
2017089683 85 1 6 0
2017092442 85 1 6 1
2017092954 37 0 1 0
2017093212 93 1 4 0
2017095713 37 0 1 1
2017096651 84 1 6 0
2017097575 85 1 6 0
2017098071 93 1 4 1
2017099830 84 1 6 1
2017100670 85 1 6 1
2017100846 37 0 1 0
2017103941 37 0 1 1
2017106198 93 1 4 0
2017110645 85 1 6 0
2017111645 93 1 4 1
2017113916 37 0 1 0
2017114244 85 1 6 1
2017115438 93 1 4 0
2017117515 37 0 1 1
2017117785 84 1 6 0
2017119717 85 1 6 0
2017119961 93 1 4 1
2017121132 84 1 6 1
2017122728 85 1 6 1
2017122988 37 0 1 0
2017125999 37 0 1 1
2017126142 93 1 4 0
2017130505 85 1 6 0
2017131673 93 1 4 1
2017133776 37 0 1 0
2017134272 85 1 6 1
2017135718 93 1 4 0
2017137543 37 0 1 1
2017138233 84 1 6 0
2017139569 93 1 4 1
2017140081 85 1 6 0
2017141244 84 1 6 1
2017142672 85 1 6 1
2017143352 37 0 1 0
2017145210 93 1 4 0
2017145943 37 0 1 1
2017149657 85 1 6 0
2017151077 93 1 4 1
2017152928 37 0 1 0
2017153592 85 1 6 1
2017155122 93 1 4 0
2017156863 37 0 1 1
2017157133 84 1 6 0
2017159485 85 1 6 0
2017160317 93 1 4 1
2017160564 84 1 6 1
2017162756 37 0 1 0
2017162916 85 1 6 1
2017164530 93 1 4 0
2017166187 37 0 1 1
2017168893 85 1 6 0
2017169809 93 1 4 1
2017172164 37 0 1 0
2017172492 85 1 6 1
2017173854 93 1 4 0
2017175763 37 0 1 1
2017175865 84 1 6 0
2017178217 85 1 6 0
2017178881 93 1 4 1
2017179296 84 1 6 1
2017181488 37 0 1 0
2017181564 85 1 6 1
2017184438 93 1 4 0
2017184835 37 0 1 1
2017187869 93 1 4 1
2017193342 93 1 4 0
2017194345 85 1 6 0
2017197117 84 1 6 0
2017197616 37 0 1 0
2017198201 93 1 4 1
2017199876 85 1 6 1
2017199960 84 1 6 1
2017202498 93 1 4 0
2017203147 37 0 1 1
2017206693 85 1 6 0
2017207777 93 1 4 1
2017209964 37 0 1 0
2017210292 85 1 6 1
2017211822 93 1 4 0
2017213563 37 0 1 1
2017214337 84 1 6 0
2017216101 85 1 6 0
2017217185 93 1 4 1
2017217852 84 1 6 1
2017219372 37 0 1 0
2017219700 85 1 6 1
2017221062 93 1 4 0
2017222971 37 0 1 1
2017224241 93 1 4 1
2017232066 93 1 4 0
2017233321 85 1 6 0
2017236513 84 1 6 0
2017236592 37 0 1 0
2017238689 93 1 4 1
2017239692 84 1 6 1
2017239860 85 1 6 1
2017242734 93 1 4 0
2017243131 37 0 1 1
2017246921 93 1 4 1
2017247097 85 1 6 0
2017249940 85 1 6 1
2017250368 37 0 1 0
2017250966 93 1 4 0
2017253211 37 0 1 1
2017254573 84 1 6 0
2017255069 93 1 4 1
2017255245 85 1 6 0
2017257332 84 1 6 1
2017258004 85 1 6 1
2017258516 37 0 1 0
2017261275 37 0 1 1
2017261802 93 1 4 0
2017264897 93 1 4 1
2017276754 93 1 4 0
2017278093 85 1 6 0
2017281364 37 0 1 0
2017281369 84 1 6 0
2017281613 93 1 4 1
2017283540 85 1 6 1
2017283876 84 1 6 1
2017286811 37 0 1 1
2017292546 93 1 4 0
2017296993 85 1 6 0
2017298749 93 1 4 1
2017300264 37 0 1 0
2017301012 85 1 6 1
2017302794 93 1 4 0
2017304217 84 1 6 0
2017304283 37 0 1 1
2017306989 85 1 6 0
2017307564 84 1 6 1
2017307821 93 1 4 1
2017310260 37 0 1 0
2017310420 85 1 6 1
2017311866 93 1 4 0
2017313691 37 0 1 1
2017316313 85 1 6 0
2017316893 93 1 4 1
2017319584 37 0 1 0
2017319660 85 1 6 1
2017322931 37 0 1 1
2017323122 93 1 4 0
2017324713 84 1 6 0
2017327401 85 1 6 0
2017328060 84 1 6 1
2017328485 93 1 4 1
2017330672 37 0 1 0
2017331000 85 1 6 1
2017332530 93 1 4 0
2017334271 37 0 1 1
2017336893 85 1 6 0
2017337557 93 1 4 1
2017340164 37 0 1 0
2017340240 85 1 6 1
2017341602 93 1 4 0
2017343025 84 1 6 0
2017343511 37 0 1 1
2017345881 85 1 6 0
2017346372 84 1 6 1
2017346629 93 1 4 1
2017349152 37 0 1 0
2017349312 85 1 6 1
2017350674 93 1 4 0
2017352583 37 0 1 1
2017355121 85 1 6 0
2017355701 93 1 4 1
2017358392 37 0 1 0
2017358468 85 1 6 1
2017359746 93 1 4 0
2017361337 84 1 6 0
2017361739 37 0 1 1
2017363765 93 1 4 1
2017364025 85 1 6 0
2017364768 84 1 6 1
2017366700 85 1 6 1
2017367296 37 0 1 0
2017368986 93 1 4 0
2017369971 37 0 1 1
2017373349 85 1 6 0
2017373845 93 1 4 1
2017376612 85 1 6 1
2017376620 37 0 1 0
2017377890 93 1 4 0
2017379883 37 0 1 1
2017381077 84 1 6 0
2017382169 85 1 6 0
2017382917 93 1 4 1
2017384424 84 1 6 1
2017385440 37 0 1 0
2017385516 85 1 6 1
2017386962 93 1 4 0
2017388787 37 0 1 1
2017391325 85 1 6 0
2017391989 93 1 4 1
2017394596 37 0 1 0
2017394759 85 1 6 1
2017396034 93 1 4 0
2017398027 37 0 1 1
2017399389 84 1 6 0
2017400313 85 1 6 0
2017401061 93 1 4 1
2017402652 84 1 6 1
2017403584 37 0 1 0
2017403660 85 1 6 1
2017405106 93 1 4 0
2017406931 37 0 1 1
2017407865 93 1 4 1
2017411994 93 1 4 0
2017413585 85 1 6 0
2017416853 93 1 4 1
2017416856 37 0 1 0
2017417281 84 1 6 0
2017418780 85 1 6 1
2017419620 84 1 6 1
2017420898 93 1 4 0
2017422051 37 0 1 1
2017425261 85 1 6 0
2017425925 93 1 4 1
2017428532 37 0 1 0
2017428608 85 1 6 1
2017429970 93 1 4 0
2017431879 37 0 1 1
2017432737 84 1 6 0
2017433737 93 1 4 1
2017434333 85 1 6 0
2017435664 84 1 6 1
2017436840 85 1 6 1
2017437604 37 0 1 0
2017440111 37 0 1 1
2017440985 93 1 4 0
2017445432 85 1 6 0
2017446180 93 1 4 1
2017448703 37 0 1 0
2017448863 85 1 6 1
2017449469 93 1 4 0
2017452134 37 0 1 1
2017452236 84 1 6 0
2017452732 93 1 4 1
2017453664 85 1 6 0
2017454911 84 1 6 1
2017455919 85 1 6 1
2017463885 93 1 4 0
2017468332 85 1 6 0
2017468912 93 1 4 1
2017469335 37 0 1 0
2017471679 85 1 6 1
2017474950 37 0 1 1
2017489673 93 1 4 0
2017492272 84 1 6 0
2017493952 85 1 6 0
2017495120 93 1 4 1
2017495787 84 1 6 1
2017497223 37 0 1 0
2017497635 85 1 6 1
2017500906 37 0 1 1
2017508766 93 1 4 0
2017513213 85 1 6 0
2017513625 93 1 4 1
2017516476 85 1 6 1
2017516484 37 0 1 0
2017519747 37 0 1 1
2017522118 93 1 4 0
2017525137 84 1 6 0
2017526481 85 1 6 0
2017527145 93 1 4 1
2017528484 84 1 6 1
2017529752 37 0 1 0
2017529828 85 1 6 1
2017533099 37 0 1 1
2017536066 93 1 4 0
2017540513 85 1 6 0
2017541093 93 1 4 1
2017543784 37 0 1 0
2017543860 85 1 6 1
2017547131 37 0 1 1
2017549770 93 1 4 0
2017552957 84 1 6 0
2017554049 85 1 6 0
2017554713 93 1 4 1
2017556220 84 1 6 1
2017557320 37 0 1 0
2017557396 85 1 6 1
2017560667 37 0 1 1
2017561527 93 1 4 0
2017565974 85 1 6 0
2017569245 37 0 1 0
2017569502 84 1 6 0
2017572681 84 1 6 1
2017572849 85 1 6 1
2017576054 85 1 6 0
2017576120 37 0 1 1
2017579246 84 1 6 0
2017579325 37 0 1 0
2017582425 84 1 6 1
2017582593 85 1 6 1
2017585798 85 1 6 0
2017585864 37 0 1 1
2017588906 84 1 6 0
2017589069 37 0 1 0
2017592001 84 1 6 1
2017592337 85 1 6 1
2017595542 85 1 6 0
2017595608 37 0 1 1
2017598398 84 1 6 0
2017598813 37 0 1 0
2017601577 84 1 6 1
2017602081 85 1 6 1
2017605352 37 0 1 1
2017605454 85 1 6 0
2017608142 84 1 6 0
2017608725 37 0 1 0
2017611405 84 1 6 1
2017612329 85 1 6 1
2017615600 37 0 1 1
2017615702 85 1 6 0
2017617886 84 1 6 0
2017618973 37 0 1 0
2017621065 84 1 6 1
2017622577 85 1 6 1
2017625848 37 0 1 1
2017625950 85 1 6 0
2017627882 84 1 6 0
2017629221 37 0 1 0
2017631145 84 1 6 1
2017632825 85 1 6 1
2017636096 37 0 1 1
2017636198 85 1 6 0
2017637878 84 1 6 0
2017639469 37 0 1 0
2017641141 84 1 6 1
2017642989 85 1 6 1
2017644506 93 1 4 1
2017646260 37 0 1 1
2017651624 93 1 4 0
2017653470 85 1 6 0
2017654895 84 1 6 0
2017656741 37 0 1 0
2017658158 84 1 6 1
2017660345 85 1 6 1
2017663616 37 0 1 1
2017663718 85 1 6 0
2017664891 84 1 6 0
2017666989 37 0 1 0
2017668154 84 1 6 1
2017670593 85 1 6 1
2017673864 37 0 1 1
2017673966 85 1 6 0
2017674887 84 1 6 0
2017677237 37 0 1 0
2017678150 84 1 6 1
2017680841 85 1 6 1
2017683707 84 1 6 0
2017684112 37 0 1 1
2017697735 85 1 6 0
2017700410 84 1 6 1
2017701006 37 0 1 0
2017702426 85 1 6 1
2017703615 84 1 6 0
2017705697 37 0 1 1
2017726786 84 1 6 1
2017726883 85 1 6 0
2017729487 84 1 6 0
2017729558 85 1 6 1
2017730154 37 0 1 0
2017732829 37 0 1 1
2017752238 84 1 6 1
2017752251 85 1 6 0
2017755522 37 0 1 0
2017756018 85 1 6 1
2017756031 84 1 6 0
2017759289 37 0 1 1
2017778278 84 1 6 1
2017778375 85 1 6 0
2017781646 37 0 1 0
2017782407 84 1 6 0
2017782478 85 1 6 1
2017785749 37 0 1 1
2017793986 84 1 6 1
2017793999 85 1 6 0
2017796338 85 1 6 1
2017796351 84 1 6 0
2017797270 37 0 1 0
2017799609 37 0 1 1
2017806418 84 1 6 1
2017806515 85 1 6 0
2017808783 84 1 6 0
2017808854 85 1 6 1
2017809786 37 0 1 0
2017812125 37 0 1 1
2017816834 84 1 6 1
2017816931 85 1 6 0
2017819367 84 1 6 0
2017819438 85 1 6 1
2017820202 37 0 1 0
2017822877 37 0 1 1
2017825990 84 1 6 1
2017826087 85 1 6 0
2017828523 84 1 6 0
2017828594 85 1 6 1
2017828843 37 0 1 0
2017832127 37 0 1 1
2017835566 84 1 6 1
2017835579 85 1 6 0
2017838170 85 1 6 1
2017838183 84 1 6 0
2017838531 37 0 1 0
2017841651 37 0 1 1
2017845491 85 1 6 0
2017848250 85 1 6 1
2017848467 37 0 1 0
2017851811 37 0 1 1
2017855991 85 1 6 0
2017858851 37 0 1 0
2017859422 85 1 6 1
2017863339 37 0 1 1
2017866407 85 1 6 0
2017869323 37 0 1 0
2017870930 85 1 6 1
2017874471 85 1 6 0
2017875395 37 0 1 1
2017876099 37 0 1 0
2017880422 85 1 6 1
2017883963 85 1 6 0
2017884635 37 0 1 1
2017886247 37 0 1 0
2017890754 85 1 6 1
2017893447 93 1 4 1
2017894127 85 1 6 0
2017895764 93 1 4 0
2017896634 85 1 6 1
2017899035 85 1 6 0
2017899631 37 0 1 1
2017901563 37 0 1 0
2017903474 85 1 6 1
2017906511 85 1 6 0
2017912378 85 1 6 1
2017915499 85 1 6 0
2017916127 37 0 1 1
2017917679 37 0 1 0
2017922458 85 1 6 1
2017925415 85 1 6 0
2017929435 93 1 4 1
2017931450 85 1 6 1
2017931884 93 1 4 0
2017936323 37 0 1 1
2017937171 85 1 6 0
2017939859 37 0 1 0
2017943967 93 1 4 1
2017944466 85 1 6 1
2017948852 93 1 4 0
2017950195 37 0 1 1
2017952795 85 1 6 0
2017955651 37 0 1 0
2017961182 85 1 6 1
2017963967 85 1 6 0
2017966479 93 1 4 1
2017968070 85 1 6 1
2017968775 93 1 4 0
2017973163 37 0 1 1
2017973810 85 1 6 0
2017976507 37 0 1 0
2017982701 85 1 6 1
2017985906 85 1 6 0
2017991689 85 1 6 1
2017994474 85 1 6 0
2018001181 85 1 6 1
2018003630 85 1 6 0
2018007733 85 1 6 1
2018011022 85 1 6 0
2018017977 85 1 6 1
2018021187 85 1 6 0
2018028146 85 1 6 1
2018031518 85 1 6 0
2018033946 93 1 4 1
2018036227 93 1 4 0
2018040409 85 1 6 1
2018042858 85 1 6 0
2018096358 93 1 4 1
2018098639 93 1 4 0
2018131722 93 1 4 1
2018134675 93 1 4 0
2018155662 93 1 4 1
2018158195 93 1 4 0
2018178762 93 1 4 1
2018181631 93 1 4 0
2018192034 93 1 4 1
2018194903 93 1 4 0
2018204718 93 1 4 1
2018208007 93 1 4 0
2018219250 93 1 4 1
2018222119 93 1 4 0
2018229666 93 1 4 1
2018233879 93 1 4 0
2018238570 93 1 4 1
2018242615 93 1 4 0
2018247306 93 1 4 1
2018251519 93 1 4 0
2018256378 93 1 4 1
2018262691 93 1 4 0
2018267550 93 1 4 1
2018271763 93 1 4 0
2018276622 93 1 4 1
2018280835 93 1 4 0
2018285694 93 1 4 1
2018294275 93 1 4 0
2018299470 93 1 4 1
2018303683 93 1 4 0
2018308626 93 1 4 1
2018312906 93 1 4 0
2018317849 93 1 4 1
2018321787 93 1 4 0
2018322785 85 1 6 1
2018328746 93 1 4 1
2018331615 93 1 4 0
2018344286 93 1 4 1
2018347239 93 1 4 0
2018348914 85 1 6 0
2018356634 93 1 4 1
2018359587 93 1 4 0
2018360097 85 1 6 1
2018368982 93 1 4 1
2018371851 93 1 4 0
2018380162 85 1 6 0
2018381162 93 1 4 1
2018384031 93 1 4 0
2018392513 85 1 6 1
2018393342 93 1 4 1
2018396295 93 1 4 0
2018405522 93 1 4 1
2018408391 93 1 4 0
2018414854 85 1 6 0
2018415434 93 1 4 1
2018418303 93 1 4 0
2018426769 85 1 6 1
2018427614 93 1 4 1
2018430567 93 1 4 0
2018436358 85 1 6 0
2018439794 93 1 4 1
2018442561 85 1 6 1
2018442831 93 1 4 0
2018451890 93 1 4 1
2018451982 85 1 6 0
2018454759 93 1 4 0
2018458185 85 1 6 1
2018463650 93 1 4 1
2018466519 93 1 4 0
2018467942 85 1 6 0
2018474985 85 1 6 1
2018475074 93 1 4 1
2018477943 93 1 4 0
2018480290 85 1 6 0
2018486157 85 1 6 1
2018486834 93 1 4 1
2018489871 93 1 4 0
2018492722 85 1 6 0
2018496998 93 1 4 1
2018498925 85 1 6 1
2018499867 93 1 4 0
2018503390 85 1 6 0
2018508674 93 1 4 1
2018511627 93 1 4 0
2018520182 93 1 4 1
2018523051 93 1 4 0
2018531942 93 1 4 1
2018534979 93 1 4 0
2018542106 93 1 4 1
2018544807 93 1 4 0
2018558066 93 1 4 1
2018560599 93 1 4 0
2018574362 93 1 4 1
2018576811 93 1 4 0
2018590322 93 1 4 1
2018592855 93 1 4 0
2018606282 93 1 4 1
2018608731 93 1 4 0
2018618462 93 1 4 1
2018621079 93 1 4 0
2018632574 93 1 4 1
2018635863 93 1 4 0
2018645762 93 1 4 1
2018649051 93 1 4 0
2018656010 93 1 4 1
2018659047 93 1 4 0
2018664998 93 1 4 1
2018668791 93 1 4 0
2018673566 93 1 4 1
2018676939 93 1 4 0
2018682890 93 1 4 1
2018685927 93 1 4 0
2018691878 93 1 4 1
2018695755 93 1 4 0
2018702630 93 1 4 1
2018705751 93 1 4 0
2018713634 93 1 4 1
2018716671 93 1 4 0
2018723126 93 1 4 1
2018726079 93 1 4 0
2018732534 93 1 4 1
2018734041 85 1 6 1
2018735487 93 1 4 0
2018739430 85 1 6 0
2018745638 93 1 4 1
2018747733 85 1 6 1
2018748339 93 1 4 0
2018752282 85 1 6 0
2018759162 93 1 4 1
2018761005 85 1 6 1
2018761863 93 1 4 0
2018765302 85 1 6 0
2018772098 93 1 4 1
2018774819 93 1 4 0
2018775201 85 1 6 1
2018778006 85 1 6 0
2018784046 93 1 4 1
2018787335 93 1 4 0
2018798242 93 1 4 1
2018801447 93 1 4 0
2018811010 93 1 4 1
2018813711 93 1 4 0
2018824786 93 1 4 1
2018827571 93 1 4 0
2018836714 93 1 4 1
2018839499 93 1 4 0
2018849062 93 1 4 1
2018851847 93 1 4 0
2018861662 93 1 4 1
2018864279 93 1 4 0
2018864575 85 1 6 1
2018868390 85 1 6 0
2018874514 93 1 4 1
2018875685 85 1 6 1
2018878139 93 1 4 0
2018882334 85 1 6 0
2018888374 93 1 4 1
2018889209 85 1 6 1
2018891411 93 1 4 0
2018895354 85 1 6 0
2018901478 93 1 4 1
2018902901 85 1 6 1
2018904179 93 1 4 0
2018908290 85 1 6 0
2018914330 93 1 4 1
2018915837 85 1 6 1
2018917031 93 1 4 0
2018920974 85 1 6 0
2018926342 93 1 4 1
2018927933 85 1 6 1
2018929295 93 1 4 0
2018933154 85 1 6 0
2018941546 93 1 4 1
2018943221 85 1 6 1
2018944583 93 1 4 0
2018948358 85 1 6 0
2018956498 93 1 4 1
2018958509 85 1 6 1
2018959115 93 1 4 0
2018964486 85 1 6 0
2018969098 93 1 4 1
2018971344 85 1 6 1
2018971715 93 1 4 0
2018977674 85 1 6 0
2018981698 93 1 4 1
2018983877 85 1 6 1
2018984315 93 1 4 0
2018991114 85 1 6 0
2018994130 93 1 4 1
2018996645 85 1 6 1
2018996831 93 1 4 0
2019001950 85 1 6 0
2019006394 93 1 4 1
2019007565 85 1 6 1
2019009011 93 1 4 0
2019014130 85 1 6 0
2019018238 93 1 4 1
2019019913 85 1 6 1
2019020855 93 1 4 0
2019024798 85 1 6 0
2019025126 93 1 4 1
2019027641 85 1 6 1
2019029591 93 1 4 0
2019032434 93 1 4 1
2019032526 85 1 6 0
2019035453 85 1 6 1
2019038411 93 1 4 0
2019040758 85 1 6 0
2019042850 93 1 4 1
2019047319 85 1 6 1
2019052187 93 1 4 0
2019054114 85 1 6 0
2019057550 93 1 4 1
2019062015 93 1 4 0
2019064774 93 1 4 1
2019070919 93 1 4 0
2019075274 93 1 4 1
2019079739 93 1 4 0
2019082414 93 1 4 1
2019088223 93 1 4 0
2019092746 93 1 4 1
2019102251 93 1 4 0
2019107446 93 1 4 1
2019112079 93 1 4 0
2019116434 93 1 4 1
2019124595 93 1 4 0
2019129454 93 1 4 1
2019134003 93 1 4 0
2019138358 93 1 4 1
2019146183 93 1 4 0
2019151126 93 1 4 1
2019155675 93 1 4 0
2019158938 93 1 4 1
2019165083 93 1 4 0
2019169522 93 1 4 1
2019173903 93 1 4 0
2019179938 93 1 4 1
2019182649 93 1 4 0
2019195404 93 1 4 1
2019197937 93 1 4 0
2019209264 93 1 4 1
2019211881 93 1 4 0
2019223292 93 1 4 1
2019226497 93 1 4 0
2019239756 93 1 4 1
2019242709 93 1 4 0
2019253532 93 1 4 1
2019256149 93 1 4 0
2019266132 93 1 4 1
2019268749 93 1 4 0
2019278312 93 1 4 1
2019280954 93 1 4 0
2019293037 93 1 4 1
2019295654 93 1 4 0
2019309921 93 1 4 1
2019312454 93 1 4 0
2019324789 93 1 4 1
2019327826 93 1 4 0
2019341085 93 1 4 1
2019343618 93 1 4 0
2019356961 93 1 4 1
2019359578 93 1 4 0
2019372837 93 1 4 1
2019375370 93 1 4 0
2019388461 93 1 4 1
2019391414 93 1 4 0
2019404925 93 1 4 1
2019407542 93 1 4 0
2019421137 93 1 4 1
2019423754 93 1 4 0
2019437433 93 1 4 1
2019440386 93 1 4 0
2019453729 93 1 4 1
2019456850 93 1 4 0
2019465321 93 1 4 1
2019468778 93 1 4 0
2019478257 93 1 4 1
2019480790 93 1 4 0
2019491277 93 1 4 1
2019494734 93 1 4 0
2019504465 93 1 4 1
2019507502 93 1 4 0
2019516897 93 1 4 1
2019519598 93 1 4 0
2019530505 93 1 4 1
2019533374 93 1 4 0
2019552261 93 1 4 1
2019555130 93 1 4 0
2019570741 93 1 4 1
2019573274 93 1 4 0
2019588045 93 1 4 1
2019590578 93 1 4 0
2019605601 93 1 4 1
2019608134 93 1 4 0
2019621393 93 1 4 1
2019624010 93 1 4 0
2019639369 93 1 4 1
2019641902 93 1 4 0
2019657345 93 1 4 1
2019659878 93 1 4 0
2019674733 93 1 4 1
2019677182 93 1 4 0
2019691701 93 1 4 1
2019694570 93 1 4 0
2019710013 93 1 4 1
2019712546 93 1 4 0
2019727737 93 1 4 1
2019730270 93 1 4 0
2019745629 93 1 4 1
2019748162 93 1 4 0
2019762849 93 1 4 1
2019765298 93 1 4 0
2019780069 93 1 4 1
2019782518 93 1 4 0
2019797541 93 1 4 1
2019800074 93 1 4 0
2019813249 93 1 4 1
2019815950 93 1 4 0
2019830889 93 1 4 1
2019833338 93 1 4 0
2019847017 93 1 4 1
2019849886 93 1 4 0
2019864321 93 1 4 1
2019866922 93 1 4 0
2019881945 93 1 4 1
2019884478 93 1 4 0
2019899333 93 1 4 1
2019901782 93 1 4 0
2019916805 93 1 4 1
2019919254 93 1 4 0
2019934529 93 1 4 1
2019937062 93 1 4 0
2019951665 93 1 4 1
2019954198 93 1 4 0
2019967961 93 1 4 1
2019970494 93 1 4 0
2019984509 93 1 4 1
2019986958 93 1 4 0
2020000637 93 1 4 1
2020003170 93 1 4 0
2020017773 93 1 4 1
2020020306 93 1 4 0
2020034237 93 1 4 1
2020036887 93 1 4 0
2020052330 93 1 4 1
2020054863 93 1 4 0
2020070054 93 1 4 1
2020072839 93 1 4 0
2020087946 93 1 4 1
2020090647 93 1 4 0
2020105586 93 1 4 1
2020108119 93 1 4 0
2020124570 93 1 4 1
2020127103 93 1 4 0
2020142714 93 1 4 1
2020145247 93 1 4 0
2020160438 93 1 4 1
2020163055 93 1 4 0
2028942605 99 1 2 1
2028947056 99 1 2 0
2028951663 99 1 2 1
2028954868 99 1 2 0
2028964431 99 1 2 1
2028967216 99 1 2 0
2028973041 99 1 2 1
2028977464 99 1 2 0
2028982155 99 1 2 1
2028986536 99 1 2 0
2028991227 99 1 2 1
2028995608 99 1 2 0
2029000215 99 1 2 1
2029004596 99 1 2 0
2029009119 99 1 2 1
2029013332 99 1 2 0
2029017855 99 1 2 1
2029022320 99 1 2 0
2029027011 99 1 2 1
2029031392 99 1 2 0
2029036083 99 1 2 1
2029040464 99 1 2 0
2029045071 99 1 2 1
2029049368 99 1 2 0
2029053807 99 1 2 1
2029058020 99 1 2 0
2029062543 99 1 2 1
2029066924 99 1 2 0
2029071615 99 1 2 1
2029075996 99 1 2 0
2029080603 99 1 2 1
2029084984 99 1 2 0
2029089591 99 1 2 1
2029093888 99 1 2 0
2029098411 99 1 2 1
2029102708 99 1 2 0
2029107231 99 1 2 1
2029111612 99 1 2 0
2029116303 99 1 2 1
2029120684 99 1 2 0
2029125375 99 1 2 1
2029129756 99 1 2 0
2029134279 99 1 2 1
2029138576 99 1 2 0
2029143099 99 1 2 1
2029147312 99 1 2 0
2029151835 99 1 2 1
2029156300 99 1 2 0
2029160907 99 1 2 1
2029165372 99 1 2 0
2029169979 99 1 2 1
2029174528 99 1 2 0
2029179135 99 1 2 1
2029183684 99 1 2 0
2029188291 99 1 2 1
2029192168 99 1 2 0
2029197363 99 1 2 1
2029201240 99 1 2 0
2029206435 99 1 2 1
2029210396 99 1 2 0
2029215675 99 1 2 1
2029219636 99 1 2 0
2029224831 99 1 2 1
2029228708 99 1 2 0
2029233735 99 1 2 1
2029237612 99 1 2 0
2029242807 99 1 2 1
2029246768 99 1 2 0
2029252047 99 1 2 1
2029256008 99 1 2 0
2029261203 99 1 2 1
2029265080 99 1 2 0
2029270275 99 1 2 1
2029274152 99 1 2 0
2029279179 99 1 2 1
2029283140 99 1 2 0
2029288335 99 1 2 1
2029292212 99 1 2 0
2029297407 99 1 2 1
2029301284 99 1 2 0
2029306479 99 1 2 1
2029310356 99 1 2 0
2029315383 99 1 2 1
2029319344 99 1 2 0
2029324539 99 1 2 1
2029328416 99 1 2 0
2029333611 99 1 2 1
2029337488 99 1 2 0
2029342683 99 1 2 1
2029346644 99 1 2 0
2029351923 99 1 2 1
2029355884 99 1 2 0
2029361079 99 1 2 1
2029364956 99 1 2 0
2029371663 99 1 2 1
2029374784 99 1 2 0
2029382247 99 1 2 1
2029385368 99 1 2 0
2029392831 99 1 2 1
2029396120 99 1 2 0
2029403667 99 1 2 1
2029406788 99 1 2 0
2029414251 99 1 2 1
2029417372 99 1 2 0
2029424835 99 1 2 1
2029427956 99 1 2 0
2029435167 99 1 2 1
2029438288 99 1 2 0
2029445247 99 1 2 1
2029450048 99 1 2 0
2029454655 99 1 2 1
2029458616 99 1 2 0
2029464483 99 1 2 1
2029469284 99 1 2 0
2029476075 99 1 2 1
2029480876 99 1 2 0
2029486155 99 1 2 1
2029490284 99 1 2 0
2029495479 99 1 2 1
2029499524 99 1 2 0
2029504635 99 1 2 1
2029508596 99 1 2 0
2029513623 99 1 2 1
2029517500 99 1 2 0
2029522527 99 1 2 1
2029526572 99 1 2 0
2029531823 99 1 2 1
2029535812 99 1 2 0
2029541007 99 1 2 1
2029545052 99 1 2 0
2029550163 99 1 2 1
2029554124 99 1 2 0
2029559067 99 1 2 1
2029562860 99 1 2 0
2029567803 99 1 2 1
2029571764 99 1 2 0
2029576959 99 1 2 1
2029581004 99 1 2 0
2029586115 99 1 2 1
2029590244 99 1 2 0
2029595355 99 1 2 1
2029599316 99 1 2 0
2029604343 99 1 2 1
2029608220 99 1 2 0
2029613247 99 1 2 1
2029617208 99 1 2 0
2029622403 99 1 2 1
2029626448 99 1 2 0
2029631643 99 1 2 1
2029635688 99 1 2 0
2029640715 99 1 2 1
2029644676 99 1 2 0
2029649703 99 1 2 1
2029653580 99 1 2 0
2029658607 99 1 2 1
2029662568 99 1 2 0
2029667595 99 1 2 1
2029671640 99 1 2 0
2029676751 99 1 2 1
2029680796 99 1 2 0
2029685907 99 1 2 1
2029689931 99 1 2 0
2036589996 99 1 3 1
2036593437 99 1 3 0
2036599724 99 1 3 1
2036603097 99 1 3 0
2036609384 99 1 3 1
2036612757 99 1 3 0
2036619044 99 1 3 1
2036622585 99 1 3 0
2036628956 99 1 3 1
2036632329 99 1 3 0
2036638532 99 1 3 1
2036641905 99 1 3 0
2036648192 99 1 3 1
2036651565 99 1 3 0
2036657852 99 1 3 1
2036661225 99 1 3 0
2036667512 99 1 3 1
2036670885 99 1 3 0
2036677172 99 1 3 1
2036680713 99 1 3 0
2036687084 99 1 3 1
2036690457 99 1 3 0
2036696744 99 1 3 1
2036700117 99 1 3 0
2036706404 99 1 3 1
2036709777 99 1 3 0
2036716064 99 1 3 1
2036719437 99 1 3 0
2036719622 96 1 4 1
2036723070 96 1 4 0
2036725724 99 1 3 1
2036728937 96 1 4 1
2036729265 99 1 3 0
2036732394 96 1 4 0
2036733536 99 1 3 1
2036737833 99 1 3 0
2036738261 96 1 4 1
2036741718 96 1 4 0
2036742188 99 1 3 1
2036746569 99 1 3 0
2036747669 96 1 4 1
2036750924 99 1 3 1
2036751210 96 1 4 0
2036755305 99 1 3 0
2036757413 96 1 4 1
2036759660 99 1 3 1
2036761038 96 1 4 0
2036764041 99 1 3 0
2036767241 96 1 4 1
2036768480 99 1 3 1
2036770866 96 1 4 0
2036772861 99 1 3 0
2036777069 96 1 4 1
2036777216 99 1 3 1
2036780694 96 1 4 0
2036781765 99 1 3 0
2036786372 99 1 3 1
2036786813 96 1 4 1
2036790270 96 1 4 0
2036790837 99 1 3 0
2036795276 99 1 3 1
2036796137 96 1 4 1
2036799594 96 1 4 0
2036799825 99 1 3 0
2036804348 99 1 3 1
2036805461 96 1 4 1
2036808897 99 1 3 0
2036808918 96 1 4 0
2036813588 99 1 3 1
2036814533 96 1 4 1
2036817633 99 1 3 0
2036818410 96 1 4 0
2036822660 99 1 3 1
2036823689 96 1 4 1
2036826621 99 1 3 0
2036827566 96 1 4 0
2036831648 99 1 3 1
2036832761 96 1 4 1
2036835769 99 1 3 0
2036836638 96 1 4 0
2036841833 96 1 4 1
2036845710 96 1 4 0
2036850905 96 1 4 1
2036854614 96 1 4 0
2036859725 96 1 4 1
2036863602 96 1 4 0
2036868797 96 1 4 1
2036872674 96 1 4 0
2036877953 96 1 4 1
2036881830 96 1 4 0
2036887025 96 1 4 1
2036890818 96 1 4 0
2036896097 96 1 4 1
2036899974 96 1 4 0
2036905169 96 1 4 1
2036909046 96 1 4 0
2036914241 96 1 4 1
2036918118 96 1 4 0
2036923313 96 1 4 1
2036927190 96 1 4 0
2036932469 96 1 4 1
2036936262 96 1 4 0
2036941541 96 1 4 1
2036945418 96 1 4 0
2036950613 96 1 4 1
2036954490 96 1 4 0
2036959685 96 1 4 1
2036963562 96 1 4 0
2036968757 96 1 4 1
2036972634 96 1 4 0
2036974819 97 1 4 1
2036978837 96 1 4 1
2036982042 97 1 4 0
2036982126 96 1 4 0
2036985557 97 1 4 1
2036988665 96 1 4 1
2036991954 96 1 4 0
2036992626 97 1 4 0
2036996057 97 1 4 1
2036998493 96 1 4 1
2037001782 96 1 4 0
2037002706 97 1 4 0
2037005969 97 1 4 1
2037008321 96 1 4 1
2037011610 96 1 4 0
2037012534 97 1 4 0
2037015797 97 1 4 1
2037018149 96 1 4 1
2037021438 96 1 4 0
2037022362 97 1 4 0
2037025625 97 1 4 1
2037027977 96 1 4 1
2037031266 96 1 4 0
2037032190 97 1 4 0
2037035453 97 1 4 1
2037037805 96 1 4 1
2037041094 96 1 4 0
2037042018 97 1 4 0
2037045281 97 1 4 1
2037047633 96 1 4 1
2037050922 96 1 4 0
2037051846 97 1 4 0
2037055109 97 1 4 1
2037057461 96 1 4 1
2037060750 96 1 4 0
2037061674 97 1 4 0
2037064937 97 1 4 1
2037067289 96 1 4 1
2037070578 96 1 4 0
2037071502 97 1 4 0
2037074765 97 1 4 1
2037077117 96 1 4 1
2037080406 96 1 4 0
2037081330 97 1 4 0
2037084593 97 1 4 1
2037086945 96 1 4 1
2037090234 96 1 4 0
2037091158 97 1 4 0
2037094421 97 1 4 1
2037096773 96 1 4 1
2037100062 96 1 4 0
2037100986 97 1 4 0
2037104249 97 1 4 1
2037106601 96 1 4 1
2037109890 96 1 4 0
2037110814 97 1 4 0
2037114077 97 1 4 1
2037116429 96 1 4 1
2037119718 96 1 4 0
2037120642 97 1 4 0
2037123905 97 1 4 1
2037126257 96 1 4 1
2037129546 96 1 4 0
2037130470 97 1 4 0
2037133733 97 1 4 1
2037136085 96 1 4 1
2037139374 96 1 4 0
2037140298 97 1 4 0
2037143561 97 1 4 1
2037145913 96 1 4 1
2037148614 97 1 4 0
2037150798 96 1 4 0
2037152969 97 1 4 1
2037157085 96 1 4 1
2037158694 97 1 4 0
2037161802 96 1 4 0
2037169013 96 1 4 1
2037173478 96 1 4 0
2037180017 96 1 4 1
2037184314 96 1 4 0
2037191021 96 1 4 1
2037195318 96 1 4 0
2037202109 96 1 4 1
2037206574 96 1 4 0
2037213281 96 1 4 1
2037217578 96 1 4 0
2037224285 96 1 4 1
2037228666 96 1 4 0
2037235037 96 1 4 1
2037239166 96 1 4 0
2037245537 96 1 4 1
2037250226 96 1 4 0
2037255401 96 1 4 1
2037263136 96 1 4 0
2037268963 96 1 4 1
2037276886 96 1 4 0
2037282589 96 1 4 1
2037290332 96 1 4 0
2037296063 96 1 4 1
2037304462 96 1 4 0
2037309473 96 1 4 1
2037314204 96 1 4 0
2037316935 96 1 4 1
2037322970 96 1 4 0
2037327629 96 1 4 1
2037335532 96 1 4 0
2037340179 96 1 4 1
2037348350 96 1 4 0
2037353169 96 1 4 1
2037361432 96 1 4 0
2037366391 96 1 4 1
2037371014 96 1 4 0
2037373789 96 1 4 1
2037380176 96 1 4 0
2037384295 96 1 4 1
2037393118 96 1 4 0
2037397237 96 1 4 1
2037402910 89 1 5 1
2037406060 96 1 4 0
2037409331 89 1 5 0
2037410179 96 1 4 1
2037413518 89 1 5 1
2037419170 96 1 4 0
2037422441 89 1 5 0
2037423289 96 1 4 1
2037426628 89 1 5 1
2037428416 96 1 4 0
2037431023 96 1 4 1
2037431687 89 1 5 0
2037434362 89 1 5 1
2037437914 96 1 4 0
2037441185 89 1 5 0
2037441949 96 1 4 1
2037445204 89 1 5 1
2037450604 96 1 4 0
2037453791 89 1 5 0
2037454639 96 1 4 1
2037457894 89 1 5 1
2037463378 96 1 4 0
2037466649 89 1 5 0
2037467497 96 1 4 1
2037470836 89 1 5 1
2037476488 96 1 4 0
2037479759 89 1 5 0
2037480775 96 1 4 1
2037484114 89 1 5 1
2037486070 96 1 4 0
2037488509 96 1 4 1
2037489317 89 1 5 0
2037491740 89 1 5 1
2037495316 96 1 4 0
2037498503 89 1 5 0
2037499519 96 1 4 1
2037502774 89 1 5 1
2037508426 96 1 4 0
2037511613 89 1 5 0
2037515821 96 1 4 1
2037519076 89 1 5 1
2037520528 96 1 4 0
2037523799 89 1 5 0
2037527251 96 1 4 1
2037530590 89 1 5 1
2037531454 96 1 4 0
2037534725 89 1 5 0
2037537589 96 1 4 1
2037541624 96 1 4 0
2037547507 96 1 4 1
2037551458 96 1 4 0
2037557341 96 1 4 1
2037561292 96 1 4 0
2037568519 96 1 4 1
2037571462 96 1 4 0
2037578353 96 1 4 1
2037581296 96 1 4 0
2037588187 96 1 4 1
2037591130 96 1 4 0
2037598021 96 1 4 1
2037600964 96 1 4 0
2037607855 96 1 4 1
2037610798 96 1 4 0
2037617773 96 1 4 1
2037620716 96 1 4 0
2037627439 96 1 4 1
2037630382 96 1 4 0
2037637273 96 1 4 1
2037640216 96 1 4 0
2037647107 96 1 4 1
2037650050 96 1 4 0
2037657025 96 1 4 1
2037660052 96 1 4 0
2037666859 96 1 4 1
2037669718 96 1 4 0
2037676609 96 1 4 1
2037679552 96 1 4 0
2037683419 96 1 4 1
2037687286 96 1 4 0
2037858986 99 1 3 1
2037861542 99 1 3 0
2037879001 99 1 3 1
2037881578 99 1 3 0
2037899037 99 1 3 1
2037901614 99 1 3 0
2037919073 99 1 3 1
2037921662 99 1 3 0
2037939037 99 1 3 1
2037941630 99 1 3 0
2037959089 99 1 3 1
2037961690 99 1 3 0
2037970901 98 1 3 1
2037986961 99 1 3 1
2037990326 98 1 3 0
2037991426 99 1 3 0
2037994849 98 1 3 1
2037995781 99 1 3 1
2037999470 98 1 3 0
2038000402 99 1 3 0
2038003993 98 1 3 1
2038004757 99 1 3 1
2038008782 98 1 3 0
2038009210 99 1 3 0
2038013305 98 1 3 1
2038013397 99 1 3 1
2038017842 99 1 3 0
2038017926 98 1 3 0
2038022197 99 1 3 1
2038022281 98 1 3 1
2038026818 99 1 3 0
2038026902 98 1 3 0
2038031257 99 1 3 1
2038031341 98 1 3 1
2038035794 99 1 3 0
2038035878 98 1 3 0
2038040149 99 1 3 1
2038040233 98 1 3 1
2038044770 99 1 3 0
2038044854 98 1 3 0
2038049209 99 1 3 1
2038049293 98 1 3 1
2038053742 99 1 3 0
2038053826 98 1 3 0
2038058097 99 1 3 1
2038058181 98 1 3 1
2038062718 99 1 3 0
2038062802 98 1 3 0
2038067157 99 1 3 1
2038067241 98 1 3 1
2038071694 99 1 3 0
2038071778 98 1 3 0
2038076049 99 1 3 1
2038076133 98 1 3 1
2038080670 99 1 3 0
2038080754 98 1 3 0
2038085109 99 1 3 1
2038085193 98 1 3 1
2038089646 99 1 3 0
2038089730 98 1 3 0
2038094001 99 1 3 1
2038094085 98 1 3 1
2038098534 98 1 3 0
2038098618 99 1 3 0
2038102889 98 1 3 1
2038103141 99 1 3 1
2038107554 98 1 3 0
2038107598 99 1 3 0
2038111953 99 1 3 1
2038112093 98 1 3 1
2038116402 99 1 3 0
2038116716 98 1 3 0
2038120757 99 1 3 1
2038121171 98 1 3 1
2038125218 99 1 3 0
2038125878 98 1 3 0
2038129741 99 1 3 1
2038130249 98 1 3 1
2038134430 99 1 3 0
2038134536 98 1 3 0
2038138869 99 1 3 1
2038139663 98 1 3 1
2038143478 99 1 3 0
2038143782 98 1 3 0
2038148001 99 1 3 1
2038149161 98 1 3 1
2038152694 99 1 3 0
2038153196 98 1 3 0
2038157217 99 1 3 1
2038158407 98 1 3 1
2038161910 99 1 3 0
2038162526 98 1 3 0
2038166601 99 1 3 1
2038167653 98 1 3 1
2038171294 99 1 3 0
2038171772 98 1 3 0
2038175733 99 1 3 1
2038176983 98 1 3 1
2038179086 98 1 3 0
2038180170 99 1 3 0
2038184693 99 1 3 1
2038189214 99 1 3 0
2038193821 99 1 3 1
2038198258 99 1 3 0
2038202865 99 1 3 1
2038207134 99 1 3 0
2038211657 99 1 3 1
2038216006 99 1 3 0
2038220613 99 1 3 1
2038224882 99 1 3 0
2038229489 99 1 3 1
2038233754 99 1 3 0
2038238361 99 1 3 1
2038242626 99 1 3 0
2038247317 99 1 3 1
2038251666 99 1 3 0
2038256189 99 1 3 1
2038260538 99 1 3 0
2038265229 99 1 3 1
2038269574 99 1 3 0
2038274181 99 1 3 1
2038278446 99 1 3 0
2038283053 99 1 3 1
2038287486 99 1 3 0
2038292093 99 1 3 1
2038296358 99 1 3 0
2038300041 99 1 3 1
2038305950 99 1 3 0
2038310641 99 1 3 1
2038315162 99 1 3 0
2038319853 99 1 3 1
2038324374 99 1 3 0
2038329065 99 1 3 1
2038333414 99 1 3 0
2038337517 99 1 3 1
2038343774 99 1 3 0
2038348465 99 1 3 1
2038352986 99 1 3 0
2038357677 99 1 3 1
2038362198 99 1 3 0
2038366889 99 1 3 1
2038371238 99 1 3 0
2038375509 99 1 3 1
2038381858 99 1 3 0
2038386549 99 1 3 1
2038391070 99 1 3 0
2038395761 99 1 3 1
2038400282 99 1 3 0
2038404889 99 1 3 1
2038409154 99 1 3 0
2038413509 99 1 3 1
2038420034 99 1 3 0
2038424725 99 1 3 1
2038429246 99 1 3 0
2038433853 99 1 3 1
2038438290 99 1 3 0
2038442897 99 1 3 1
2038447166 99 1 3 0
2038451521 99 1 3 1
2038458046 99 1 3 0
2038462653 99 1 3 1
2038467090 99 1 3 0
2038471697 99 1 3 1
2038476134 99 1 3 0
2038480741 99 1 3 1
2038485010 99 1 3 0
2038489449 99 1 3 1
2038496062 99 1 3 0
2038500753 99 1 3 1
2038505106 99 1 3 0
2038509545 99 1 3 1
2038512466 99 1 3 0
2038528917 99 1 3 1
2038533418 99 1 3 0
2038537941 99 1 3 1
2038542574 99 1 3 0
2038547349 99 1 3 1
2038551898 99 1 3 0
2038556505 99 1 3 1
2038560878 99 1 3 0
2038565317 99 1 3 1
2038569862 99 1 3 0
2038574301 99 1 3 1
2038578670 99 1 3 0
2038583109 99 1 3 1
2038587650 99 1 3 0
2038592257 99 1 3 1
2038596802 99 1 3 0
2038601241 99 1 3 1
2038605782 99 1 3 0
2038610389 99 1 3 1
2038615106 99 1 3 0
2038619713 99 1 3 1
2038624258 99 1 3 0
2038628865 99 1 3 1
2038633406 99 1 3 0
2038637845 99 1 3 1
2038642142 99 1 3 0
2038646665 99 1 3 1
2038650710 99 1 3 0
2038655233 99 1 3 1
2038659362 99 1 3 0
2038663885 99 1 3 1
2038668098 99 1 3 0
2038672873 99 1 3 1
2038677254 99 1 3 0
2038682113 99 1 3 1
2038686662 99 1 3 0
2038691521 99 1 3 1
2038695902 99 1 3 0
2038700593 99 1 3 1
2038704974 99 1 3 0
2038709833 99 1 3 1
2038714298 99 1 3 0
2038718989 99 1 3 1
2038722866 99 1 3 0
2038727473 99 1 3 1
2038730426 99 1 3 0
2038735117 99 1 3 1
2038738154 99 1 3 0
2038743601 99 1 3 1
2038746470 99 1 3 0
2038752505 99 1 3 1
2038755374 99 1 3 0
2038761493 99 1 3 1
2038765454 99 1 3 0
2038771657 99 1 3 1
2038774526 99 1 3 0
2038780561 99 1 3 1
2038783430 99 1 3 0
2038789465 99 1 3 1
2038793426 99 1 3 0
2038799545 99 1 3 1
2038802414 99 1 3 0
2038807273 99 1 3 1
2038810142 99 1 3 0
2038814665 99 1 3 1
2038817766 99 1 3 0
2038821281 99 1 3 1
2038824358 99 1 3 0
2038829133 99 1 3 1
2038832310 99 1 3 0
2038837421 99 1 3 1
2038840434 99 1 3 0
2038845377 99 1 3 1
2038848386 99 1 3 0
2038851901 99 1 3 1
2038854918 99 1 3 0
2038859609 99 1 3 1
2038862534 99 1 3 0
2038867309 99 1 3 1
2038870322 99 1 3 0
2038875265 99 1 3 1
2038878190 99 1 3 0
2038882293 99 1 3 1
2038885570 99 1 3 0
2038890429 99 1 3 1
2038893442 99 1 3 0
2038898553 99 1 3 1
2038901566 99 1 3 0
2055898710 95 1 4 1
2055903096 95 1 4 0
2055907619 95 1 4 1
2055912000 95 1 4 0
2055916523 95 1 4 1
2055921072 95 1 4 0
2055925679 95 1 4 1
2055930060 95 1 4 0
2055934583 95 1 4 1
2055938964 95 1 4 0
2055943487 95 1 4 1
2055947952 95 1 4 0
2055952475 95 1 4 1
2055956856 95 1 4 0
2055961379 95 1 4 1
2055965965 95 1 4 0
2055971244 95 1 4 1
2055975420 95 1 4 0
2055977950 93 1 4 1
2055980195 95 1 4 1
2055983594 93 1 4 0
2055984156 95 1 4 0
2055987826 93 1 4 1
2055989099 95 1 4 1
2055992976 95 1 4 0
2055993294 93 1 4 0
2055997350 93 1 4 1
2055997835 95 1 4 1
2056001712 95 1 4 0
2056002554 93 1 4 0
2056006571 95 1 4 1
2056006610 93 1 4 1
2056010448 95 1 4 0
2056011638 93 1 4 0
2056015223 95 1 4 1
2056015606 93 1 4 1
2056019268 95 1 4 0
2056020458 93 1 4 0
2056024043 95 1 4 1
2056024410 93 1 4 1
2056028088 95 1 4 0
2056029342 93 1 4 0
2056032863 95 1 4 1
2056033310 93 1 4 1
2056036908 95 1 4 0
2056038154 93 1 4 0
2056041683 95 1 4 1
2056042126 93 1 4 1
2056045808 95 1 4 0
2056046886 93 1 4 0
2056050583 95 1 4 1
2056050998 93 1 4 1
2056054844 95 1 4 0
2056055718 93 1 4 0
2056059535 95 1 4 1
2056059950 93 1 4 1
2056063712 95 1 4 0
2056064802 93 1 4 0
2056068487 95 1 4 1
2056068858 93 1 4 1
2056072748 95 1 4 0
2056073442 93 1 4 0
2056077439 95 1 4 1
2056077678 93 1 4 1
2056081616 95 1 4 0
2056082526 93 1 4 0
2056086307 95 1 4 1
2056086586 93 1 4 1
2056090480 95 1 4 0
2056091170 93 1 4 0
2056095171 95 1 4 1
2056095402 93 1 4 1
2056099344 95 1 4 0
2056100254 93 1 4 0
2056104035 95 1 4 1
2056104486 93 1 4 1
2056108212 95 1 4 0
2056109250 93 1 4 0
2056112987 95 1 4 1
2056113482 93 1 4 1
2056117248 95 1 4 0
2056118334 93 1 4 0
2056122023 95 1 4 1
2056122566 93 1 4 1
2056126288 95 1 4 0
2056127330 93 1 4 0
2056131063 95 1 4 1
2056131542 93 1 4 1
2056135752 95 1 4 0
2056137010 93 1 4 0
2056139855 95 1 4 1
2056140546 93 1 4 1
2056145220 95 1 4 0
2056146634 93 1 4 0
2056149323 95 1 4 1
2056150230 93 1 4 1
2056154948 95 1 4 0
2056156286 93 1 4 0
2056159051 95 1 4 1
2056159705 93 1 4 1
2056164416 95 1 4 0
2056165682 93 1 4 0
2056168519 95 1 4 1
2056169182 93 1 4 1
2056173964 95 1 4 0
2056175262 93 1 4 0
2056177983 95 1 4 1
2056178790 93 1 4 1
2056183436 95 1 4 0
2056184646 93 1 4 0
2056187539 95 1 4 1
2056188002 93 1 4 1
2056192904 95 1 4 0
2056193946 93 1 4 0
2056197007 95 1 4 1
2056197530 93 1 4 1
2056202456 95 1 4 0
2056203517 93 1 4 0
2056206391 95 1 4 1
2056206861 93 1 4 1
2056211576 95 1 4 0
2056212849 93 1 4 0
2056215679 95 1 4 1
2056216461 93 1 4 1
2056221304 95 1 4 0
2056222336 93 1 4 0
2056225407 95 1 4 1
2056225583 93 1 4 1
2056230772 95 1 4 0
2056231456 93 1 4 0
2056234707 95 1 4 1
2056234963 93 1 4 1
2056239984 95 1 4 0
2056240840 93 1 4 0
2056244003 95 1 4 1
2056244259 93 1 4 1
2056249276 95 1 4 0
2056250308 93 1 4 0
2056253379 95 1 4 1
2056253819 93 1 4 1
2056258832 95 1 4 0
2056259692 93 1 4 0
2056262767 95 1 4 1
2056263111 93 1 4 1
2056267952 95 1 4 0
2056269156 93 1 4 0
2056271971 95 1 4 1
2056272663 93 1 4 1
2056277508 95 1 4 0
2056278540 93 1 4 0
2056281611 95 1 4 1
2056281959 93 1 4 1
2056286976 95 1 4 0
2056288008 93 1 4 0
2056291079 95 1 4 1
2056291515 93 1 4 1
2056296532 95 1 4 0
2056297388 93 1 4 0
2056300467 95 1 4 1
2056300807 93 1 4 1
2056305652 95 1 4 0
2056306856 93 1 4 0
2056309755 95 1 4 1
2056310363 93 1 4 1
2056315208 95 1 4 0
2056316240 93 1 4 0
2056319143 95 1 4 1
2056319663 93 1 4 1
2056324504 95 1 4 0
2056325708 93 1 4 0
2056328607 95 1 4 1
2056329215 93 1 4 1
2056334060 95 1 4 0
2056335088 93 1 4 0
2056338079 95 1 4 1
2056338423 93 1 4 1
2056343352 95 1 4 0
2056344384 93 1 4 0
2056347455 95 1 4 1
2056347899 93 1 4 1
2056352908 95 1 4 0
2056353940 93 1 4 0
2056356843 95 1 4 1
2056357367 93 1 4 1
2056362028 95 1 4 0
2056363232 93 1 4 0
2056366047 95 1 4 1
2056366571 93 1 4 1
2056371412 95 1 4 0
2056372444 93 1 4 0
2056375361 92 1 4 1
2056376403 93 1 4 1
2056380708 93 1 4 0
2056385555 93 1 4 1
2056390000 93 1 4 0
2056394679 93 1 4 1
2056398868 93 1 4 0
2056407291 93 1 4 1
2056411456 93 1 4 0
2056420043 93 1 4 1
2056424388 93 1 4 0
2056433063 93 1 4 1
2056437408 93 1 4 0
2056446035 93 1 4 1
2056450428 93 1 4 0
2056459183 93 1 4 1
2056463532 93 1 4 0
2056472319 93 1 4 1
2056476492 93 1 4 0
2056485467 93 1 4 1
2056489752 93 1 4 0
2056496879 93 1 4 1
2056502012 93 1 4 0
2056509643 93 1 4 1
2056514960 93 1 4 0
2056519903 93 1 4 1
2056525096 93 1 4 0
2056529871 93 1 4 1
2056534628 93 1 4 0
2056539319 93 1 4 1
2056543908 93 1 4 0
2056548515 93 1 4 1
2056552852 93 1 4 0
2056557459 93 1 4 1
2056561708 93 1 4 0
2056566231 93 1 4 1
2056570480 93 1 4 0
2056575003 93 1 4 1
2056579084 93 1 4 0
2056583859 93 1 4 1
2056587956 93 1 4 0
2056592731 93 1 4 1
2056596988 93 1 4 0
2056601847 93 1 4 1
2056605944 93 1 4 0
2056610551 93 1 4 1
2056614632 93 1 4 0
2056619239 93 1 4 1
2056623324 93 1 4 0
2056628099 93 1 4 1
2056632356 93 1 4 0
2056637215 93 1 4 1
2056641396 93 1 4 0
2056646171 93 1 4 1
2056650516 93 1 4 0
2056655375 93 1 4 1
2056659472 93 1 4 0
2056664163 93 1 4 1
2056665464 92 1 4 0
2056677048 93 1 4 0
2056680479 93 1 4 1
2056695180 93 1 4 0
2056698443 93 1 4 1
2056704679 92 1 4 1
2056710624 92 1 4 0
2056711220 93 1 4 0
2056714391 92 1 4 1
2056714987 93 1 4 1
2056716748 92 1 4 0
2056723623 92 1 4 1
2056728028 93 1 4 0
2056729824 92 1 4 0
2056732131 93 1 4 1
2056739135 92 1 4 1
2056745264 92 1 4 0
2056745348 93 1 4 0
2056749199 93 1 4 1
2056753735 92 1 4 1
2056758656 92 1 4 0
2056762162 93 1 4 0
2056762171 92 1 4 1
2056765929 93 1 4 1
2056766508 92 1 4 0
2056770918 85 1 6 1
2056774643 92 1 4 1
2056778284 93 1 4 0
2056780510 92 1 4 0
2056781051 85 1 6 0
2056781883 93 1 4 1
2056785070 85 1 6 1
2056789569 92 1 4 1
2056794324 93 1 4 0
2056795520 92 1 4 0
2056797511 85 1 6 0
2056797923 93 1 4 1
2056799119 92 1 4 1
2056801110 85 1 6 1
2056801556 92 1 4 0
2056808515 92 1 4 1
2056810956 93 1 4 0
2056814143 85 1 6 0
2056814636 92 1 4 0
2056814723 93 1 4 1
2056817910 85 1 6 1
2056823947 92 1 4 1
2056825636 92 1 4 0
2056826748 93 1 4 0
2056829935 85 1 6 0
2056830599 93 1 4 1
2056833786 85 1 6 1
2056842700 93 1 4 0
2056845887 85 1 6 0
2056847895 93 1 4 1
2056851082 85 1 6 1
2056860024 93 1 4 0
2056863211 85 1 6 0
2056865219 93 1 4 1
2056868406 85 1 6 1
2056877680 93 1 4 0
2056880867 85 1 6 0
2056882875 93 1 4 1
2056886062 85 1 6 1
2056894836 93 1 4 0
2056898023 85 1 6 0
2056899863 93 1 4 1
2056903050 85 1 6 1
2056912064 93 1 4 0
2056915251 85 1 6 0
2056917259 93 1 4 1
2056920446 85 1 6 1
2056929132 93 1 4 0
2056932319 85 1 6 0
2056934159 93 1 4 1
2056937346 85 1 6 1
2056946368 93 1 4 0
2056949555 85 1 6 0
2056951647 93 1 4 1
2056954834 85 1 6 1
2056963776 93 1 4 0
2056966963 85 1 6 0
2056968971 93 1 4 1
2056972158 85 1 6 1
2056981520 93 1 4 0
2056984707 85 1 6 0
2056986715 93 1 4 1
2056989902 85 1 6 1
2056998416 93 1 4 0
2057001603 85 1 6 0
2057003359 93 1 4 1
2057006546 85 1 6 1
2057015396 93 1 4 0
2057018583 85 1 6 0
2057020423 93 1 4 1
2057023610 85 1 6 1
2057032300 93 1 4 0
2057035487 85 1 6 0
2057037243 93 1 4 1
2057040430 85 1 6 1
2057049036 93 1 4 0
2057052223 85 1 6 0
2057054063 93 1 4 1
2057057250 85 1 6 1
2057066284 93 1 4 0
2057069471 85 1 6 0
2057071311 93 1 4 1
2057074498 85 1 6 1
2057083108 93 1 4 0
2057086295 85 1 6 0
2057088051 93 1 4 1
2057091238 85 1 6 1
2057097012 93 1 4 0
2057100199 85 1 6 0
2057268863 93 1 4 1
2057281376 93 1 4 0
2057286319 93 1 4 1
2057302964 93 1 4 0
2057308327 93 1 4 1
2057316404 93 1 4 0
2057321179 93 1 4 1
2057328416 93 1 4 0
2057333443 93 1 4 1
2057343704 93 1 4 0
2057348815 93 1 4 1
2057357732 93 1 4 0
2057362591 93 1 4 1
2057369660 93 1 4 0
2057374183 93 1 4 1
2057382932 93 1 4 0
2057387623 93 1 4 1
2057396540 93 1 4 0
2057401399 93 1 4 1
2057407903 93 1 4 0
2058268011 74 1 3 1
2058271948 74 1 3 0
2058277311 74 1 3 1
2058281320 74 1 3 0
2058286683 74 1 3 1
2058290688 74 1 3 0
2058296051 74 1 3 1
2058299976 74 1 3 0
2058305255 74 1 3 1
2058309176 74 1 3 0
2058314539 74 1 3 1
2058318376 74 1 3 0
2058323571 74 1 3 1
2058327576 74 1 3 0
2058332939 74 1 3 1
2058336860 74 1 3 0
2058342139 74 1 3 1
2058346060 74 1 3 0
2058351423 74 1 3 1
2058355260 74 1 3 0
2058360455 74 1 3 1
2058364460 74 1 3 0
2058369823 74 1 3 1
2058373744 74 1 3 0
2058379023 74 1 3 1
2058382944 74 1 3 0
2058388307 74 1 3 1
2058392144 74 1 3 0
2058397339 74 1 3 1
2058401260 74 1 3 0
2058406539 74 1 3 1
2058410460 74 1 3 0
2058415739 74 1 3 1
2058419656 74 1 3 0
2058425019 74 1 3 1
2058428944 74 1 3 0
2058434223 74 1 3 1
2058438144 74 1 3 0
2058443423 74 1 3 1
2058447348 74 1 3 0
2058452627 74 1 3 1
2058456548 74 1 3 0
2058461911 74 1 3 1
2058465828 74 1 3 0
2058471107 74 1 3 1
2058475028 74 1 3 0
2058480307 74 1 3 1
2058484232 74 1 3 0
2058489595 74 1 3 1
2058493432 74 1 3 0
2058498627 74 1 3 1
2058502628 74 1 3 0
2058507991 74 1 3 1
2058511916 74 1 3 0
2058517195 74 1 3 1
2058521116 74 1 3 0
2058526479 74 1 3 1
2058530316 74 1 3 0
2058535511 74 1 3 1
2058539516 74 1 3 0
2058544879 74 1 3 1
2058548800 74 1 3 0
2058554079 74 1 3 1
2058558000 74 1 3 0
2058563363 74 1 3 1
2058567200 74 1 3 0
2058572395 74 1 3 1
2058576400 74 1 3 0
2058581763 74 1 3 1
2058585688 74 1 3 0
2058590967 74 1 3 1
2058594884 74 1 3 0
2058600247 74 1 3 1
2058604084 74 1 3 0
2058609279 74 1 3 1
2058613284 74 1 3 0
2058618647 74 1 3 1
2058622484 74 1 3 0
2058627679 74 1 3 1
2058631596 74 1 3 0
2058636959 74 1 3 1
2058640968 74 1 3 0
2058646331 74 1 3 1
2058650168 74 1 3 0
2058655363 74 1 3 1
2058659284 74 1 3 0
2058664563 74 1 3 1
2058668484 74 1 3 0
2058673847 74 1 3 1
2058677852 74 1 3 0
2058683215 74 1 3 1
2058687136 74 1 3 0
2058692415 74 1 3 1
2058696252 74 1 3 0
2058701447 74 1 3 1
2058705368 74 1 3 0
2058710731 74 1 3 1
2058714736 74 1 3 0
2058720099 74 1 3 1
2058723936 74 1 3 0
2058729131 74 1 3 1
2058733052 74 1 3 0
2058738415 74 1 3 1
2058742276 74 1 3 0
2058747303 74 1 3 1
2058751264 74 1 3 0
2058756543 74 1 3 1
2058760504 74 1 3 0
2058765699 74 1 3 1
2058769576 74 1 3 0
2061619629 75 1 4 1
2061623729 75 1 4 0
2061628672 75 1 4 1
2061632717 75 1 4 0
2061637576 75 1 4 1
2061641621 75 1 4 0
2061646564 75 1 4 1
2061650777 75 1 4 0
2061655804 75 1 4 1
2061659849 75 1 4 0
2061664708 75 1 4 1
2061668753 75 1 4 0
2061673696 75 1 4 1
2061677741 75 1 4 0
2061682516 75 1 4 1
2061686561 75 1 4 0
2061691588 75 1 4 1
2061695633 75 1 4 0
2061700408 75 1 4 1
2061704453 75 1 4 0
2061709312 75 1 4 1
2061713441 75 1 4 0
2061718300 75 1 4 1
2061722345 75 1 4 0
2061727120 75 1 4 1
2061731333 75 1 4 0
2061736360 75 1 4 1
2061740573 75 1 4 0
2061745348 75 1 4 1
2061749393 75 1 4 0
2061754252 75 1 4 1
2061758465 75 1 4 0
2061763408 75 1 4 1
2061767537 75 1 4 0
2061773320 75 1 4 1
2061776945 75 1 4 0
2061782896 75 1 4 1
2061786521 75 1 4 0
2061792388 75 1 4 1
2061795929 75 1 4 0
2061801964 75 1 4 1
2061805421 75 1 4 0
2061811372 75 1 4 1
2061814913 75 1 4 0
2061820864 75 1 4 1
2061824405 75 1 4 0
2061830692 75 1 4 1
2061834233 75 1 4 0
2061840268 75 1 4 1
2061843809 75 1 4 0
2061850096 75 1 4 1
2061853637 75 1 4 0
2061859924 75 1 4 1
2061863465 75 1 4 0
2061869500 75 1 4 1
2061872957 75 1 4 0
2061878824 75 1 4 1
2061882281 75 1 4 0
2061888400 75 1 4 1
2061892025 75 1 4 0
2061898060 75 1 4 1
2061901685 75 1 4 0
2061907804 75 1 4 1
2061911261 75 1 4 0
2061917044 75 1 4 1
2061920501 75 1 4 0
2061926536 75 1 4 1
2061930077 75 1 4 0
2061936112 75 1 4 1
2061939737 75 1 4 0
2061945772 75 1 4 1
2061949313 75 1 4 0
2061955264 75 1 4 1
2061958721 75 1 4 0
2061964756 75 1 4 1
2061968297 75 1 4 0
2061974332 75 1 4 1
2061977957 75 1 4 0
2061983992 75 1 4 1
2061987617 75 1 4 0
2061993904 75 1 4 1
2061997613 75 1 4 0
2062003564 75 1 4 1
2062007273 75 1 4 0
2062013392 75 1 4 1
2062017101 75 1 4 0
2062023052 75 1 4 1
2062026761 75 1 4 0
2062032880 75 1 4 1
2062036589 75 1 4 0
2062042540 75 1 4 1
2062046249 75 1 4 0
2062052368 75 1 4 1
2062056077 75 1 4 0
2062062028 75 1 4 1
2062065653 75 1 4 0
2062071688 75 1 4 1
2062075145 75 1 4 0
2062081096 75 1 4 1
2062084721 75 1 4 0
2062090756 75 1 4 1
2062096817 75 1 4 0
2062103020 75 1 4 1
2062108997 75 1 4 0
2062114696 75 1 4 1
2062120505 75 1 4 0
2062126120 75 1 4 1
2062131845 75 1 4 0
2062137628 75 1 4 1
2062143437 75 1 4 0
2062149052 75 1 4 1
2062154861 75 1 4 0
2062160476 75 1 4 1
2062166117 75 1 4 0
2062171648 75 1 4 1
2062177373 75 1 4 0
2062183072 75 1 4 1
2062188853 75 1 4 0
2062194384 75 1 4 1
2062200357 75 1 4 0
2062205972 75 1 4 1
2062212121 75 1 4 0
2062217736 75 1 4 1
2062223797 75 1 4 0
2062229328 75 1 4 1
2062235473 75 1 4 0
2062241256 75 1 4 1
2062247669 75 1 4 0
2062253284 75 1 4 1
2062259257 75 1 4 0
2062264872 75 1 4 1
2062271193 75 1 4 0
2062276976 75 1 4 1
2062280841 75 1 4 0
2062316864 75 1 4 1
2062319221 75 1 4 0
