time: 2000000000
1 1 1
1 2 1
2 1 1
2 2 1
time: 2100000000
1 1 1000001
1 2 994287 5714
2 1 1000001
2 2 994287 5714
time: 2200000000
1 1 2000001
1 2 1994287 5714
2 1 2000001
2 2 1994287 5714
time: 2300000000
1 1 3000001
1 2 2994287 5714
2 1 3000001
2 2 2994287 5714
time: 2400000000
1 1 4000001
1 2 3994287 5714
2 1 4000001
2 2 3994287 5714
time: 2500000000
1 1 5000001
1 2 4994287 5714
2 1 5000001
2 2 4994287 5714
time: 2600000000
1 1 6000001
1 2 5994287 5714
2 1 6000001
2 2 5994287 5714
time: 2700000000
1 1 7000001
1 2 6994287 5714
2 1 7000001
2 2 6994287 5714
time: 2800000000
1 1 8000001
1 2 7994287 5714
2 1 8000001
2 2 7994287 5714
time: 2900000000
1 1 9000001
1 2 8994287 5714
2 1 9000001
2 2 8994287 5714
time: 3000000000
1 1 10000001
1 2 9994287 5714
2 1 10000001
2 2 9994287 5714
