115 
1 0 3 100 27118 2.000684987
0 1 3 100 20752 2.002260911
0 1 3 100 25344446 2.003777491
0 1 3 100 46291 2.003970372
0 1 3 100 6118 2.003982304
1 0 3 100 3690762 2.004628571
0 1 3 100 3244 2.010777021
1 0 3 100 1191 2.011341661
0 1 3 100 411023 2.011637597
1 0 3 100 16439 2.013388610
1 0 3 100 879528 2.014902226
0 1 3 100 25651 2.016984709
0 1 3 100 121962 2.019008241
1 0 3 100 60977 2.020047174
1 0 3 100 6552 2.020373614
1 0 3 100 1940851 2.023614909
1 0 3 100 1345032 2.023780041
1 0 3 100 2898 2.024480692
1 0 3 100 914595 2.025321378
1 0 3 100 9288 2.025448131
1 0 3 100 47685 2.027786755
1 0 3 100 1021924 2.028174665
0 1 3 100 769291 2.028498290
1 0 3 100 1515578 2.028508926
1 0 3 100 1428651 2.029261299
1 0 3 100 3366290 2.030166330
0 1 3 100 6672727 2.031504699
1 0 3 100 18794 2.032017587
0 1 3 100 114962 2.032607897
0 1 3 100 42068 2.033162184
1 0 3 100 66699 2.033329436
0 1 3 100 28304 2.033869588
1 0 3 100 21970 2.034581178
0 1 3 100 13652 2.034649562
1 0 3 100 526310 2.035054648
0 1 3 100 53240 2.035132454
1 0 3 100 2173462 2.035976795
1 0 3 100 445277 2.036251141
1 0 3 100 51867 2.039537783
0 1 3 100 33467 2.039780392
0 1 3 100 27208031 2.041096222
0 1 3 100 63986 2.041271559
0 1 3 100 3268297 2.042000635
0 1 3 100 7826 2.045458436
0 1 3 100 117 2.047861471
0 1 3 100 67590 2.048386157
1 0 3 100 22278 2.049663745
0 1 3 100 5903485 2.050215768
0 1 3 100 66203 2.051923701
0 1 3 100 40114 2.053064262
0 1 3 100 2041 2.054180147
1 0 3 100 8415930 2.054216797
1 0 3 100 6966 2.054656389
0 1 3 100 9199202 2.054744474
0 1 3 100 78073 2.055328163
1 0 3 100 53234 2.055375960
1 0 3 100 25196 2.056629658
1 0 3 100 29996 2.056689272
1 0 3 100 2438380 2.058166023
0 1 3 100 20739 2.058181793
1 0 3 100 74150 2.058388957
0 1 3 100 746415 2.058505579
0 1 3 100 24490 2.060069943
0 1 3 100 53468 2.060705120
0 1 3 100 442795 2.062196970
0 1 3 100 64614 2.062489544
1 0 3 100 2196390 2.062986208
0 1 3 100 1417516 2.063009528
1 0 3 100 1587560 2.065261495
1 0 3 100 1210800 2.065570438
1 0 3 100 1497715 2.067997800
1 0 3 100 39849 2.068710909
1 0 3 100 1591092 2.068962609
0 1 3 100 22410 2.070056085
1 0 3 100 22180 2.070730269
0 1 3 100 885 2.071404857
1 0 3 100 17075886 2.071971007
0 1 3 100 6937262 2.072314202
1 0 3 100 1068 2.072578732
0 1 3 100 330943 2.073384436
1 0 3 100 29581096 2.073544890
1 0 3 100 8909030 2.073551314
1 0 3 100 4780 2.074069308
0 1 3 100 1280712 2.074481492
1 0 3 100 29458 2.074828712
1 0 3 100 1647434 2.076202931
1 0 3 100 688719 2.077142679
1 0 3 100 4220 2.077665024
1 0 3 100 9269460 2.078529075
1 0 3 100 2537261 2.078891439
1 0 3 100 1353012 2.079172499
1 0 3 100 6762014 2.079240123
0 1 3 100 5731 2.079255887
0 1 3 100 22435316 2.079613946
1 0 3 100 161265 2.080275091
1 0 3 100 6583710 2.080426138
1 0 3 100 4167872 2.080912976
1 0 3 100 1568905 2.082484208
0 1 3 100 18996 2.083257278
0 1 3 100 45104 2.084084461
0 1 3 100 9158295 2.086744626
0 1 3 100 16063 2.088438504
0 1 3 100 6747709 2.089788269
1 0 3 100 4550 2.090258336
1 0 3 100 26695 2.091341843
1 0 3 100 75411 2.091625561
0 1 3 100 38512 2.091996737
1 0 3 100 3300 2.092127550
0 1 3 100 23244168 2.092523166
0 1 3 100 9267 2.092532828
0 1 3 100 77710 2.093195071
1 0 3 100 2565709 2.093270510
0 1 3 100 39700 2.095939886
0 1 3 100 6522439 2.097433549
1 0 3 100 7682941 2.099191183
