1368 
16 52 3 100 188459 2.000045279
41 4 3 100 2789769 2.000141214
53 43 3 100 3251 2.000158048
55 30 3 100 773350 2.000238106
16 20 3 100 64792 2.000269362
49 26 3 100 523676 2.000295056
11 43 3 100 166888 2.000324041
15 9 3 100 22662 2.000341136
21 30 3 100 157337 2.000461405
34 30 3 100 16699 2.000486515
16 50 3 100 4632115 2.000627217
20 27 3 100 6603 2.000644506
2 58 3 100 2175 2.000668027
35 48 3 100 41462 2.000694861
5 18 3 100 2404 2.000771888
26 54 3 100 22181 2.000778822
12 60 3 100 10761282 2.000820776
24 53 3 100 18689 2.000865859
55 11 3 100 21117 2.001070307
18 9 3 100 68380 2.001075000
38 0 3 100 24343 2.001120490
45 41 3 100 14762 2.001128619
45 2 3 100 67385 2.001154861
0 61 3 100 1348 2.001175942
27 0 3 100 37035 2.001307466
27 43 3 100 77211 2.001320969
49 24 3 100 124166 2.001445418
18 31 3 100 2791569 2.001541513
40 60 3 100 1850780 2.001575008
38 32 3 100 829540 2.001668187
12 59 3 100 994708 2.001713890
44 4 3 100 9291416 2.001927640
29 42 3 100 1421281 2.002134766
8 48 3 100 2626585 2.002168451
17 6 3 100 31036 2.002181537
26 61 3 100 129366 2.002206528
42 31 3 100 4052 2.002208150
23 48 3 100 63492 2.002257599
22 37 3 100 22417538 2.002274756
39 45 3 100 1527 2.002304496
32 37 3 100 185458 2.002325999
51 62 3 100 377687 2.002357975
46 44 3 100 20760 2.002477980
22 55 3 100 25071 2.002497647
4 23 3 100 4522203 2.002558922
52 15 3 100 133342 2.002594936
7 52 3 100 25743371 2.002614256
52 51 3 100 174134 2.002634100
60 38 3 100 1457992 2.002684749
11 16 3 100 45835 2.002725776
20 30 3 100 2263176 2.002786161
11 14 3 100 7324 2.002875624
51 20 3 100 888421 2.002933509
14 37 3 100 1339 2.003213970
42 29 3 100 6600 2.003295530
50 35 3 100 23131214 2.003318718
33 50 3 100 1920512 2.003328216
46 41 3 100 2402087 2.003441082
27 56 3 100 31290 2.003645055
55 46 3 100 162837 2.003651467
46 35 3 100 3088425 2.003679586
23 54 3 100 8636 2.003719679
22 29 3 100 50330 2.003841675
16 26 3 100 22176 2.003863367
20 12 3 100 56174 2.004062925
10 24 3 100 38987 2.004201496
58 35 3 100 1885 2.004205575
53 34 3 100 74283 2.004209150
27 60 3 100 191725 2.004215384
18 31 3 100 44204 2.004237276
34 6 3 100 23650 2.004355616
8 57 3 100 3626 2.004448903
39 24 3 100 1268260 2.004559292
12 51 3 100 10175 2.004576457
27 34 3 100 30213 2.004598269
59 44 3 100 8362091 2.004766005
17 46 3 100 165771 2.004867863
47 51 3 100 2277419 2.005152112
23 3 3 100 57905 2.005192642
36 59 3 100 78106 2.005261372
40 58 3 100 79829 2.005340433
41 58 3 100 46756 2.005368836
44 51 3 100 1219124 2.005371083
32 21 3 100 49883 2.005434092
14 28 3 100 33815 2.005437569
51 9 3 100 4872 2.005455538
17 7 3 100 546763 2.005554152
31 14 3 100 17808 2.005593972
30 12 3 100 2089667 2.005605122
62 39 3 100 1523340 2.005657497
41 43 3 100 2124 2.005694992
50 52 3 100 38909 2.005859896
24 6 3 100 63517 2.005870610
60 15 3 100 125935 2.006052541
0 17 3 100 1610950 2.006077144
54 25 3 100 2442691 2.006155847
55 38 3 100 849646 2.006268054
48 21 3 100 63171 2.006326640
6 60 3 100 609783 2.006328881
26 46 3 100 48141 2.006428147
7 36 3 100 54813 2.006439840
22 36 3 100 9436308 2.006607508
2 55 3 100 262574 2.006623155
63 19 3 100 58399 2.006655113
17 27 3 100 1704211 2.006699414
14 59 3 100 3936659 2.006729260
16 39 3 100 1971246 2.006806312
62 17 3 100 64158 2.006806363
4 13 3 100 19386816 2.006809619
4 11 3 100 16249 2.006830124
25 35 3 100 3419649 2.006888316
42 6 3 100 13379135 2.006930043
54 8 3 100 1284254 2.006959842
56 54 3 100 8141477 2.007032210
7 39 3 100 73906 2.007172020
16 11 3 100 3331472 2.007209165
49 43 3 100 1975 2.007219753
19 2 3 100 8472 2.007295707
56 25 3 100 41532 2.007332250
63 14 3 100 79155 2.007340083
55 12 3 100 1185 2.007622986
34 7 3 100 147323 2.007758491
2 34 3 100 1775476 2.007805043
5 22 3 100 3510863 2.007824925
55 29 3 100 111269 2.007953933
52 24 3 100 4461882 2.008037355
58 27 3 100 459493 2.008068953
11 25 3 100 178177 2.008147618
41 40 3 100 3777694 2.008207941
60 61 3 100 14569 2.008412701
50 36 3 100 78966 2.008438311
13 45 3 100 277228 2.008489468
39 49 3 100 4382903 2.008577959
5 56 3 100 9247953 2.008640320
52 24 3 100 60333 2.008673584
3 26 3 100 16427556 2.008802885
49 11 3 100 4530811 2.008977868
1 54 3 100 64549 2.009035214
14 22 3 100 31435 2.009081609
44 58 3 100 35025 2.009159156
29 36 3 100 25368 2.009194212
54 56 3 100 2764710 2.009250472
36 55 3 100 6575824 2.009256470
26 44 3 100 7739 2.009298149
24 19 3 100 7349 2.009325680
42 5 3 100 618069 2.009336028
57 26 3 100 903486 2.009363257
3 53 3 100 4209480 2.009579161
30 40 3 100 5965 2.009590377
21 3 3 100 16013937 2.009770016
34 2 3 100 4966231 2.009908536
55 30 3 100 777191 2.009912739
52 41 3 100 29540 2.009918652
16 47 3 100 5738859 2.009929965
53 24 3 100 184453 2.009962490
24 59 3 100 976165 2.009994774
32 50 3 100 7307461 2.010127638
54 30 3 100 1724966 2.010181166
20 16 3 100 35365 2.010240699
23 4 3 100 38964 2.010293994
12 61 3 100 1368956 2.010460406
6 4 3 100 74078 2.010509365
53 12 3 100 73622 2.010542808
60 11 3 100 5958915 2.010544917
4 53 3 100 1303837 2.010572527
10 61 3 100 885388 2.010633171
24 38 3 100 3770 2.010759558
24 22 3 100 90 2.010813636
41 33 3 100 1700 2.010839309
17 8 3 100 23928 2.010854607
4 5 3 100 1838663 2.010885591
41 35 3 100 33980 2.010888618
36 8 3 100 4786139 2.010894190
4 18 3 100 73724 2.010903521
8 35 3 100 1608723 2.011005965
12 22 3 100 121531 2.011094488
37 6 3 100 8012235 2.011205623
39 22 3 100 59453 2.011229565
60 49 3 100 4239 2.011301593
10 53 3 100 3710 2.011320916
51 4 3 100 16007 2.011348189
3 18 3 100 32365 2.011381027
36 39 3 100 19616 2.011496363
21 35 3 100 5903 2.011693250
44 60 3 100 1268982 2.011711986
36 5 3 100 2025 2.011872410
12 1 3 100 7482 2.011909661
1 24 3 100 114254 2.012010204
44 7 3 100 1989652 2.012103694
39 0 3 100 4507061 2.012223049
23 11 3 100 5467 2.012237639
24 25 3 100 73436 2.012280966
6 48 3 100 3645818 2.012302455
51 13 3 100 1165965 2.012320521
16 54 3 100 110509 2.012324650
54 44 3 100 38476 2.012328479
43 0 3 100 441157 2.012333630
44 23 3 100 8668 2.012409320
42 48 3 100 1471875 2.012417301
19 39 3 100 39261 2.012424102
19 60 3 100 528892 2.012454595
5 35 3 100 57307 2.012511802
33 36 3 100 928 2.012545171
16 11 3 100 140360 2.012587545
54 60 3 100 154394 2.012658363
26 27 3 100 47751 2.012752230
48 16 3 100 117609 2.012758213
24 49 3 100 72649 2.012769523
54 40 3 100 4939615 2.012893439
26 9 3 100 913104 2.013130222
52 16 3 100 1279532 2.013261121
43 41 3 100 60436 2.013286175
44 46 3 100 71472 2.013358359
20 47 3 100 9698821 2.013434122
14 56 3 100 27820 2.013505455
46 43 3 100 14845 2.013696969
31 37 3 100 998421 2.013697036
50 8 3 100 1625032 2.013867320
7 61 3 100 755880 2.013873827
19 18 3 100 24189 2.013877141
55 51 3 100 7130 2.013921648
12 38 3 100 40438 2.013961144
12 50 3 100 973630 2.014131750
29 15 3 100 31283 2.014146009
16 35 3 100 29318 2.014161305
42 11 3 100 8375662 2.014192211
35 62 3 100 9868 2.014356114
5 44 3 100 2438090 2.014370360
30 5 3 100 1789150 2.014422470
35 5 3 100 29153952 2.014491751
13 52 3 100 72426 2.014591471
52 28 3 100 27151 2.014820313
17 19 3 100 1075403 2.015012907
25 53 3 100 470735 2.015057415
28 62 3 100 54335 2.015073498
54 41 3 100 189088 2.015113119
55 4 3 100 5347 2.015160891
39 25 3 100 9800963 2.015191731
6 57 3 100 31261 2.015234987
53 23 3 100 604677 2.015237890
27 47 3 100 3246819 2.015310223
37 47 3 100 64613 2.015316308
53 6 3 100 1735 2.015351202
52 14 3 100 29433 2.015360756
56 7 3 100 9056667 2.015391304
42 31 3 100 132067 2.015436669
22 40 3 100 203641 2.015460686
56 55 3 100 32823 2.015471970
54 0 3 100 29482 2.015620139
49 6 3 100 32523 2.015803791
30 6 3 100 7593 2.015852327
42 45 3 100 45397 2.015870360
23 44 3 100 50450 2.015980360
40 52 3 100 3299164 2.016074328
56 38 3 100 139381 2.016139856
6 46 3 100 991262 2.016279732
41 60 3 100 16530 2.016372354
37 23 3 100 28928674 2.016404312
47 40 3 100 76028 2.016408631
42 22 3 100 1218083 2.016523574
6 27 3 100 3204865 2.016537539
55 41 3 100 22851 2.016638542
54 43 3 100 54798 2.016645387
51 16 3 100 4703 2.016747066
27 10 3 100 2917437 2.016775653
20 49 3 100 1971814 2.016809578
22 36 3 100 28505 2.016825306
46 15 3 100 26562 2.016863587
34 28 3 100 62775 2.017078187
9 24 3 100 1365 2.017082291
3 57 3 100 954 2.017096505
46 5 3 100 14622 2.017155727
39 7 3 100 77794 2.017175729
37 53 3 100 3798729 2.017261860
22 37 3 100 2653464 2.017414419
63 54 3 100 163345 2.017444416
44 54 3 100 43142 2.017637386
9 8 3 100 42602 2.017649529
51 13 3 100 79506 2.017678538
59 63 3 100 9394927 2.017799818
14 24 3 100 49766 2.017817586
37 49 3 100 9948518 2.017819866
35 10 3 100 421716 2.017911235
23 21 3 100 1461724 2.017913288
32 9 3 100 26784 2.017947365
1 46 3 100 46808 2.017983028
9 20 3 100 3527496 2.018009176
21 23 3 100 5450 2.018113518
16 18 3 100 21314 2.018174878
51 39 3 100 1187 2.018364144
50 38 3 100 22452 2.018403926
28 52 3 100 148007 2.018427094
13 22 3 100 8771 2.018526401
46 28 3 100 81810 2.018577355
44 49 3 100 969080 2.018649521
40 7 3 100 4263 2.018828667
36 29 3 100 791 2.018887270
14 12 3 100 38012 2.018924256
57 30 3 100 39638 2.019070601
12 45 3 100 79019 2.019100431
2 59 3 100 1938701 2.019164885
47 13 3 100 1401197 2.019176642
9 2 3 100 445607 2.019215699
57 39 3 100 21561 2.019225926
33 34 3 100 691 2.019227771
26 35 3 100 116616 2.019256769
35 39 3 100 4633530 2.019372807
35 38 3 100 629125 2.019487779
41 43 3 100 48502 2.019499085
12 35 3 100 155549 2.019536769
63 52 3 100 16327 2.019626673
46 25 3 100 2362 2.019688527
18 4 3 100 1543342 2.019926342
20 61 3 100 42132 2.019961271
8 47 3 100 139553 2.020006290
47 49 3 100 360365 2.020031351
41 24 3 100 37514 2.020066727
61 7 3 100 1760856 2.020128205
35 18 3 100 35203 2.020173551
12 8 3 100 493572 2.020232550
61 46 3 100 972317 2.020323294
56 39 3 100 47212 2.020412087
14 33 3 100 432 2.020560070
47 2 3 100 409094 2.020666559
22 34 3 100 1852391 2.020737667
48 28 3 100 2860821 2.020969575
12 22 3 100 4565537 2.021193309
6 37 3 100 1418125 2.021322216
6 18 3 100 41655 2.021365738
14 24 3 100 557056 2.021509763
55 54 3 100 8733 2.021531481
41 5 3 100 11030 2.021536538
8 44 3 100 1644986 2.021544930
38 58 3 100 53930 2.021616729
28 59 3 100 90415 2.021695354
15 19 3 100 15657 2.021731934
49 0 3 100 1857371 2.021783447
20 38 3 100 5767187 2.021795556
43 23 3 100 57454 2.021995336
40 37 3 100 1122579 2.021997448
11 3 3 100 8387716 2.022010620
28 48 3 100 63287 2.022027814
37 26 3 100 62513 2.022091471
10 61 3 100 1368722 2.022261007
25 5 3 100 4077 2.022266601
58 5 3 100 8813 2.022272954
8 45 3 100 5840 2.022382859
54 41 3 100 1643691 2.022447373
60 1 3 100 24798 2.022483193
28 4 3 100 34607 2.022529611
13 8 3 100 56821 2.022539891
21 52 3 100 21400 2.022646538
14 20 3 100 14497662 2.022848755
42 27 3 100 58732 2.022984486
35 10 3 100 65597 2.023030515
32 59 3 100 28602 2.023083314
40 38 3 100 19282 2.023104758
3 25 3 100 29904 2.023108389
10 3 3 100 7851 2.023109131
57 2 3 100 36027 2.023232072
19 57 3 100 4262983 2.023260084
8 21 3 100 1495583 2.023421191
10 62 3 100 28582 2.023460450
31 46 3 100 191777 2.023465130
53 9 3 100 3290980 2.023810426
26 54 3 100 1830664 2.023916041
21 26 3 100 48335 2.023944260
10 3 3 100 42606 2.024010827
3 13 3 100 22811 2.024040997
10 32 3 100 68071 2.024098569
56 41 3 100 58139 2.024117993
22 58 3 100 27256 2.024202025
50 56 3 100 749450 2.024272001
50 19 3 100 1224359 2.024284717
50 61 3 100 76868 2.024312634
30 57 3 100 3258494 2.024341753
41 2 3 100 13790 2.024343661
20 13 3 100 2888832 2.024343952
52 61 3 100 886176 2.024688083
12 44 3 100 160284 2.024747997
24 44 3 100 1243 2.024852087
28 4 3 100 17208 2.024867627
31 37 3 100 535633 2.024900932
63 55 3 100 55528 2.024925031
21 20 3 100 28505 2.024925345
27 29 3 100 41866 2.025042351
52 20 3 100 52905 2.025177102
13 3 3 100 843159 2.025213023
54 45 3 100 9295 2.025222487
57 10 3 100 5706 2.025332366
33 52 3 100 1400671 2.025661443
37 48 3 100 61048 2.025679418
1 58 3 100 1573402 2.025702031
21 6 3 100 1103997 2.025848191
43 62 3 100 1619301 2.025893293
37 5 3 100 165250 2.025909772
29 13 3 100 9662 2.026020870
26 18 3 100 919444 2.026163046
6 38 3 100 1943898 2.026180243
46 39 3 100 247041 2.026208593
58 38 3 100 33894 2.026223159
50 46 3 100 23102 2.026266922
30 47 3 100 142 2.026416656
5 42 3 100 9094 2.026489161
61 60 3 100 28564737 2.026604309
11 18 3 100 765323 2.026712324
11 48 3 100 3651087 2.026743165
15 14 3 100 206740 2.026826244
62 2 3 100 21583 2.026843366
62 36 3 100 21188 2.026955135
55 34 3 100 133404 2.027136350
39 62 3 100 68349 2.027148981
9 42 3 100 87301 2.027399437
38 39 3 100 13668 2.027450933
28 34 3 100 1931187 2.027461284
5 58 3 100 4674581 2.027515339
45 4 3 100 1053 2.027547545
8 31 3 100 193631 2.027650967
8 44 3 100 1809 2.027660428
24 13 3 100 7801 2.027688098
10 57 3 100 21729 2.027734688
34 59 3 100 66921 2.027911240
24 26 3 100 18131 2.027953655
54 8 3 100 177825 2.027963374
25 60 3 100 13881713 2.027968917
2 50 3 100 51959 2.028018720
37 2 3 100 1839630 2.028195670
24 37 3 100 13213 2.028243390
18 10 3 100 15439 2.028274476
62 57 3 100 63982 2.028278341
42 54 3 100 37932 2.028323512
63 46 3 100 412615 2.028415768
25 63 3 100 52478 2.028537869
31 41 3 100 1906 2.028554329
53 38 3 100 7038104 2.028604591
30 43 3 100 577056 2.028606674
38 45 3 100 473142 2.028642217
32 26 3 100 9937720 2.028696458
4 19 3 100 1369092 2.028722626
8 56 3 100 898679 2.028773011
0 16 3 100 40502 2.028789869
40 33 3 100 24602 2.028834030
3 52 3 100 4985666 2.028886869
61 31 3 100 1946599 2.028890050
16 8 3 100 14161 2.028903781
49 43 3 100 75959 2.029059758
40 6 3 100 1889445 2.029085089
49 15 3 100 37066 2.029112630
61 50 3 100 13603 2.029342697
13 25 3 100 7802805 2.029661767
43 2 3 100 4223228 2.029710206
51 56 3 100 1254696 2.029732719
57 11 3 100 70351 2.029771065
46 44 3 100 1015783 2.029981083
35 3 3 100 93262 2.030009962
16 43 3 100 16992 2.030025921
49 15 3 100 2397511 2.030039623
60 35 3 100 846989 2.030188828
14 32 3 100 674170 2.030274039
19 47 3 100 16789 2.030314583
22 33 3 100 74639 2.030340989
9 55 3 100 201259 2.030371646
42 1 3 100 713554 2.030422944
16 54 3 100 1775417 2.030636401
63 22 3 100 2586 2.030720098
54 48 3 100 19668 2.030906910
54 35 3 100 223407 2.031053947
31 37 3 100 21663 2.031180726
43 41 3 100 77580 2.031216293
2 33 3 100 653681 2.031233278
0 40 3 100 181985 2.031337765
23 17 3 100 7522 2.031460571
37 53 3 100 44860 2.031608013
36 62 3 100 4103972 2.031646563
7 37 3 100 638559 2.031680404
55 39 3 100 181388 2.031681344
6 32 3 100 44217 2.031704923
46 9 3 100 35050 2.031748490
62 55 3 100 3409 2.031783907
53 45 3 100 30233 2.031790054
27 8 3 100 1624388 2.031820599
0 36 3 100 616873 2.031908102
33 27 3 100 372352 2.032048379
31 38 3 100 943401 2.032097919
4 39 3 100 6091526 2.032109235
37 6 3 100 1417468 2.032156246
43 1 3 100 553322 2.032231977
30 1 3 100 72501 2.032233655
7 3 3 100 33455 2.032346333
47 45 3 100 5026 2.032591754
31 24 3 100 2836 2.032599027
16 58 3 100 5826736 2.032683184
36 31 3 100 195505 2.032840855
48 35 3 100 1054093 2.032865133
31 60 3 100 5948 2.032872495
3 30 3 100 24503 2.032926148
28 29 3 100 118509 2.033062482
36 22 3 100 15835 2.033082760
12 43 3 100 41504 2.033097836
16 35 3 100 7913503 2.033211403
0 21 3 100 1737026 2.033277850
14 51 3 100 24381 2.033295949
26 30 3 100 12127 2.033362223
36 63 3 100 1615990 2.033406944
36 58 3 100 314198 2.033500076
27 59 3 100 39379 2.033578193
21 29 3 100 1262284 2.033775127
54 45 3 100 193785 2.033878991
11 22 3 100 837137 2.033935385
53 25 3 100 1155137 2.033984333
61 47 3 100 44472 2.034043911
22 38 3 100 7790624 2.034162001
38 29 3 100 311830 2.034170595
15 18 3 100 632711 2.034213585
22 52 3 100 4841 2.034227053
41 22 3 100 5139 2.034243434
32 28 3 100 1738 2.034244416
45 61 3 100 73985 2.034258664
18 55 3 100 1010555 2.034284134
8 1 3 100 101238 2.034318455
7 4 3 100 557052 2.034571075
59 12 3 100 26544 2.034714741
8 60 3 100 24068 2.034762843
52 49 3 100 5294299 2.034766025
17 18 3 100 4191979 2.034813150
12 25 3 100 18389618 2.034826196
39 40 3 100 3174211 2.034900991
16 26 3 100 21003 2.034924179
41 26 3 100 2811802 2.034949730
48 37 3 100 157149 2.035059961
40 58 3 100 72671 2.035096625
37 24 3 100 15147351 2.035108653
25 7 3 100 34658 2.035135842
7 32 3 100 240534 2.035170306
32 53 3 100 77341 2.035282611
36 56 3 100 4988 2.035288705
51 0 3 100 70239 2.035365730
51 56 3 100 3723 2.035386957
50 45 3 100 7619099 2.035440281
30 7 3 100 50567 2.035524339
29 16 3 100 8921364 2.035629267
55 32 3 100 17006983 2.035715392
63 39 3 100 4513892 2.035899516
58 35 3 100 96218 2.035914042
4 44 3 100 37506 2.035930941
5 50 3 100 44261 2.036051745
61 6 3 100 7968520 2.036063934
49 31 3 100 8706788 2.036101859
31 30 3 100 8199 2.036145800
15 25 3 100 57450 2.036178537
4 32 3 100 48074 2.036180881
15 2 3 100 52389 2.036351494
48 43 3 100 2377729 2.036408105
16 52 3 100 74603 2.036573765
19 10 3 100 8944155 2.036592749
53 36 3 100 3241700 2.036601547
15 44 3 100 10972 2.036629530
44 46 3 100 978754 2.036682995
56 53 3 100 8845393 2.036687138
7 18 3 100 21266 2.036714502
25 47 3 100 54053 2.036768356
22 9 3 100 23361 2.036803502
19 49 3 100 1954621 2.036882454
54 6 3 100 4384872 2.037093767
19 39 3 100 448383 2.037182589
61 49 3 100 3558327 2.037243499
2 7 3 100 3841 2.037301135
33 49 3 100 4307980 2.037371892
47 7 3 100 4669 2.037397578
57 8 3 100 12180878 2.037430196
0 34 3 100 330926 2.037693590
59 45 3 100 9595480 2.037701878
2 13 3 100 125953 2.037819738
18 38 3 100 18570879 2.037824106
30 2 3 100 62307 2.037906866
36 44 3 100 2530 2.038033191
25 29 3 100 227812 2.038068254
41 6 3 100 4982996 2.038088990
52 63 3 100 4666560 2.038099603
34 14 3 100 198518 2.038150191
4 28 3 100 7133 2.038172973
37 46 3 100 939487 2.038276311
41 55 3 100 1535447 2.038281968
33 23 3 100 2802819 2.038296243
14 44 3 100 9245 2.038314944
46 8 3 100 308684 2.038398280
0 14 3 100 598665 2.038577698
63 54 3 100 47257 2.038678198
6 43 3 100 42160 2.038801836
11 36 3 100 4842376 2.038900723
0 58 3 100 11482 2.038927299
55 31 3 100 2469 2.039040215
9 44 3 100 359476 2.039374315
36 27 3 100 72134 2.039454556
27 28 3 100 38104 2.039463427
55 34 3 100 4811205 2.039486772
23 20 3 100 1167359 2.039626418
31 47 3 100 78334 2.039648446
12 1 3 100 8558 2.039653221
38 41 3 100 8813 2.039668028
45 6 3 100 3407 2.039689211
19 46 3 100 7699 2.039806355
12 43 3 100 769394 2.040083293
16 59 3 100 42162 2.040121624
42 5 3 100 3440525 2.040150343
47 52 3 100 16838 2.040161874
48 36 3 100 28642 2.040220824
13 47 3 100 6141406 2.040367253
12 50 3 100 1233604 2.040376825
19 28 3 100 355220 2.040377691
41 2 3 100 264057 2.040435922
63 58 3 100 1529851 2.040503325
45 24 3 100 3936135 2.040556590
21 33 3 100 29301 2.040605774
2 14 3 100 1710142 2.040620190
35 49 3 100 9498087 2.040648622
51 37 3 100 6317 2.040665216
8 19 3 100 3374488 2.040674275
11 58 3 100 13109 2.040788197
12 48 3 100 6962 2.040832012
17 43 3 100 2716399 2.040857142
46 16 3 100 14417 2.040870597
11 14 3 100 28183 2.040892355
20 42 3 100 68423 2.040920784
54 35 3 100 22413 2.040960120
4 38 3 100 8478 2.041082568
24 58 3 100 56359 2.041110801
54 23 3 100 1315380 2.041169429
52 41 3 100 505 2.041179502
14 58 3 100 18422 2.041208414
55 39 3 100 82823 2.041318729
10 34 3 100 59016 2.041483600
6 10 3 100 26703 2.041539825
39 52 3 100 39552 2.041559616
13 48 3 100 16300 2.041599097
14 40 3 100 1608714 2.041644185
22 26 3 100 380311 2.041943554
1 31 3 100 1500185 2.042025195
20 56 3 100 4742 2.042137431
30 46 3 100 912806 2.042164422
38 56 3 100 3114657 2.042200343
36 12 3 100 174576 2.042244362
2 3 3 100 243813 2.042247801
19 62 3 100 1763 2.042287370
51 21 3 100 52626 2.042329850
4 5 3 100 34437 2.042424725
61 20 3 100 27586 2.042610085
13 9 3 100 1376887 2.042690457
31 23 3 100 5385 2.042716016
20 30 3 100 47346 2.042787958
22 19 3 100 163741 2.042824664
54 16 3 100 24517 2.043169363
4 45 3 100 183339 2.043218397
54 18 3 100 77392 2.043267498
4 30 3 100 5498 2.043270256
48 46 3 100 8057 2.043287742
30 14 3 100 31608 2.043455097
57 10 3 100 79687 2.043532490
29 38 3 100 1186146 2.043686191
29 52 3 100 57352 2.043701225
2 8 3 100 60883 2.043778305
19 62 3 100 60678 2.043861352
22 62 3 100 49451 2.043874580
0 36 3 100 2934 2.043892861
23 2 3 100 7421993 2.043925477
25 9 3 100 10073 2.043960846
30 5 3 100 22533 2.044019958
2 19 3 100 57031 2.044037649
25 31 3 100 38889 2.044106705
13 47 3 100 4630 2.044263044
52 36 3 100 33608 2.044291120
56 39 3 100 170697 2.044313809
4 62 3 100 1599831 2.044392195
11 49 3 100 954553 2.044576321
21 41 3 100 67865 2.044576401
19 0 3 100 70891 2.044668904
33 14 3 100 481681 2.044754350
62 41 3 100 1619373 2.044818206
59 45 3 100 621214 2.045032614
45 47 3 100 13680 2.045104311
27 49 3 100 75178 2.045126299
7 50 3 100 2250229 2.045162159
37 39 3 100 6700 2.045191405
40 3 3 100 7667315 2.045320952
42 54 3 100 58459 2.045588151
22 62 3 100 14641 2.045679012
55 23 3 100 8454 2.046105467
47 5 3 100 1426412 2.046181769
40 12 3 100 4261458 2.046210529
38 54 3 100 2767904 2.046239080
15 62 3 100 39748 2.046291093
62 60 3 100 35269 2.046306660
14 20 3 100 27320 2.046414687
12 54 3 100 23812 2.046417901
3 41 3 100 31936 2.046457418
5 58 3 100 3951062 2.046565697
29 2 3 100 20769 2.046574921
7 34 3 100 915158 2.046607846
33 16 3 100 12617 2.046612447
38 36 3 100 2471859 2.046646057
35 5 3 100 6707179 2.046649501
15 25 3 100 2165784 2.046830731
22 9 3 100 24959 2.047011748
34 22 3 100 1543328 2.047082944
19 30 3 100 48021 2.047296623
56 44 3 100 1040443 2.047304111
57 20 3 100 1046211 2.047462132
5 57 3 100 43515 2.047477829
52 37 3 100 7839 2.047684851
11 49 3 100 39726 2.047700300
26 2 3 100 49341 2.047771056
31 6 3 100 70291 2.048044807
40 34 3 100 161337 2.048117588
35 46 3 100 1594572 2.048271665
31 15 3 100 29592 2.048283659
13 11 3 100 70253 2.048424929
10 40 3 100 943914 2.048438701
34 7 3 100 1705942 2.048481897
51 26 3 100 22781 2.048650115
46 1 3 100 8212 2.048697859
28 62 3 100 75056 2.048751195
34 48 3 100 1192 2.048890262
51 30 3 100 11098 2.048914754
42 15 3 100 859356 2.048934632
51 27 3 100 78734 2.048950457
59 40 3 100 22978 2.048997789
27 47 3 100 101629 2.049052803
37 32 3 100 14535392 2.049068517
41 19 3 100 19635352 2.049214829
20 50 3 100 4017819 2.049231467
53 16 3 100 33867 2.049401746
41 33 3 100 621719 2.049450900
60 15 3 100 4646 2.049536630
45 17 3 100 20163 2.049574568
19 35 3 100 3766388 2.049596569
10 16 3 100 2849079 2.049599127
27 48 3 100 4235721 2.049898339
10 51 3 100 1305 2.050017157
13 44 3 100 5941 2.050025023
33 16 3 100 7864 2.050091316
13 22 3 100 807546 2.050178407
22 45 3 100 9870831 2.050243911
62 41 3 100 43075 2.050476544
19 3 3 100 47965 2.050495547
37 10 3 100 132599 2.050564060
53 36 3 100 65597 2.050608858
59 54 3 100 11990 2.050626093
61 15 3 100 4446 2.050757097
30 61 3 100 22169 2.050821428
14 37 3 100 7302 2.050830291
51 21 3 100 367834 2.050911021
56 60 3 100 9255 2.050949243
16 41 3 100 2691303 2.051042135
15 6 3 100 7818 2.051080252
50 58 3 100 9015658 2.051094996
38 32 3 100 9761026 2.051132755
56 17 3 100 23274 2.051133111
51 24 3 100 1726534 2.051146637
23 61 3 100 3399014 2.051153369
11 6 3 100 22555 2.051301527
11 40 3 100 4873681 2.051373942
29 54 3 100 127539 2.051604502
40 54 3 100 1872631 2.051636939
25 63 3 100 23757 2.051683401
27 6 3 100 7176894 2.051697095
50 7 3 100 6286 2.051719782
20 40 3 100 22645 2.051786534
7 44 3 100 1781035 2.051796340
11 19 3 100 1978042 2.051909466
31 28 3 100 8717829 2.052021614
32 24 3 100 3562331 2.052073552
57 61 3 100 83263 2.052093795
5 51 3 100 1253937 2.052147839
46 1 3 100 212929 2.052317256
33 60 3 100 89451 2.052472236
32 56 3 100 47211 2.052474601
3 28 3 100 2276979 2.052621145
26 40 3 100 15363 2.052656110
55 62 3 100 775767 2.052657224
50 63 3 100 1908028 2.052765399
44 18 3 100 175611 2.052780371
46 38 3 100 4938 2.052826532
57 52 3 100 881635 2.052895858
16 35 3 100 190277 2.052905442
56 42 3 100 925196 2.053046086
11 42 3 100 9655793 2.053070749
28 7 3 100 28727 2.053115888
21 52 3 100 23950515 2.053160513
31 56 3 100 1172377 2.053162053
48 50 3 100 1313916 2.053184587
48 53 3 100 620219 2.053193756
4 46 3 100 649354 2.053194545
7 5 3 100 8094045 2.053316192
7 13 3 100 37055 2.053343181
50 16 3 100 310823 2.053452165
25 6 3 100 16995 2.053533051
10 5 3 100 526699 2.053646612
43 8 3 100 1952085 2.053652811
18 14 3 100 83884 2.053690952
27 42 3 100 4842650 2.054090739
24 21 3 100 47507 2.054093704
52 4 3 100 31324 2.054149818
10 16 3 100 79735 2.054352271
39 50 3 100 721409 2.054391092
33 28 3 100 769907 2.054527857
37 12 3 100 23612445 2.054563557
1 43 3 100 50996 2.054622263
46 50 3 100 49385 2.054631407
15 50 3 100 961126 2.054710789
37 0 3 100 929533 2.054712383
40 16 3 100 6578 2.054747858
1 43 3 100 29400 2.054809791
4 19 3 100 8804 2.054997743
57 52 3 100 20797 2.055096245
0 25 3 100 2607 2.055144046
53 22 3 100 49764 2.055155497
35 24 3 100 38730 2.055207538
36 12 3 100 189214 2.055312779
46 25 3 100 9516247 2.055322163
36 11 3 100 14678 2.055328275
1 54 3 100 8434065 2.055363625
1 17 3 100 287 2.055464175
29 35 3 100 49984 2.055508459
29 32 3 100 23948 2.055540264
0 2 3 100 4937014 2.055560716
49 38 3 100 5830286 2.055696648
42 12 3 100 3368 2.055729640
25 24 3 100 67845 2.055889509
39 45 3 100 63959 2.055961625
51 34 3 100 22156 2.056042433
31 63 3 100 75934 2.056083723
35 60 3 100 4171235 2.056129438
43 22 3 100 1859005 2.056142440
7 16 3 100 26997 2.056162428
62 45 3 100 24086 2.056170135
25 17 3 100 6614 2.056223161
40 45 3 100 1362085 2.056383872
42 45 3 100 34823 2.056403764
5 34 3 100 29551 2.056494234
13 0 3 100 37322 2.056563641
52 61 3 100 1970876 2.056575164
15 9 3 100 148045 2.056799956
44 17 3 100 6283 2.056830011
2 11 3 100 1396014 2.056912300
2 43 3 100 1601743 2.057026140
32 5 3 100 25626 2.057041295
19 44 3 100 2338 2.057059666
28 19 3 100 2264 2.057171190
54 26 3 100 27044 2.057278946
11 15 3 100 43000 2.057427046
11 19 3 100 8471971 2.057513009
0 10 3 100 184303 2.057584017
52 55 3 100 589605 2.057590804
50 30 3 100 90679 2.057709858
10 61 3 100 29707692 2.057728592
3 34 3 100 8254538 2.057759835
2 30 3 100 3926 2.057784436
4 38 3 100 48770 2.057885494
33 63 3 100 16304 2.057953336
47 34 3 100 78989 2.057953471
59 24 3 100 29269 2.057979040
21 56 3 100 11742 2.057986500
46 58 3 100 75761 2.058465483
61 53 3 100 50862 2.058612225
10 0 3 100 52646 2.058701230
17 3 3 100 6349 2.058737145
58 30 3 100 3793293 2.058918335
54 24 3 100 1235165 2.058920052
15 36 3 100 37096 2.059197698
24 56 3 100 60283 2.059225648
20 10 3 100 1425091 2.059238654
9 28 3 100 1811744 2.059325056
51 22 3 100 6357 2.059454765
59 2 3 100 24733 2.059505102
15 52 3 100 3163497 2.059585899
60 25 3 100 1339112 2.059620186
5 58 3 100 49990 2.059850078
12 49 3 100 18810446 2.059917819
53 5 3 100 75543 2.059979589
20 31 3 100 43225 2.060061988
56 20 3 100 2343394 2.060067557
50 10 3 100 716809 2.060212001
42 7 3 100 2937149 2.060291604
11 31 3 100 28684850 2.060297135
22 10 3 100 4393 2.060354171
33 40 3 100 2858739 2.060458113
59 60 3 100 48340 2.060508320
44 27 3 100 243083 2.060565596
28 21 3 100 3299 2.060693850
37 58 3 100 119367 2.060780600
32 36 3 100 2951212 2.060823406
59 4 3 100 801617 2.060840797
25 50 3 100 56123 2.060923329
21 55 3 100 474722 2.060926204
8 56 3 100 6804546 2.060966791
25 35 3 100 33893 2.060978578
6 34 3 100 20105 2.060981961
59 16 3 100 24886 2.061253832
26 52 3 100 41298 2.061307052
18 32 3 100 583559 2.061327883
32 29 3 100 7038563 2.061383172
38 36 3 100 13642 2.061456707
24 46 3 100 7570 2.061492138
57 8 3 100 196999 2.061571808
27 6 3 100 1752521 2.061685630
31 55 3 100 6487 2.061776558
31 23 3 100 872392 2.061829301
55 6 3 100 110767 2.061857810
32 20 3 100 24171 2.061887450
49 59 3 100 67045 2.061888700
37 32 3 100 1265803 2.061965880
56 45 3 100 3134484 2.061968202
55 23 3 100 63332 2.061988628
25 27 3 100 1290106 2.062058349
52 36 3 100 113 2.062174914
30 19 3 100 6158998 2.062211342
62 32 3 100 1502838 2.062224012
12 29 3 100 7580503 2.062319770
43 21 3 100 7196947 2.062330865
14 0 3 100 41289 2.062373011
13 0 3 100 6046 2.062509111
0 29 3 100 42918 2.062537886
6 9 3 100 67258 2.062725557
14 36 3 100 3294 2.062746616
21 28 3 100 32380 2.062767773
37 30 3 100 41778 2.062794867
5 14 3 100 17862 2.062830412
51 5 3 100 59915 2.062850843
24 8 3 100 3396 2.062890889
10 27 3 100 295972 2.062892206
27 17 3 100 28419 2.062896970
6 34 3 100 723219 2.063030248
3 21 3 100 59884 2.063050274
21 38 3 100 1491989 2.063122098
16 38 3 100 13951 2.063141621
63 61 3 100 8620757 2.063194464
6 9 3 100 55450 2.063567225
29 45 3 100 9805 2.063657091
31 2 3 100 12202 2.063751314
14 31 3 100 67411 2.064166117
13 6 3 100 3337338 2.064181877
39 35 3 100 114517 2.064184837
34 22 3 100 59351 2.064193902
27 10 3 100 3442181 2.064239349
51 3 3 100 54276 2.064395308
20 28 3 100 1083367 2.064464795
55 47 3 100 44878 2.064475541
38 40 3 100 24997 2.064519340
58 16 3 100 1019159 2.064528689
40 51 3 100 43040 2.064530189
1 26 3 100 8792018 2.064659423
18 26 3 100 575051 2.064726763
58 24 3 100 32904 2.064845227
8 50 3 100 6458161 2.064890181
57 43 3 100 1431298 2.064909969
59 26 3 100 24748 2.064958355
0 62 3 100 24474 2.065025995
24 35 3 100 2984 2.065039902
51 17 3 100 6520402 2.065124987
60 15 3 100 34523 2.065178284
47 53 3 100 7815 2.065251995
20 61 3 100 59146 2.065268124
48 57 3 100 60830 2.065315947
15 45 3 100 75853 2.065381991
38 2 3 100 22329 2.065465290
58 7 3 100 2030221 2.065556898
29 40 3 100 1602035 2.066405262
39 50 3 100 408002 2.066578494
61 56 3 100 5126 2.066674013
42 38 3 100 26134 2.066710250
1 53 3 100 3154 2.066799814
6 54 3 100 11115 2.066999434
4 21 3 100 20152 2.067196939
60 8 3 100 6084 2.067261999
23 55 3 100 714546 2.067332725
51 60 3 100 54114 2.067343436
63 37 3 100 9321215 2.067362795
41 12 3 100 7604 2.067527788
36 27 3 100 72530 2.067583184
50 40 3 100 9968 2.067634255
27 55 3 100 172801 2.067732750
50 43 3 100 64939 2.067818630
47 35 3 100 190677 2.067828747
12 26 3 100 3502108 2.067890476
9 32 3 100 777284 2.067995479
22 27 3 100 27208 2.068072336
46 33 3 100 6127014 2.068087913
49 21 3 100 24234 2.068287730
55 62 3 100 12889 2.068313768
17 26 3 100 2257 2.068425937
2 60 3 100 72586 2.068573530
50 12 3 100 756201 2.068668240
5 53 3 100 2200827 2.068694589
28 60 3 100 4026011 2.068733765
42 27 3 100 55745 2.068832509
29 52 3 100 39485 2.068914876
17 47 3 100 69967 2.068942286
62 41 3 100 784087 2.068954509
23 7 3 100 19718915 2.069092634
58 10 3 100 1520683 2.069252956
6 22 3 100 179064 2.069309792
47 45 3 100 9285 2.069367638
50 62 3 100 9312 2.069500717
49 60 3 100 44994 2.069595202
53 36 3 100 52768 2.069602874
7 35 3 100 57745 2.069630873
7 40 3 100 6010856 2.069930965
33 37 3 100 9049 2.069937443
19 58 3 100 37429 2.070091211
6 55 3 100 72348 2.070173987
51 41 3 100 6498 2.070333742
21 44 3 100 1507897 2.070383019
16 43 3 100 24715 2.070402634
9 14 3 100 3378686 2.070499274
50 55 3 100 75687 2.070573347
41 22 3 100 37860 2.070606198
60 42 3 100 28104 2.070842114
16 60 3 100 9644356 2.070846136
59 41 3 100 25337 2.071132192
53 8 3 100 153528 2.071165728
39 25 3 100 21581114 2.071212719
60 53 3 100 767393 2.071248369
7 52 3 100 79328 2.071258684
40 24 3 100 30332 2.071277308
62 45 3 100 57524 2.071359116
36 33 3 100 20844246 2.071421212
30 33 3 100 1925 2.071531410
34 45 3 100 16389 2.071576211
55 1 3 100 4866777 2.071652680
5 22 3 100 75111 2.071682182
58 23 3 100 949496 2.071859970
37 21 3 100 76785 2.071979523
13 50 3 100 5824407 2.072074128
51 13 3 100 3913113 2.072192194
49 46 3 100 1158117 2.072228909
61 37 3 100 74068 2.072269935
10 52 3 100 2583422 2.072346677
31 47 3 100 12061 2.072386121
28 13 3 100 188975 2.072501440
54 3 3 100 45298 2.072524154
61 46 3 100 4213833 2.072535392
24 51 3 100 1147489 2.072546277
10 60 3 100 1097211 2.072571051
40 12 3 100 22578 2.072578379
26 31 3 100 8814844 2.072657845
30 24 3 100 8848735 2.072691277
51 36 3 100 4622195 2.072739286
14 56 3 100 26616 2.072759131
50 2 3 100 4576987 2.072908764
22 44 3 100 43303 2.072921856
54 25 3 100 89355 2.072969535
42 60 3 100 120586 2.072994012
51 11 3 100 7939 2.073032994
7 15 3 100 126463 2.073113502
45 26 3 100 1296020 2.073138544
0 51 3 100 6835 2.073154229
31 55 3 100 9598 2.073190656
37 20 3 100 5390 2.073250576
15 20 3 100 29622222 2.073352307
25 10 3 100 28637269 2.073451873
2 27 3 100 2823 2.073460176
13 35 3 100 1224728 2.073539896
11 57 3 100 47866 2.073592294
47 17 3 100 45445 2.073606388
63 4 3 100 24044 2.073619826
23 58 3 100 77386 2.073722469
21 60 3 100 1615 2.073786415
20 19 3 100 1405279 2.073817728
63 14 3 100 38349 2.073859593
14 41 3 100 9904 2.073864990
9 41 3 100 17993 2.073923326
25 29 3 100 27396 2.073958230
37 16 3 100 4216 2.073988171
25 10 3 100 4475 2.074214262
45 28 3 100 75495 2.074233637
18 35 3 100 2433276 2.074316069
19 58 3 100 35282 2.074440189
42 26 3 100 29266 2.074559006
0 32 3 100 76540 2.074739162
5 19 3 100 8374 2.075013050
43 0 3 100 5787224 2.075178957
10 8 3 100 7622607 2.075260778
59 37 3 100 48654 2.075315104
15 40 3 100 3696077 2.075316314
0 60 3 100 2061 2.075499178
4 39 3 100 40393 2.075500348
51 17 3 100 602534 2.075528137
37 61 3 100 48051 2.075591946
43 56 3 100 24362 2.075603944
15 4 3 100 5528 2.075680222
62 24 3 100 29950 2.075681009
1 36 3 100 757292 2.075846341
3 8 3 100 40667 2.076016891
21 44 3 100 5873926 2.076044042
33 59 3 100 3331050 2.076070585
9 38 3 100 941823 2.076241493
8 11 3 100 1890 2.076284534
17 32 3 100 744223 2.076351352
10 35 3 100 16954940 2.076404403
41 39 3 100 1340747 2.076448057
12 42 3 100 17336 2.076456097
24 47 3 100 1471498 2.076509605
25 47 3 100 978763 2.076587385
15 28 3 100 1496915 2.076610725
17 4 3 100 82852 2.076668310
36 23 3 100 8534 2.076695961
45 49 3 100 29732 2.076732585
1 34 3 100 95624 2.076874054
58 47 3 100 51612 2.076883965
0 20 3 100 40651 2.076916178
25 32 3 100 2379 2.077000531
40 6 3 100 1985229 2.077004940
43 9 3 100 2126056 2.077015746
31 33 3 100 27245783 2.077075434
39 11 3 100 13675 2.077098377
16 32 3 100 28660 2.077181682
62 13 3 100 5667 2.077204309
7 10 3 100 67493 2.077224454
14 12 3 100 3884 2.077492130
28 43 3 100 60448 2.077521840
46 57 3 100 43300 2.077574948
19 56 3 100 1467495 2.077578902
29 41 3 100 2147 2.077827812
20 12 3 100 60617 2.077844933
20 5 3 100 208909 2.077949476
17 56 3 100 49299 2.077981799
2 35 3 100 871800 2.077988587
30 40 3 100 455762 2.078030939
46 61 3 100 939149 2.078047246
0 6 3 100 1332852 2.078097952
56 21 3 100 24099 2.078167850
42 50 3 100 74804 2.078177366
54 63 3 100 1367613 2.078272418
58 31 3 100 15044 2.078356247
34 0 3 100 23116 2.078380620
0 6 3 100 6186892 2.078391886
43 30 3 100 6000 2.078434639
33 4 3 100 1830992 2.078543349
25 40 3 100 20636 2.078643437
11 20 3 100 27859 2.078714737
35 47 3 100 1859631 2.078758829
55 10 3 100 5713192 2.078978200
36 38 3 100 30195 2.078991252
29 51 3 100 6400 2.079113764
28 35 3 100 160849 2.079149126
42 4 3 100 4484 2.079200110
15 58 3 100 13260 2.079337830
60 6 3 100 64172 2.079461275
29 23 3 100 1533 2.079627664
3 49 3 100 961437 2.079657884
44 3 3 100 79580 2.079707393
55 36 3 100 1098822 2.079713523
14 16 3 100 7966612 2.079838992
2 35 3 100 28609 2.079899290
41 32 3 100 41140 2.079921349
19 39 3 100 25428627 2.080005251
4 20 3 100 87296 2.080159649
5 15 3 100 9866 2.080412523
54 53 3 100 664466 2.080636709
31 27 3 100 567100 2.080761146
51 9 3 100 16553 2.080858559
39 46 3 100 2738 2.081000785
16 1 3 100 4051049 2.081013450
27 21 3 100 26070 2.081025755
56 22 3 100 111907 2.081026315
58 46 3 100 37807 2.081050231
31 3 3 100 12743 2.081156419
62 46 3 100 4817 2.081183530
3 2 3 100 6920 2.081224748
49 20 3 100 24820 2.081245900
9 8 3 100 196335 2.081287296
3 14 3 100 65515 2.081368717
16 19 3 100 42774 2.081387696
13 1 3 100 77230 2.081396559
59 13 3 100 17461 2.081478349
59 12 3 100 20236 2.081609185
32 44 3 100 7163920 2.081621826
63 20 3 100 30799 2.081758421
59 35 3 100 16009 2.081776306
52 44 3 100 5817101 2.081785843
35 48 3 100 18764 2.081830901
5 27 3 100 4107867 2.081833249
54 41 3 100 685813 2.081863176
47 59 3 100 13985296 2.081869013
31 57 3 100 29229 2.081988575
8 6 3 100 69967 2.082131169
48 39 3 100 8105972 2.082218065
10 49 3 100 2801194 2.082349327
57 19 3 100 65713 2.082512982
16 60 3 100 6958 2.082535127
45 32 3 100 171838 2.082558243
6 14 3 100 929314 2.082623285
56 51 3 100 6136788 2.082654892
23 12 3 100 262014 2.082766126
59 5 3 100 191017 2.082836608
52 14 3 100 56302 2.082980287
5 4 3 100 22272 2.082985779
53 1 3 100 6147370 2.082990218
23 26 3 100 2985544 2.083010637
59 60 3 100 5640 2.083033793
4 50 3 100 98948 2.083055187
6 41 3 100 1081668 2.083237517
28 9 3 100 2421689 2.083243317
3 33 3 100 3121487 2.083263038
3 8 3 100 61426 2.083284881
25 0 3 100 4995545 2.083372884
32 18 3 100 185703 2.083374923
43 13 3 100 1481 2.083405866
11 0 3 100 8477 2.083521345
35 18 3 100 1356837 2.083550632
5 62 3 100 125725 2.083594144
4 58 3 100 8175 2.083753700
55 20 3 100 173476 2.083777843
55 48 3 100 3740772 2.083779750
56 3 3 100 4204141 2.083831765
40 6 3 100 69576 2.083832882
43 15 3 100 1946656 2.083983802
62 59 3 100 14222182 2.084034784
54 4 3 100 4605929 2.084232283
9 31 3 100 23217 2.084234953
50 53 3 100 7580 2.084285506
22 12 3 100 497180 2.084307276
46 39 3 100 9639 2.084329898
9 38 3 100 39820 2.084360591
52 36 3 100 2258065 2.084420816
42 14 3 100 9337 2.084492070
49 3 3 100 1027715 2.084810359
6 62 3 100 23757 2.084966250
55 17 3 100 602969 2.085072710
59 52 3 100 992024 2.085123665
0 37 3 100 387085 2.085144038
13 33 3 100 32085 2.085269173
34 62 3 100 186318 2.085270074
35 15 3 100 20812283 2.085397632
12 25 3 100 3811 2.085406513
26 8 3 100 2559076 2.085662141
7 11 3 100 7700127 2.085708515
5 42 3 100 57700 2.085742061
29 47 3 100 332925 2.085750900
13 43 3 100 7535852 2.085790125
62 48 3 100 5897448 2.085853638
28 47 3 100 21029 2.086162946
55 8 3 100 29533 2.086174552
53 29 3 100 53103 2.086281528
32 11 3 100 167579 2.086542871
44 15 3 100 60551 2.086633476
4 44 3 100 8992780 2.086637811
41 55 3 100 8121843 2.086672552
11 59 3 100 3429928 2.086673066
14 32 3 100 2675902 2.086695634
59 16 3 100 221432 2.086756818
56 11 3 100 198443 2.086763998
28 44 3 100 73514 2.086893115
4 18 3 100 1152260 2.086946354
34 57 3 100 54837 2.086969500
63 31 3 100 2382432 2.087292062
45 25 3 100 62277 2.087395562
1 0 3 100 7981 2.087448228
19 32 3 100 49009 2.087548733
27 21 3 100 51198 2.087554094
59 14 3 100 913290 2.087576504
41 45 3 100 105321 2.087593911
56 46 3 100 25266 2.087612538
11 42 3 100 1272360 2.087635074
0 18 3 100 1580658 2.087735352
20 50 3 100 7026 2.087761036
39 55 3 100 1140379 2.087825067
34 63 3 100 1718255 2.087896574
32 30 3 100 2739 2.087982772
7 46 3 100 494 2.088029294
2 58 3 100 1994 2.088109854
63 4 3 100 64155 2.088265556
37 2 3 100 21126 2.088473115
39 48 3 100 168377 2.088485586
10 14 3 100 4632576 2.088562534
47 17 3 100 30291 2.088737776
59 36 3 100 85090 2.088885360
42 13 3 100 191856 2.089063160
49 22 3 100 1389550 2.089310061
3 59 3 100 6306 2.089368740
2 11 3 100 316522 2.089400075
61 22 3 100 102979 2.089535618
33 55 3 100 208629 2.089747219
5 6 3 100 73878 2.089763401
29 30 3 100 25883 2.089920879
0 46 3 100 30435 2.089929286
17 43 3 100 1878557 2.090099762
22 47 3 100 1496366 2.090105075
28 10 3 100 28295 2.090150488
24 38 3 100 21935 2.090229025
20 63 3 100 621102 2.090312071
59 55 3 100 1689193 2.090428365
57 56 3 100 396921 2.090527200
12 30 3 100 28942 2.090564542
38 62 3 100 1632920 2.090589354
58 40 3 100 3605449 2.090594857
19 54 3 100 1649 2.090602217
51 10 3 100 575439 2.090604999
30 3 3 100 1423846 2.091022185
5 13 3 100 28245 2.091103946
58 15 3 100 2678354 2.091162533
57 24 3 100 128910 2.091191861
44 17 3 100 65476 2.091229874
3 60 3 100 3098310 2.091245155
8 37 3 100 24848 2.091260570
31 41 3 100 8597345 2.091315229
47 12 3 100 1094 2.091466092
29 32 3 100 52860 2.091591098
35 32 3 100 1524544 2.091718028
37 54 3 100 7382 2.091802818
32 3 3 100 3921 2.091890436
51 62 3 100 54972 2.092048025
11 41 3 100 23883 2.092088559
12 56 3 100 2803 2.092103491
2 31 3 100 1914149 2.092103986
31 38 3 100 47928 2.092158552
23 41 3 100 20766 2.092164089
14 15 3 100 16486308 2.092231691
51 8 3 100 1912061 2.092285845
34 31 3 100 5176224 2.092321059
0 40 3 100 4257347 2.092371282
20 18 3 100 109643 2.092383507
2 48 3 100 42669 2.092730324
10 45 3 100 4918053 2.092789004
29 23 3 100 72364 2.092789878
60 43 3 100 7407407 2.092805209
50 55 3 100 6069980 2.092841321
14 44 3 100 132149 2.092999849
2 30 3 100 18831 2.093158307
50 58 3 100 4702170 2.093188101
23 53 3 100 19806 2.093252157
60 1 3 100 46442 2.093263688
6 48 3 100 1921375 2.093291532
33 40 3 100 44893 2.093490013
51 41 3 100 4807080 2.093491166
33 12 3 100 5795650 2.093818016
32 2 3 100 1460 2.093876334
3 62 3 100 52784 2.094015315
17 27 3 100 2964 2.094023380
33 52 3 100 423 2.094164396
23 34 3 100 368767 2.094311256
44 50 3 100 71793 2.094336417
22 16 3 100 25719 2.094343405
37 21 3 100 3487862 2.094415313
6 40 3 100 71687 2.094552501
60 41 3 100 2375096 2.094721857
11 38 3 100 199462 2.094814858
51 23 3 100 26153 2.094857247
43 22 3 100 21889727 2.094942162
39 35 3 100 4292532 2.094948860
31 30 3 100 3464 2.094980990
51 49 3 100 2716715 2.095120354
50 60 3 100 1644 2.095195162
14 8 3 100 48338 2.095199897
12 18 3 100 15730 2.095614183
29 34 3 100 8803923 2.095767129
17 18 3 100 1374681 2.096386398
43 7 3 100 26369212 2.096439139
60 19 3 100 24177 2.096627697
60 61 3 100 1869287 2.096973025
35 22 3 100 50390 2.097184201
23 7 3 100 2808 2.097315026
37 63 3 100 18270 2.097818419
6 47 3 100 1917712 2.098032099
20 31 3 100 9872 2.098094829
59 20 3 100 22426301 2.098771121
53 41 3 100 2331777 2.099248669
33 34 3 100 6183253 2.099495092
